demo/0800-wind-surface-level-gfs-1.0.json
{"header": {"productDefinitionTemplate": 0, "surface1Type": 103, "productStatus": 0, "disciplineName": "Meteorological products", "subDivisions": 0, "winds": "true", "parameterNumberName": "V-component_of_wind", "discipline": 0, "surface2Value": 0, "significanceOfRTName": "Start of forecast", "surface2TypeName": "Missing", "surface2Type": 255, "productTypeName": "Forecast products", "dx": 0.024617210030555725, "dy": 0.01798853650689125, "numberPoints": 65160, "productStatusName": "Operational products", "gribEdition": 2, "parameterUnit": "m.s-1", "forecastTime": 0, "refTime": "2020-09-30T06:00:00.000Z", "productType": 1, "genProcessTypeName": "Forecast", "scanMode": 0, "genProcessType": 2, "gribLength": 11338.0, "significanceOfRT": 1, "productDefinitionTemplateName": "Analysis/forecast at horizontal level/layer at a point in time", "centerName": "WRF OUTPUT", "la1": 43.66691207885742, "la2": 42.426788330078125, "lo2": 13.70867919921875, "gridUnits": "degrees", "surface1Value": 10, "shapeName": "Earth spherical with radius of 6,371,229.0 m", "surface1TypeName": "Specified height level above ground", "nx": 70.0, "ny": 70.0, "lo1": 12.008544921875, "basicAngle": 0, "gridDefinitionTemplate": 0, "shape": 6, "parameterNumber": 3, "subcenter": 0, "parameterCategoryName": "Momentum", "parameterCategory": 2, "center": 0, "gridDefinitionTemplateName": "Latitude_Longitude", "resolution": 48}, "data":
[rows 19 to 37 of 70, columns 0 to 41 of 70]
-0.3139244616031647,-0.31620630621910095,-0.3164803385734558,-0.31476521492004395,-0.31105372309684753,-0.3053569197654724,-0.297660768032074,-0.2879679203033447,-0.2762846350669861,-0.2625889778137207,-0.24692411720752716,-0.22953712940216064,-0.210844948887825,-0.19060325622558594,-0.1684781312942505,-0.14430242776870728,-0.11774519085884094,-0.08858989179134369,-0.05657518282532692,-0.021377289667725563,0.017127549275755882,0.060400452464818954,0.11129656434059143,0.16831131279468536,0.22938480973243713,0.2926985025405884,0.3563569188117981,0.4184677004814148,0.47719621658325195,0.5305380821228027,0.5766410827636719,0.614794909954071,0.6492931246757507,0.6805511116981506,0.7084105014801025,0.7327051162719727,0.7532301545143127,0.769835889339447,0.7822852730751038,0.7903721332550049,0.7939489483833313,0.7925430536270142
-0.29625195264816284,-0.3010428547859192,-0.30404597520828247,-0.3052566647529602,-0.3046692907810211,-0.30225586891174316,-0.29800936579704285,-0.2919138967990875,-0.28395846486091614,-0.27413544058799744,-0.262432336807251,-0.2494133710861206,-0.2359580546617508,-0.22157181799411774,-0.20566454529762268,-0.18767879903316498,-0.16705556213855743,-0.14326094090938568,-0.11569930613040924,-0.08386403322219849,-0.04716809466481209,-0.003935434855520725,0.0487939789891243,0.1090540811419487,0.17459043860435486,0.24311581254005432,0.3123414218425751,0.38001465797424316,0.44389426708221436,0.5016866326332092,0.5511385798454285,0.5912361741065979,0.6265835762023926,0.6579378843307495,0.6853230595588684,0.7087788581848145,0.7283667325973511,0.7441165447235107,0.7560461163520813,0.764195442199707,0.7685703635215759,0.7689438462257385
-0.27887293696403503,-0.2861669957637787,-0.29185011982917786,-0.29591038823127747,-0.2983231842517853,-0.29905056953430176,-0.29806986451148987,-0.2953454554080963,-0.2908514440059662,-0.2845737338066101,-0.27647197246551514,-0.26735493540763855,-0.2585248351097107,-0.24925068020820618,-0.23869237303733826,-0.2260528951883316,-0.2105434536933899,-0.19135381281375885,-0.16765031218528748,-0.13869532942771912,-0.10366132110357285,-0.06053043529391289,-0.00634391326457262,0.056599654257297516,0.12565845251083374,0.19846154749393463,0.2723195552825928,0.34468457102775574,0.4129040837287903,0.47460445761680603,0.5271066427230835,0.5692080855369568,0.605796754360199,0.6379068493843079,0.6656900644302368,0.6893086433410645,0.7089447975158691,0.724814236164093,0.7370729446411133,0.7458821535110474,0.7514263391494751,0.7535755634307861
-0.262528657913208,-0.2722550630569458,-0.2805338501930237,-0.28732213377952576,-0.29257819056510925,-0.2962369918823242,-0.2982586622238159,-0.2985948920249939,-0.29720085859298706,-0.2940268814563751,-0.2890426814556122,-0.2832367420196533,-0.27822139859199524,-0.2730744779109955,-0.26681268215179443,-0.25843700766563416,-0.24696163833141327,-0.23140335083007812,-0.21077796816825867,-0.1840769201517105,-0.15036192536354065,-0.10738518089056015,-0.05228538438677788,0.012582356110215187,0.08429151028394699,0.16025066375732422,0.23750194907188416,0.31344538927078247,0.38516613841056824,0.4500422179698944,0.5051620602607727,0.5493196845054626,0.5876773595809937,0.6213668584823608,0.650547981262207,0.6755224466323853,0.6964560747146606,0.7136263847351074,0.7272177934646606,0.7374836206436157,0.7446107864379883,0.748541533946991
-0.247661292552948,-0.25979679822921753,-0.27059751749038696,-0.27997270226478577,-0.2878670394420624,-0.2942069172859192,-0.29892319440841675,-0.3019372820854187,-0.3031891882419586,-0.30261173844337463,-0.3001401126384735,-0.2969137728214264,-0.29471778869628906,-0.29253873229026794,-0.28927934169769287,-0.2838220000267029,-0.27511918544769287,-0.26205313205718994,-0.2434702068567276,-0.21835410594940186,-0.18557335436344147,-0.14283476769924164,-0.0872202217578888,-0.02140607312321663,0.05179375782608986,0.1295187771320343,0.20900189876556396,0.2871802747249603,0.3612849712371826,0.4284524619579315,0.48590168356895447,0.5321425795555115,0.572854220867157,0.6091002821922302,0.6409723162651062,0.6686741709709167,0.6923720836639404,0.7122495174407959,0.7284040451049805,0.7410212159156799,0.7502405643463135,0.7559418678283691
-0.230521097779274,-0.24536900222301483,-0.25891777873039246,-0.2710680663585663,-0.28173455595970154,-0.29081034660339355,-0.2982025444507599,-0.30381765961647034,-0.3075615465641022,-0.30934688448905945,-0.30908694863319397,-0.3079793453216553,-0.3079151511192322,-0.3078315258026123,-0.3066003620624542,-0.3030850887298584,-0.296127587556839,-0.2846030592918396,-0.26735958456993103,-0.24324992299079895,-0.21113398671150208,-0.16870960593223572,-0.11325345933437347,-0.04730651527643204,0.026254801079630852,0.10459443181753159,0.1848432421684265,0.2641676664352417,0.3397059738636017,0.40860357880592346,0.46801307797431946,0.5166988968849182,0.5606595873832703,0.6007786989212036,0.6370185017585754,0.6693487167358398,0.6977298855781555,0.7221176028251648,0.7424523830413818,0.7587074637413025,0.7707897424697876,0.7784129977226257
-0.21001045405864716,-0.22790426015853882,-0.24448497593402863,-0.2596501111984253,-0.27326250076293945,-0.2852210998535156,-0.2953824996948242,-0.30362850427627563,-0.3098345994949341,-0.313898503780365,-0.31569704413414,-0.3164483606815338,-0.3180655241012573,-0.31951141357421875,-0.3196384906768799,-0.3173300325870514,-0.31145498156547546,-0.3008623421192169,-0.28441938757896423,-0.2609770894050598,-0.22939525544643402,-0.1875058263540268,-0.13266758620738983,-0.06738761067390442,0.005573173984885216,0.08348580449819565,0.16346235573291779,0.24297724664211273,0.3191831707954407,0.38931968808174133,0.4506469964981079,0.5020937323570251,0.5502141714096069,0.5955780148506165,0.6378204822540283,0.6765397191047668,0.7114577293395996,0.7421565055847168,0.7682458162307739,0.7893645763397217,0.8050661683082581,0.8148341178894043
-0.18688668310642242,-0.20800049602985382,-0.22783251106739044,-0.24616312980651855,-0.26287806034088135,-0.27778398990631104,-0.29075920581817627,-0.30162760615348816,-0.3102606534957886,-0.3164949417114258,-0.3202004134654999,-0.3225644826889038,-0.3254621922969818,-0.327897846698761,-0.3287905156612396,-0.32706600427627563,-0.32164525985717773,-0.31142282485961914,-0.29533839225769043,-0.27226388454437256,-0.24115397036075592,-0.19984287023544312,-0.14613036811351776,-0.08220123499631882,-0.010683057829737663,0.06576541811227798,0.14475210011005402,0.2235250174999237,0.29971757531166077,0.3705700635910034,0.43370190262794495,0.48824581503868103,0.5412401556968689,0.5929129719734192,0.6424121260643005,0.6890722513198853,0.7319705486297607,0.7704156637191772,0.8034888505935669,0.8304834961891174,0.85044926404953,0.8625533580780029
-0.16175633668899536,-0.1863173246383667,-0.20948746800422668,-0.23108957707881927,-0.2509341537952423,-0.26886147260665894,-0.28463611006736755,-0.29809829592704773,-0.309081107378006,-0.31737664341926575,-0.3228258788585663,-0.32655438780784607,-0.33036625385284424,-0.33332717418670654,-0.3344596326351166,-0.3327704668045044,-0.3272675573825836,-0.3169541358947754,-0.30080628395080566,-0.27785658836364746,-0.24708116054534912,-0.20658019185066223,-0.15425345301628113,-0.09232676029205322,-0.023057561367750168,0.05134393274784088,0.12835156917572021,0.20574736595153809,0.2813282310962677,0.3525683879852295,0.41726985573768616,0.47514599561691284,0.5334599018096924,0.5921647548675537,0.6500328183174133,0.7056112289428711,0.757673978805542,0.8049711585044861,0.8460233211517334,0.879599392414093,0.9043259620666504,0.9188780188560486
-0.13540242612361908,-0.16337791085243225,-0.18994881212711334,-0.2148531824350357,-0.23785461485385895,-0.25874820351600647,-0.2773054838180542,-0.2932981550693512,-0.3065239489078522,-0.3167601525783539,-0.3238007128238678,-0.32867228984832764,-0.33305269479751587,-0.3361339569091797,-0.3370499908924103,-0.33492642641067505,-0.32889145612716675,-0.31806445121765137,-0.30156248807907104,-0.2784976065158844,-0.24797791242599487,-0.20833748579025269,-0.1578456312417984,-0.09832735359668732,-0.031803954392671585,0.039704516530036926,0.11418367922306061,0.18959452211856842,0.2640264630317688,0.335284560918808,0.4014340937137604,0.46256566047668457,0.5265908241271973,0.592919647693634,0.6596837043762207,0.7250048518180847,0.7870289087295532,0.8438257575035095,0.8935291171073914,0.9342767000198364,0.9640911817550659,0.981141984462738
-0.10844916105270386,-0.13984256982803345,-0.16974911093711853,-0.19790714979171753,-0.22402164340019226,-0.24780355393886566,-0.26906201243400574,-0.28749850392341614,-0.3028579354286194,-0.3148946762084961,-0.32335108518600464,-0.32915017008781433,-0.33380943536758423,-0.33665716648101807,-0.3369711637496948,-0.3340238332748413,-0.3270931839942932,-0.31542521715164185,-0.2982870936393738,-0.2749321460723877,-0.2446073591709137,-0.20591555535793304,-0.157501682639122,-0.10076884925365448,-0.037457145750522614,0.03074539639055729,0.10215070098638535,0.17507846653461456,0.2477453649044037,0.3186699450016022,0.386077880859375,0.45049628615379333,0.5203599333763123,0.5945674777030945,0.6705514192581177,0.7460131049156189,0.8183807134628296,0.8851863741874695,0.9439041614532471,0.9920295476913452,1.0270674228668213,1.0465965270996094
-0.0815514326095581,-0.11628489941358566,-0.14940254390239716,-0.18069255352020264,-0.20977458357810974,-0.2363913357257843,-0.26019999384880066,-0.28095000982284546,-0.29829418659210205,-0.3119877874851227,-0.3217158913612366,-0.32822927832603455,-0.3329109251499176,-0.3352302610874176,-0.3346351683139801,-0.3305489122867584,-0.32241734862327576,-0.309641569852829,-0.2916819751262665,-0.26789742708206177,-0.23776426911354065,-0.20010297000408173,-0.1538294404745102,-0.10021622478961945,-0.04045650735497475,0.02397385612130165,0.09191254526376724,0.16195040941238403,0.23268303275108337,0.3029586374759674,0.3712922930717468,0.43886950612068176,0.5144965052604675,0.5964574813842773,0.681865394115448,0.7675291299819946,0.8502309322357178,0.9270984530448914,0.9947941303253174,1.0503844022750854,1.090668797492981,1.1126717329025269
-0.05548674613237381,-0.09325132519006729,-0.12941595911979675,-0.1636258065700531,-0.19555404782295227,-0.2247919887304306,-0.2510185241699219,-0.2739245891571045,-0.29311230778694153,-0.3082779049873352,-0.3191028833389282,-0.3261498808860779,-0.33063212037086487,-0.3321947455406189,-0.330449640750885,-0.32500389218330383,-0.31544846296310425,-0.3014029562473297,-0.28242042660713196,-0.2581407129764557,-0.22812724113464355,-0.19153262674808502,-0.14762738347053528,-0.09723179042339325,-0.04123656824231148,0.019267303869128227,0.08338207751512527,0.15024980902671814,0.21875448524951935,0.28802016377449036,0.3571971654891968,0.4275919795036316,0.5087172389030457,0.5982413291931152,0.6925652027130127,0.7881198525428772,0.8809512853622437,0.9675076603889465,1.0441216230392456,1.1068857908248901,1.1522324085235596,1.1766197681427002
-0.030816778540611267,-0.07136128097772598,-0.11028987169265747,-0.14720597863197327,-0.18168611824512482,-0.2133597880601883,-0.24183669686317444,-0.26667821407318115,-0.2875308394432068,-0.3040134012699127,-0.31574761867523193,-0.32315510511398315,-0.3272610306739807,-0.32789018750190735,-0.3248286545276642,-0.31786277890205383,-0.3067503273487091,-0.2912959158420563,-0.2712591886520386,-0.2464100420475006,-0.21649609506130219,-0.1810368448495865,-0.1394914835691452,-0.09238132834434509,-0.04023446515202522,0.016225498169660568,0.07647141069173813,0.1399158239364624,0.20597372949123383,0.27407222986221313,0.3436339795589447,0.4165809154510498,0.5027442574501038,0.5992786288261414,0.7020161151885986,0.8066902160644531,0.9090124368667603,1.0047247409820557,1.0895140171051025,1.1590828895568848,1.2091771364212036,1.2357629537582397
-0.008311551064252853,-0.05119499936699867,-0.09254322201013565,-0.13184191286563873,-0.1686246693134308,-0.20245784521102905,-0.23288527131080627,-0.25944870710372925,-0.2817695438861847,-0.29938963055610657,-0.3118792176246643,-0.3194826543331146,-0.323078453540802,-0.3226558566093445,-0.31818708777427673,-0.30962589383125305,-0.29691803455352783,-0.2800176739692688,-0.2588767111301422,-0.23343387246131897,-0.20362956821918488,-0.16926506161689758,-0.13003624975681305,-0.08622279018163681,-0.037947893142700195,0.014484808780252934,0.07083768397569656,0.13087975978851318,0.19436554610729218,0.2610802948474884,0.33079400658607483,0.40586525201797485,0.49618375301361084,0.5988900065422058,0.7090916633605957,0.8219935894012451,0.9328044056892395,1.0367149114608765,1.1288951635360718,1.2045756578445435,1.2588598728179932,1.2874387502670288
0.01145939901471138,-0.03340044245123863,-0.07668206840753555,-0.11797479540109634,-0.15666089951992035,-0.1923474222421646,-0.22448813915252686,-0.252549409866333,-0.2761205732822418,-0.29467344284057617,-0.30772656202316284,-0.3153800070285797,-0.3183671236038208,-0.3168471157550812,-0.3109358251094818,-0.30078378319740295,-0.28648823499679565,-0.26816651225090027,-0.24597780406475067,-0.2199784517288208,-0.19029203057289124,-0.15703120827674866,-0.12003692239522934,-0.07931216806173325,-0.034681547433137894,0.013886835426092148,0.06640183180570602,0.12307985126972198,0.18394559621810913,0.24900668859481812,0.3185325562953949,0.39515790343284607,0.4889918863773346,0.5967870354652405,0.7131990194320679,0.8328388929367065,0.9507690668106079,1.0615837574005127,1.1599178314208984,1.2407621145248413,1.2986829280853271,1.3289545774459839
0.027722841128706932,-0.018445773050189018,-0.06319091469049454,-0.10602116584777832,-0.14625698328018188,-0.18339525163173676,-0.21692699193954468,-0.24621404707431793,-0.2707907557487488,-0.29005637764930725,-0.30351394414901733,-0.31108999252319336,-0.3134145736694336,-0.31079643964767456,-0.3035045564174652,-0.2918403446674347,-0.27604344487190247,-0.25643783807754517,-0.2332708239555359,-0.20676931738853455,-0.17727167904376984,-0.144990935921669,-0.1101047694683075,-0.07216794788837433,-0.030930181965231895,0.014001743867993355,0.0630522221326828,0.11645964533090591,0.17472438514232635,0.2380753755569458,0.30695852637290955,0.3844831883907318,0.48078304529190063,0.59229975938797,0.713188111782074,0.8381620049476624,0.9613380432128906,1.0772919654846191,1.1805510520935059,1.2652616500854492,1.3260124921798706,1.357666254043579
0.03992612659931183,-0.006938314996659756,-0.05258556082844734,-0.09637901932001114,-0.13774830102920532,-0.17597520351409912,-0.21049253642559052,-0.24070066213607788,-0.2659991979598999,-0.2857840955257416,-0.29947006702423096,-0.30685627460479736,-0.30850154161453247,-0.30484455823898315,-0.2963041067123413,-0.2832860052585602,-0.2662052512168884,-0.24543260037899017,-0.22142744064331055,-0.19456100463867188,-0.16524748504161835,-0.1339629888534546,-0.1008942723274231,-0.06544169038534164,-0.027132228016853333,0.014652673155069351,0.06049063429236412,0.11095999926328659,0.16665585339069366,0.228244811296463,0.2961755394935608,0.37375813722610474,0.4712800979614258,0.5847353935241699,0.7084951400756836,0.8364482522010803,0.9629452228546143,1.0821805000305176,1.1883448362350464,1.2756202220916748,1.3382445573806763,1.3708620071411133
0.04755392670631409,0.0007552900351583958,-0.045148007571697235,-0.08939369022846222,-0.1312972903251648,-0.17017905414104462,-0.20535987615585327,-0.23616895079612732,-0.2619420289993286,-0.2820199429988861,-0.2957497537136078,-0.3028201460838318,-0.30380603671073914,-0.2992251217365265,-0.2895965874195099,-0.2754516899585724,-0.25728708505630493,-0.2356286346912384,-0.21098262071609497,-0.18387189507484436,-0.15478962659835815,-0.12437228858470917,-0.09282337874174118,-0.059453967958688736,-0.023546919226646423,0.015571486204862595,0.05872911587357521,0.10661382228136063,0.159966841340065,0.21953719854354858,0.28608083724975586,0.3629310727119446,0.460235059261322,0.5738779306411743,0.6979900002479553,0.8266834020614624,0.9540824294090271,1.0742954015731812,1.1814285516738892,1.2695746421813965,1.332848310470581,1.3659710884094238
