demo/0800-wind-surface-level-gfs-1.0.json
{"header": {"productDefinitionTemplate": 0, "surface1Type": 103, "productStatus": 0, "disciplineName": "Meteorological products", "subDivisions": 0, "winds": "true", "parameterNumberName": "U-component_of_wind", "discipline": 0, "surface2Value": 0, "significanceOfRTName": "Start of forecast", "surface2TypeName": "Missing", "surface2Type": 255, "productTypeName": "Forecast products", "dx": 0.024617210030555725, "dy": 0.01798853650689125, "numberPoints": 65160, "productStatusName": "Operational products", "gribEdition": 2, "parameterUnit": "m.s-1", "forecastTime": 0, "refTime": "2020-09-30T06:00:00.000Z", "productType": 1, "genProcessTypeName": "Forecast", "scanMode": 0, "genProcessType": 2, "gribLength": 11338.0, "significanceOfRT": 1, "productDefinitionTemplateName": "Analysis/forecast at horizontal level/layer at a point in time", "centerName": "WRF OUTPUT", "la1": 43.66691207885742, "la2": 42.426788330078125, "lo2": 13.70867919921875, "gridUnits": "degrees", "surface1Value": 10, "shapeName": "Earth spherical with radius of 6,371,229.0 m", "surface1TypeName": "Specified height level above ground", "nx": 70.0, "ny": 70.0, "lo1": 12.008544921875, "basicAngle": 0, "gridDefinitionTemplate": 0, "shape": 6, "parameterNumber": 2, "subcenter": 0, "parameterCategoryName": "Momentum", "parameterCategory": 2, "center": 0, "gridDefinitionTemplateName": "Latitude_Longitude", "resolution": 48}, "data":
[rows 19 to 37 of 70, columns 0 to 41 of 70]
-0.8818055987358093,-0.854134202003479,-0.8229714035987854,-0.7885361313819885,-0.7516335844993591,-0.713056743144989,-0.6737364530563354,-0.634456217288971,-0.5960464477539062,-0.5592924356460571,-0.5251076817512512,-0.4943561851978302,-0.46878781914711,-0.4476884603500366,-0.4294370710849762,-0.41241487860679626,-0.3951168358325958,-0.37590649724006653,-0.35319921374320984,-0.32547280192375183,-0.2911688983440399,-0.24863773584365845,-0.19901981949806213,-0.14374291896820068,-0.08344166725873947,-0.01890447363257408,0.049232516437768936,0.12041108310222626,0.19374270737171173,0.2686131000518799,0.34447774291038513,0.42049288749694824,0.5008270740509033,0.5877096652984619,0.6790428161621094,0.7729480862617493,0.8672571778297424,0.960107684135437,1.0495914220809937,1.133492350578308,1.2099614143371582,1.27707040309906
-0.8823294639587402,-0.8539934158325195,-0.8220837116241455,-0.7867324948310852,-0.7488939166069031,-0.7095203399658203,-0.6695566773414612,-0.6299453973770142,-0.5916327238082886,-0.5555542707443237,-0.522644579410553,-0.49393296241760254,-0.47125983238220215,-0.45372018218040466,-0.439640074968338,-0.42727741599082947,-0.41493749618530273,-0.40090426802635193,-0.3834785521030426,-0.3609680235385895,-0.33167052268981934,-0.2939670979976654,-0.2496844083070755,-0.20048806071281433,-0.14680002629756927,-0.0889853686094284,-0.027268603444099426,0.037980061024427414,0.10643016546964645,0.17765691876411438,0.25148195028305054,0.32758182287216187,0.4100378453731537,0.5009825825691223,0.5978333950042725,0.6984373927116394,0.8005111813545227,0.9017269015312195,0.9997910857200623,1.0924193859100342,1.1773101091384888,1.2521660327911377
-0.8832605481147766,-0.8543961048126221,-0.8217830061912537,-0.7855625748634338,-0.7468013763427734,-0.7066134810447693,-0.665955662727356,-0.6259357929229736,-0.5876049399375916,-0.55201655626297,-0.5202153325080872,-0.49337464570999146,-0.4732776880264282,-0.4589608609676361,-0.4486105442047119,-0.44040989875793457,-0.4325496554374695,-0.423231303691864,-0.41065266728401184,-0.393009215593338,-0.3685012757778168,-0.33542361855506897,-0.2964055836200714,-0.25342342257499695,-0.20642423629760742,-0.15542779862880707,-0.10034293681383133,-0.04118794575333595,0.022055961191654205,0.08939080685377121,0.16087570786476135,0.2364577353000641,0.3205440640449524,0.41462835669517517,0.5163575410842896,0.6229519248008728,0.7319461703300476,0.840664803981781,0.9465727806091309,1.0470855236053467,1.1395076513290405,1.2214819192886353
-0.885253369808197,-0.8560509085655212,-0.8229086995124817,-0.7859193086624146,-0.7463483810424805,-0.7052708864212036,-0.6639041900634766,-0.6234642267227173,-0.5850138664245605,-0.5498061776161194,-0.5189129114151001,-0.4936302602291107,-0.47577330470085144,-0.4641915559768677,-0.45702970027923584,-0.45239096879959106,-0.4484069347381592,-0.44321295619010925,-0.43490806221961975,-0.4216497242450714,-0.4015555679798126,-0.37286433577537537,-0.3390275537967682,-0.3020630180835724,-0.26162824034690857,-0.21743427217006683,-0.1689911037683487,-0.11611784249544144,-0.058236606419086456,0.004874505568295717,0.07352319359779358,0.1482616364955902,0.23334458470344543,0.33001482486724854,0.4356214702129364,0.5471096038818359,0.6619502902030945,0.7771223783493042,0.8896297216415405,0.996981680393219,1.0961486101150513,1.1842198371887207
-0.889064610004425,-0.8598163723945618,-0.826301097869873,-0.7886999845504761,-0.7483804225921631,-0.7065776586532593,-0.6645167469978333,-0.6235681772232056,-0.5849025845527649,-0.5498805642127991,-0.5197162628173828,-0.4957287013530731,-0.4796525239944458,-0.47025266289711,-0.46560490131378174,-0.4638209342956543,-0.46296995878219604,-0.46114054322242737,-0.4564395546913147,-0.44694042205810547,-0.430756151676178,-0.4061354398727417,-0.3771388828754425,-0.34598323702812195,-0.3119524419307709,-0.27431756258010864,-0.23250246047973633,-0.18568339943885803,-0.13339228928089142,-0.07477562874555588,-0.009119750000536442,0.06408307701349258,0.1495198905467987,0.24783048033714294,0.35622090101242065,0.47170668840408325,0.5909275412559509,0.7111921310424805,0.8291274309158325,0.9418779015541077,1.0464589595794678,1.1396114826202393
-0.8943926095962524,-0.8652905821800232,-0.8315783739089966,-0.7935255169868469,-0.7525225877761841,-0.7099531292915344,-0.6672029495239258,-0.6256493926048279,-0.5866663455963135,-0.5516266822814941,-0.5218672156333923,-0.49890175461769104,-0.4841531217098236,-0.4763314425945282,-0.4735203981399536,-0.47381791472435,-0.47531968355178833,-0.4761182367801666,-0.4743054509162903,-0.4679774045944214,-0.4552484452724457,-0.43435293436050415,-0.41005271673202515,-0.3845295011997223,-0.35676318407058716,-0.3257501721382141,-0.2905428409576416,-0.25015854835510254,-0.20352378487586975,-0.1497071236371994,-0.08767879009246826,-0.01635923981666565,0.06848715990781784,0.16753852367401123,0.27767452597618103,0.3955686092376709,0.5180346369743347,0.6419143080711365,0.7640542387962341,0.8809168934822083,0.9895294904708862,1.0865600109100342
-0.8991106152534485,-0.8703278303146362,-0.8363902568817139,-0.7976998686790466,-0.755781352519989,-0.7121996283531189,-0.668359100818634,-0.6258174180984497,-0.5860759019851685,-0.5506347417831421,-0.5209881067276001,-0.4986747205257416,-0.484829843044281,-0.478066623210907,-0.4765080213546753,-0.4783032536506653,-0.48159170150756836,-0.4845135509967804,-0.48520132899284363,-0.4818103313446045,-0.472464382648468,-0.4555078148841858,-0.4363122284412384,-0.41708269715309143,-0.39642030000686646,-0.37301257252693176,-0.3454824686050415,-0.3125239908695221,-0.27270999550819397,-0.22476720809936523,-0.167313814163208,-0.09888753294944763,-0.015374181792140007,0.08362221717834473,0.19452041387557983,0.3141987919807434,0.43918082118034363,0.5659814476966858,0.6912559866905212,0.8116061687469482,0.9236479997634888,1.0239369869232178
-0.9031866192817688,-0.8747902512550354,-0.8405812978744507,-0.8011239171028137,-0.7581367492675781,-0.7131723761558533,-0.6679335832595825,-0.6241236329078674,-0.5832768678665161,-0.5471283197402954,-0.5172280073165894,-0.4952624440193176,-0.4819508492946625,-0.47576576471328735,-0.4749540686607361,-0.47772473096847534,-0.4823077321052551,-0.48691970109939575,-0.4897773563861847,-0.4891100823879242,-0.4831329882144928,-0.4702976942062378,-0.4566035270690918,-0.44424641132354736,-0.43147945404052734,-0.41651400923728943,-0.3976314663887024,-0.3731103241443634,-0.3411574959754944,-0.30002152919769287,-0.248051255941391,-0.18337422609329224,-0.10184016078710556,-0.003845784580335021,0.1074272096157074,0.22819854319095612,0.3548106551170349,0.48393478989601135,0.6118482351303101,0.7349026799201965,0.8497667908668518,0.95274817943573
-0.9066340923309326,-0.8786389231681824,-0.8441697955131531,-0.8038474917411804,-0.7595870494842529,-0.7131482362747192,-0.6662758588790894,-0.6208849549293518,-0.5786603093147278,-0.5414953231811523,-0.5111192464828491,-0.48925289511680603,-0.47613316774368286,-0.4701443910598755,-0.46963098645210266,-0.4729260206222534,-0.4783725440502167,-0.48428574204444885,-0.48901739716529846,-0.4908839464187622,-0.48822271823883057,-0.47961482405662537,-0.47176462411880493,-0.4667610228061676,-0.46243926882743835,-0.45661449432373047,-0.447151780128479,-0.4318448603153229,-0.4085344672203064,-0.3750768303871155,-0.32927805185317993,-0.2689683139324188,-0.19016535580158234,-0.09358162432909012,0.017203183844685555,0.13831663131713867,0.2660248279571533,0.39682257175445557,0.5266579389572144,0.652083158493042,0.769116222858429,0.8742961883544922
-0.9095064997673035,-0.8819589614868164,-0.8471742272377014,-0.8059243559837341,-0.7602865099906921,-0.7121824622154236,-0.6635745167732239,-0.6164210438728333,-0.5726751685142517,-0.5342839360237122,-0.5031602382659912,-0.4812205731868744,-0.4680212140083313,-0.4618966579437256,-0.4613170623779297,-0.4647621512413025,-0.47068777680397034,-0.4775829017162323,-0.48390570282936096,-0.48813074827194214,-0.4887240529060364,-0.48441749811172485,-0.4826107919216156,-0.4852950870990753,-0.4898530840873718,-0.4936712384223938,-0.4941272735595703,-0.4886491596698761,-0.47459569573402405,-0.44939959049224854,-0.4104260504245758,-0.3549545407295227,-0.2794380784034729,-0.1849183440208435,-0.07522836327552795,0.04564513638615608,0.17401784658432007,0.30574461817741394,0.4370017945766449,0.5640271306037903,0.6828274726867676,0.7897255420684814
-0.9117526412010193,-0.8846766948699951,-0.8495630025863647,-0.8074624538421631,-0.7604025602340698,-0.7105655670166016,-0.6600745916366577,-0.6110550761222839,-0.5656194090843201,-0.5258810520172119,-0.49395033717155457,-0.47176119685173035,-0.45827221870422363,-0.4517344534397125,-0.4507874548435211,-0.454056978225708,-0.46017348766326904,-0.4677487015724182,-0.47544166445732117,-0.4818499982357025,-0.48560991883277893,-0.4856318533420563,-0.48997896909713745,-0.5005289316177368,-0.514222264289856,-0.5279953479766846,-0.5387539863586426,-0.5434620976448059,-0.5390923023223877,-0.5225554704666138,-0.49077099561691284,-0.4406633675098419,-0.36883893609046936,-0.2768482267856598,-0.16874651610851288,-0.04862778261303902,0.0795375406742096,0.21180391311645508,0.3439863920211792,0.47214439511299133,0.5920578837394714,0.7001679539680481
-0.9134572744369507,-0.8868761658668518,-0.8514551520347595,-0.8084080219268799,-0.7599244713783264,-0.7083459496498108,-0.6560246348381042,-0.6051081418991089,-0.5579450726509094,-0.516805112361908,-0.48398539423942566,-0.4614463150501251,-0.44750577211380005,-0.44036468863487244,-0.4388132095336914,-0.4416741132736206,-0.44771796464920044,-0.45576828718185425,-0.4646192491054535,-0.4730440676212311,-0.47986140847206116,-0.4841808080673218,-0.49471157789230347,-0.513174295425415,-0.5360779166221619,-0.5599152445793152,-0.5811212658882141,-0.5962160229682922,-0.6016801595687866,-0.5940539836883545,-0.5698010921478271,-0.5253205299377441,-0.45753005146980286,-0.36851805448532104,-0.26264792680740356,-0.14377650618553162,-0.016100887209177017,0.1160227507352829,0.24842368066310883,0.37726807594299316,0.49828800559043884,0.6070958971977234
-0.9145714044570923,-0.8884837031364441,-0.8528202176094055,-0.808872640132904,-0.7590205669403076,-0.7058287262916565,-0.6516047716140747,-0.5989149212837219,-0.5500478148460388,-0.5075694918632507,-0.4738125801086426,-0.45086589455604553,-0.4363936483860016,-0.42849671840667725,-0.4261895716190338,-0.4284515380859375,-0.43425607681274414,-0.4425940215587616,-0.4524102509021759,-0.46272432804107666,-0.4724651873111725,-0.4809972047805786,-0.49761417508125305,-0.5239465236663818,-0.5559542775154114,-0.5897288918495178,-0.6213586926460266,-0.6468089818954468,-0.662161111831665,-0.6634449362754822,-0.6467729210853577,-0.6081634759902954,-0.5446734428405762,-0.45911461114883423,-0.3555813431739807,-0.23854942619800568,-0.1120482012629509,0.01940014958381653,0.15185071527957916,0.2808173894882202,0.4022142291069031,0.5115898847579956
-0.9151412844657898,-0.8895821571350098,-0.8536811470985413,-0.8089144229888916,-0.7578701376914978,-0.7030588388442993,-0.6471991539001465,-0.5927912592887878,-0.5424063205718994,-0.4986113905906677,-0.4639294147491455,-0.4406101107597351,-0.42554059624671936,-0.4168461561203003,-0.4136919379234314,-0.41525307297706604,-0.4206870496273041,-0.42915335297584534,-0.43983784317970276,-0.45186546444892883,-0.4644011855125427,-0.4769895076751709,-0.4995213747024536,-0.5334739089012146,-0.5743684768676758,-0.6178594827651978,-0.6595766544342041,-0.6951700448989868,-0.7202039957046509,-0.7303402423858643,-0.721206784248352,-0.6884077191352844,-0.6293783187866211,-0.5475046038627625,-0.4469144344329834,-0.3319222331047058,-0.2071511149406433,-0.07671269029378891,0.055013176053762436,0.183887779712677,0.30521515011787415,0.4149952232837677
-0.9152069687843323,-0.890140175819397,-0.8540593981742859,-0.8085939884185791,-0.7564563155174255,-0.7003551721572876,-0.64299476146698,-0.5870770215988159,-0.5353029370307922,-0.4903631806373596,-0.4549510180950165,-0.43127012252807617,-0.41562432050704956,-0.40611690282821655,-0.4020935595035553,-0.4029131233692169,-0.4079176187515259,-0.41645073890686035,-0.42785921692848206,-0.441479355096817,-0.45664384961128235,-0.4731115698814392,-0.5013039708137512,-0.5424721837043762,-0.5918161869049072,-0.6445801854133606,-0.6959702372550964,-0.7412149906158447,-0.7755308151245117,-0.7941942811012268,-0.7924056053161621,-0.7653949856758118,-0.710931658744812,-0.6328606009483337,-0.5354246497154236,-0.42313987016677856,-0.3003379702568054,-0.17137804627418518,-0.04065224900841713,0.08735058456659317,0.20849023759365082,0.3183303475379944
-0.9147279262542725,-0.890123724937439,-0.8539801836013794,-0.8079728484153748,-0.7549599409103394,-0.6977580785751343,-0.6392517685890198,-0.582106351852417,-0.5292012095451355,-0.4833447337150574,-0.44737640023231506,-0.4234383702278137,-0.4072861969470978,-0.397034227848053,-0.39219120144844055,-0.39229515194892883,-0.39686739444732666,-0.4054241180419922,-0.41748425364494324,-0.4325644075870514,-0.45018091797828674,-0.4702751636505127,-0.5037053823471069,-0.5516177415847778,-0.6088284850120544,-0.6702274084091187,-0.7305527329444885,-0.7848390936851501,-0.8278738856315613,-0.8545851707458496,-0.8597740530967712,-0.8383052349090576,-0.7884222865104675,-0.7142562866210938,-0.6202609539031982,-0.5109963417053223,-0.39055877923965454,-0.2635136544704437,-0.1342373937368393,-0.007312523201107979,0.11327815800905228,0.2229197919368744
-0.9137433171272278,-0.8896154165267944,-0.8534148931503296,-0.8071147799491882,-0.7534989714622498,-0.6955950856208801,-0.6361546516418457,-0.5782122015953064,-0.5245810151100159,-0.47809332609176636,-0.4417477250099182,-0.417694628238678,-0.40118303894996643,-0.3902990520000458,-0.3847601115703583,-0.38425034284591675,-0.38845720887184143,-0.3970438539981842,-0.40971940755844116,-0.42612454295158386,-0.44597920775413513,-0.46936917304992676,-0.5076436400413513,-0.5616125464439392,-0.6259407997131348,-0.6950059533119202,-0.7635718584060669,-0.8259882926940918,-0.8769618272781372,-0.9109586477279663,-0.9226132035255432,-0.9064701795578003,-0.8610115647315979,-0.7908650636672974,-0.7005771398544312,-0.5943390130996704,-0.4767829477787018,-0.35203760862350464,-0.22474825382232666,-0.09896774590015411,0.020636145025491714,0.13000541925430298
-0.9122876524925232,-0.8885836005210876,-0.8524928689002991,-0.8060843348503113,-0.752265989780426,-0.693983793258667,-0.6341077089309692,-0.575734555721283,-0.5217322111129761,-0.47504445910453796,-0.43857529759407043,-0.41464293003082275,-0.3979414403438568,-0.38663825392723083,-0.38059648871421814,-0.379634827375412,-0.3835810124874115,-0.3922770619392395,-0.4055255055427551,-0.423157662153244,-0.44502538442611694,-0.4713780879974365,-0.5138334035873413,-0.5731123089790344,-0.6436224579811096,-0.7194538116455078,-0.7950074672698975,-0.8646575212478638,-0.9225100874900818,-0.9629862308502197,-0.9803959727287292,-0.9690001606941223,-0.9277936816215515,-0.8617457151412964,-0.7751388549804688,-0.6724721789360046,-0.557976245880127,-0.43585091829299927,-0.31070175766944885,-0.18666912615299225,-0.06816024333238602,0.04078802466392517
-0.9103225469589233,-0.886995255947113,-0.8511880040168762,-0.8049476146697998,-0.7512409687042236,-0.6930367946624756,-0.633303701877594,-0.5750110149383545,-0.5211288928985596,-0.4746270179748535,-0.438477486371994,-0.4148712754249573,-0.39822739362716675,-0.38677865266799927,-0.38048529624938965,-0.3793007731437683,-0.3831770122051239,-0.3920648992061615,-0.4059099853038788,-0.42466169595718384,-0.4482598900794983,-0.47715187072753906,-0.5231459736824036,-0.5869262218475342,-0.6624168157577515,-0.7437819838523865,-0.8251374363899231,-0.900584876537323,-0.9642245173454285,-1.010143756866455,-1.0324970483779907,-1.0253785848617554,-0.988072395324707,-0.9259664416313171,-0.8432361483573914,-0.744204580783844,-0.6330844759941101,-0.5140745639801025,-0.39124035835266113,-0.2691361904144287,-0.15185049176216125,-0.04346006363630295
