demo/0800-wind-surface-level-gfs-1.0.json
{"header": {"productDefinitionTemplate": 0, "surface1Type": 103, "productStatus": 0, "disciplineName": "Meteorological products", "subDivisions": 0, "winds": "true", "parameterNumberName": "U-component_of_wind", "discipline": 0, "surface2Value": 0, "significanceOfRTName": "Start of forecast", "surface2TypeName": "Missing", "surface2Type": 255, "productTypeName": "Forecast products", "dx": 0.024617210030555725, "dy": 0.01798853650689125, "numberPoints": 65160, "productStatusName": "Operational products", "gribEdition": 2, "parameterUnit": "m.s-1", "forecastTime": 0, "refTime": "2020-09-30T06:00:00.000Z", "productType": 1, "genProcessTypeName": "Forecast", "scanMode": 0, "genProcessType": 2, "gribLength": 11338.0, "significanceOfRT": 1, "productDefinitionTemplateName": "Analysis/forecast at horizontal level/layer at a point in time", "centerName": "WRF OUTPUT", "la1": 43.66691207885742, "la2": 42.426788330078125, "lo2": 13.70867919921875, "gridUnits": "degrees", "surface1Value": 10, "shapeName": "Earth spherical with radius of 6,371,229.0 m", "surface1TypeName": "Specified height level above ground", "nx": 70.0, "ny": 70.0, "lo1": 12.008544921875, "basicAngle": 0, "gridDefinitionTemplate": 0, "shape": 6, "parameterNumber": 2, "subcenter": 0, "parameterCategoryName": "Momentum", "parameterCategory": 2, "center": 0, "gridDefinitionTemplateName": "Latitude_Longitude", "resolution": 48}, "data":
[rows 0 to 18 of 70, columns 0 to 41 of 70]
-0.18901850283145905,-0.1257280558347702,-0.05629993975162506,0.01866268552839756,0.09777776151895523,0.18009313941001892,0.26423582434654236,0.34904104471206665,0.43330568075180054,0.5156676769256592,0.5950031876564026,0.6701523065567017,0.7458721399307251,0.8239802122116089,0.9027995467185974,0.9807232022285461,1.0559998750686646,1.126999020576477,1.1919952630996704,1.2492669820785522,1.2972561120986938,1.3342770338058472,1.3583279848098755,1.370607852935791,1.373249888420105,1.3684439659118652,1.3583869934082031,1.3452723026275635,1.3313217163085938,1.3187180757522583,1.3096965551376343,1.3064416646957397,1.3057701587677002,1.304322361946106,1.3026623725891113,1.3013709783554077,1.3010121583938599,1.3021527528762817,1.3053594827651978,1.3111956119537354,1.3202180862426758,1.3329944610595703
-0.26130154728889465,-0.20210184156894684,-0.13680483400821686,-0.06627895683050156,0.008399914018809795,0.08626880496740341,0.16614070534706116,0.24683678150177002,0.32740455865859985,0.4066585302352905,0.483542263507843,0.5570340156555176,0.6314043402671814,0.7084559202194214,0.7864590883255005,0.8638787865638733,0.9393116235733032,1.011121153831482,1.077765941619873,1.1377930641174316,1.1895575523376465,1.2314847707748413,1.2627848386764526,1.2844244241714478,1.298018455505371,1.3052473068237305,1.307701826095581,1.3070647716522217,1.304954171180725,1.3030260801315308,1.302911639213562,1.3062454462051392,1.3102866411209106,1.3123801946640015,1.3131927251815796,1.313376545906067,1.3135902881622314,1.3144843578338623,1.3167150020599365,1.320927619934082,1.3277703523635864,1.3379045724868774
-0.3325812816619873,-0.27773773670196533,-0.21714839339256287,-0.1514659821987152,-0.08181267976760864,-0.009003316052258015,0.0660213902592659,0.14213664829730988,0.2186063677072525,0.29425689578056335,0.3681863248348236,0.4395694136619568,0.5123043060302734,0.5877536535263062,0.664456844329834,0.7410180568695068,0.8162522912025452,0.8885692358016968,0.9568144083023071,1.0192854404449463,1.0748860836029053,1.1220883131027222,1.1608420610427856,1.192336916923523,1.2175228595733643,1.2375452518463135,1.2533857822418213,1.26606285572052,1.2766090631484985,1.2860682010650635,1.295502781867981,1.3059128522872925,1.315077781677246,1.3211054801940918,1.3247424364089966,1.3267182111740112,1.3277497291564941,1.3285822868347168,1.3299204111099243,1.3325083255767822,1.337059497833252,1.3443045616149902
-0.4022486209869385,-0.3519730269908905,-0.2961272895336151,-0.2356565296649933,-0.17126034200191498,-0.10375917702913284,-0.03404614329338074,0.037185296416282654,0.10903145372867584,0.18084795773029327,0.2515663802623749,0.32060128450393677,0.3912450969219208,0.46469801664352417,0.5397264361381531,0.6153192520141602,0.6898955702781677,0.7624717354774475,0.8318125009536743,0.896685004234314,0.9559785723686218,1.0083149671554565,1.0546298027038574,1.0961577892303467,1.13327157497406,1.1664084196090698,1.1959729194641113,1.2222923040390015,1.2458817958831787,1.2671092748641968,1.2864030599594116,1.3041936159133911,1.3187371492385864,1.3290038108825684,1.3357805013656616,1.3398529291152954,1.3420076370239258,1.3430250883102417,1.3437052965164185,1.3448103666305542,1.3471382856369019,1.3514702320098877
-0.46931591629981995,-0.42368248105049133,-0.3727676272392273,-0.3175126612186432,-0.25852668285369873,-0.19646891951560974,-0.13198284804821014,-0.06592234969139099,0.001323418109677732,0.06893500685691833,0.13620607554912567,0.202670618891716,0.2711229920387268,0.3423110842704773,0.41548869013786316,0.4894479513168335,0.56313157081604,0.6356984376907349,0.7059075236320496,0.7728672623634338,0.8354538083076477,0.8928518891334534,0.9465506076812744,0.997952401638031,1.0467712879180908,1.092853307723999,1.1359535455703735,1.1758825778961182,1.2124282121658325,1.2454032897949219,1.2745871543884277,1.2997862100601196,1.3198599815368652,1.3345787525177002,1.3447705507278442,1.3512580394744873,1.3548723459243774,1.356429100036621,1.3567618131637573,1.3566954135894775,1.3570551872253418,1.358660340309143
-0.5331350564956665,-0.49194690585136414,-0.44591331481933594,-0.39575913548469543,-0.34212055802345276,-0.2853710353374481,-0.22615443170070648,-0.16508251428604126,-0.10243982821702957,-0.03893982991576195,0.024817464873194695,0.0885733887553215,0.15450900793075562,0.22341632843017578,0.2942461371421814,0.36642739176750183,0.4389824867248535,0.511008083820343,0.581838846206665,0.6505475640296936,0.7161425352096558,0.7781406044960022,0.8388122916221619,0.8995490670204163,0.9594504833221436,1.0179316997528076,1.0740025043487549,1.1269004344940186,1.175930142402649,1.2202091217041016,1.2589430809020996,1.2914209365844727,1.317039966583252,1.3363443613052368,1.3501715660095215,1.359398603439331,1.364852786064148,1.3673772811889648,1.367826223373413,1.3670390844345093,1.3658645153045654,1.3651493787765503
-0.5929163098335266,-0.5559649467468262,-0.51442950963974,-0.46904632449150085,-0.4203597605228424,-0.36861953139305115,-0.31442075967788696,-0.25799015164375305,-0.19981251657009125,-0.14038971066474915,-0.07990239560604095,-0.018989944830536842,0.04447464272379875,0.11069748550653458,0.17925211787223816,0.24934330582618713,0.32035160064697266,0.39168471097946167,0.462540864944458,0.5325142741203308,0.6006877422332764,0.6667032837867737,0.7335680723190308,0.8027909398078918,0.8729174733161926,0.9426178336143494,1.0105260610580444,1.0754932165145874,1.1359672546386719,1.1907734870910645,1.2384899854660034,1.2778488397598267,1.3088696002960205,1.3327782154083252,1.3504689931869507,1.3627400398254395,1.3704649209976196,1.3744642734527588,1.3755950927734375,1.3746967315673828,1.3726117610931396,1.370194911956787
-0.6478913426399231,-0.614661455154419,-0.5771180391311646,-0.536054253578186,-0.49181681871414185,-0.4446180760860443,-0.39481306076049805,-0.34265846014022827,-0.2885540723800659,-0.23274442553520203,-0.17553822696208954,-0.11718958616256714,-0.05634872615337372,0.007220902480185032,0.0732048973441124,0.14102725684642792,0.21025770902633667,0.2804200053215027,0.35107511281967163,0.42161282896995544,0.4917468726634979,0.5609604716300964,0.6332167387008667,0.7096287608146667,0.7884281873703003,0.8678966760635376,0.9462862610816956,1.0216096639633179,1.092227816581726,1.1563022136688232,1.2121469974517822,1.2578219175338745,1.2939378023147583,1.3224278688430786,1.3440933227539062,1.3597630262374878,1.3702142238616943,1.3762812614440918,1.3787815570831299,1.3785303831100464,1.3763469457626343,1.3730509281158447
-0.697231650352478,-0.6671977639198303,-0.6330000162124634,-0.5955045819282532,-0.5549334287643433,-0.511484682559967,-0.46539387106895447,-0.4169010818004608,-0.3662664294242859,-0.31362998485565186,-0.2592656910419464,-0.20344899594783783,-0.145181804895401,-0.08425860852003098,-0.02096058800816536,0.044489119201898575,0.11160171031951904,0.1802692711353302,0.25003623962402344,0.3207050859928131,0.3919810950756073,0.4635801911354065,0.5398410558700562,0.6219279766082764,0.7076361775398254,0.7949178814888,0.8815547227859497,0.965388834476471,1.0443116426467896,1.1161493062973022,1.1787607669830322,1.2299911975860596,1.2708500623703003,1.3037842512130737,1.3295531272888184,1.3489078283309937,1.3626124858856201,1.3714245557785034,1.376096248626709,1.3774038553237915,1.3761084079742432,1.3729767799377441
-0.7401713728904724,-0.7124985456466675,-0.6808379888534546,-0.6460038423538208,-0.6081308722496033,-0.5675328969955444,-0.5242342352867126,-0.47849905490875244,-0.4305737316608429,-0.38050416111946106,-0.3285972476005554,-0.27492135763168335,-0.21905821561813354,-0.1606946736574173,-0.100054070353508,-0.037327442318201065,0.02751263603568077,0.09423522651195526,0.16264952719211578,0.23259666562080383,0.30407729744911194,0.37699905037879944,0.4558398127555847,0.5415548086166382,0.6319690346717834,0.7246226668357849,0.8170958757400513,0.9069309234619141,0.9918720126152039,1.0695136785507202,1.1374037265777588,1.193115472793579,1.2381951808929443,1.2753452062606812,1.3053007125854492,1.3286638259887695,1.3461732864379883,1.3584775924682617,1.3662517070770264,1.3701788187026978,1.3709412813186646,1.3692281246185303
-0.7760639190673828,-0.7499473094940186,-0.7198633551597595,-0.6867381930351257,-0.6506285667419434,-0.6117117404937744,-0.5702893137931824,-0.5263912081718445,-0.48033004999160767,-0.4321557283401489,-0.3821941316127777,-0.33046576380729675,-0.2768397033214569,-0.22103674709796906,-0.16318823397159576,-0.10313776880502701,-0.041041016578674316,0.023255765438079834,0.08962889015674591,0.1582474708557129,0.22886009514331818,0.30186352133750916,0.3815111517906189,0.46896857023239136,0.5615350604057312,0.6569158434867859,0.7523896098136902,0.8456979990005493,0.9341743588447571,1.0154333114624023,1.0868721008300781,1.1461378335952759,1.1948001384735107,1.2360187768936157,1.2702640295028687,1.2981189489364624,1.3201162815093994,1.3368486166000366,1.3488234281539917,1.3566393852233887,1.3608453273773193,1.3620103597640991
-0.8052834868431091,-0.7801041007041931,-0.7511515617370605,-0.7191280722618103,-0.6842179298400879,-0.6465957164764404,-0.6064479947090149,-0.5640448331832886,-0.5195356011390686,-0.47314631938934326,-0.42504414916038513,-0.3753626048564911,-0.3242638111114502,-0.271515816450119,-0.21694336831569672,-0.16031160950660706,-0.10159416496753693,-0.04058592766523361,0.022912882268428802,0.08912206441164017,0.15802882611751556,0.2300274521112442,0.30951377749443054,0.3970447778701782,0.49018293619155884,0.5864119529724121,0.6834243535995483,0.7783985733985901,0.8689785599708557,0.9526134729385376,1.0269510746002197,1.0892901420593262,1.1416823863983154,1.1873536109924316,1.226698875427246,1.2599929571151733,1.2877216339111328,1.310221791267395,1.327883005142212,1.341091513633728,1.3502591848373413,1.3557696342468262
-0.8284764885902405,-0.8038620948791504,-0.7755692005157471,-0.7442123293876648,-0.7100353240966797,-0.6732513904571533,-0.6341150999069214,-0.5928611159324646,-0.5497288703918457,-0.5049228668212891,-0.4587150812149048,-0.41129767894744873,-0.36302173137664795,-0.31368669867515564,-0.26290085911750793,-0.21038340032100677,-0.15574954450130463,-0.09872705489397049,-0.03890145197510719,0.023990970104932785,0.09032309055328369,0.1605198085308075,0.23859372735023499,0.32505446672439575,0.417385071516037,0.5132182240486145,0.6100293397903442,0.7054333686828613,0.7969805598258972,0.8821718096733093,0.9585863947868347,1.0237382650375366,1.080024242401123,1.1305943727493286,1.1756854057312012,1.2153838872909546,1.2499014139175415,1.2793865203857422,1.304012656211853,1.3239593505859375,1.339396357536316,1.3505024909973145
-0.8463643789291382,-0.8219110369682312,-0.7939274311065674,-0.7628419995307922,-0.7290065288543701,-0.6927472352981567,-0.6542642712593079,-0.6139020919799805,-0.5719212889671326,-0.5286741852760315,-0.4843297302722931,-0.4392574727535248,-0.39402660727500916,-0.3484559655189514,-0.30192115902900696,-0.2539404630661011,-0.20398084819316864,-0.15153920650482178,-0.09615593403577805,-0.03720171004533768,0.025839418172836304,0.09347455948591232,0.16923409700393677,0.25345510244369507,0.34377530217170715,0.4378582239151001,0.533362627029419,0.6278457045555115,0.7192482352256775,0.8051063418388367,0.8830559849739075,0.9507694840431213,1.0109373331069946,1.066769003868103,1.1181105375289917,1.1649481058120728,1.2070785760879517,1.2445513010025024,1.2772071361541748,1.3049662113189697,1.327751636505127,1.345457673072815
-0.8596537709236145,-0.8350810408592224,-0.8070337772369385,-0.7759039998054504,-0.7421280145645142,-0.7059794068336487,-0.667908787727356,-0.6281725764274597,-0.5872296094894409,-0.5453075766563416,-0.5028749108314514,-0.4602043032646179,-0.41819635033607483,-0.3766048550605774,-0.33461156487464905,-0.29157739877700806,-0.24674248695373535,-0.1994461864233017,-0.1489073783159256,-0.09452507644891739,-0.03547142446041107,0.028892988339066505,0.10168995708227158,0.1826602667570114,0.2698650062084198,0.36098477244377136,0.4540013074874878,0.5467371344566345,0.6369355916976929,0.7226163744926453,0.8014051914215088,0.8714697957038879,0.9354780912399292,0.9967072010040283,1.054717779159546,1.109183669090271,1.1596405506134033,1.2058467864990234,1.2473316192626953,1.2837213277816772,1.3147135972976685,1.3398665189743042
-0.8690696954727173,-0.8441122770309448,-0.8157033324241638,-0.7842764854431152,-0.7502321600914001,-0.714012086391449,-0.6760051846504211,-0.6367349028587341,-0.5965832471847534,-0.5559363961219788,-0.5153126120567322,-0.47514405846595764,-0.436507910490036,-0.39900651574134827,-0.36180076003074646,-0.3239450454711914,-0.2845025062561035,-0.24267549812793732,-0.19749715924263,-0.1480569988489151,-0.09344355016946793,-0.032800570130348206,0.03617595136165619,0.11324331164360046,0.19629156589508057,0.2835015654563904,0.372961163520813,0.46281227469444275,0.5510234236717224,0.6356804370880127,0.715035617351532,0.7869908809661865,0.8547461628913879,0.921504557132721,0.9863753914833069,1.0487574338912964,1.1080543994903564,1.1634451150894165,1.2142882347106934,1.259947419166565,1.2997639179229736,1.3329623937606812
-0.8752637505531311,-0.8497298359870911,-0.8208258748054504,-0.7888379693031311,-0.7542939186096191,-0.7177236676216125,-0.6796526312828064,-0.6406027674674988,-0.6010932326316833,-0.5616421699523926,-0.5227677226066589,-0.48503780364990234,-0.44977667927742004,-0.416515052318573,-0.38416507840156555,-0.3516238033771515,-0.31779778003692627,-0.28163525462150574,-0.2420034259557724,-0.19781313836574554,-0.1480666995048523,-0.09159848839044571,-0.026860713958740234,0.045401424169540405,0.12356945872306824,0.20606303215026855,0.29117730259895325,0.37724411487579346,0.46268734335899353,0.5458046793937683,0.6248698830604553,0.6984460353851318,0.7698090076446533,0.8419270515441895,0.9137493371963501,0.9843820929527283,1.052611231803894,1.1175023317337036,1.1781078577041626,1.2333852052688599,1.2823591232299805,1.3239928483963013
-0.8789721131324768,-0.8527788519859314,-0.8231971859931946,-0.7904776334762573,-0.7552496790885925,-0.7181878685951233,-0.6798229813575745,-0.6408213973045349,-0.6018010973930359,-0.5633779168128967,-0.5262104868888855,-0.49088871479034424,-0.4589717388153076,-0.4298926591873169,-0.4023851156234741,-0.3752003312110901,-0.347006231546402,-0.31657645106315613,-0.28265106678009033,-0.2439633309841156,-0.19932357966899872,-0.14734293520450592,-0.08735079318284988,-0.020328938961029053,0.05235302820801735,0.1293928474187851,0.20929710566997528,0.290984183549881,0.3729391396045685,0.45387011766433716,0.5323926210403442,0.6071579456329346,0.6818264126777649,0.7591742873191833,0.8378585577011108,0.916467547416687,0.9937090873718262,1.0681480169296265,1.138571858406067,1.2036314010620117,1.2619439363479614,1.3121845722198486
-0.880935788154602,-0.8539652824401855,-0.8236479759216309,-0.7900809049606323,-0.7540804147720337,-0.7162900567054749,-0.6774821877479553,-0.6384279727935791,-0.5997554063796997,-0.5622777342796326,-0.5266216397285461,-0.4936673641204834,-0.465002179145813,-0.4400286376476288,-0.4172476530075073,-0.3952496349811554,-0.37262165546417236,-0.34789836406707764,-0.31967222690582275,-0.2865200936794281,-0.24700547754764557,-0.19970573484897614,-0.1447705775499344,-0.08354011178016663,-0.01685449853539467,0.05409377068281174,0.12844182550907135,0.20502007007598877,0.28292232751846313,0.3611060082912445,0.43843916058540344,0.5141308307647705,0.591791570186615,0.6741499900817871,0.7593989372253418,0.8457755446434021,0.931795060634613,1.0156348943710327,1.0957918167114258,1.1704943180084229,1.2379956245422363,1.296800971031189
