demo/0800-wind-surface-level-gfs-1.0.json
{"header": {"productDefinitionTemplate": 0, "surface1Type": 103, "productStatus": 0, "disciplineName": "Meteorological products", "subDivisions": 0, "winds": "true", "parameterNumberName": "V-component_of_wind", "discipline": 0, "surface2Value": 0, "significanceOfRTName": "Start of forecast", "surface2TypeName": "Missing", "surface2Type": 255, "productTypeName": "Forecast products", "dx": 0.024617210030555725, "dy": 0.01798853650689125, "numberPoints": 65160, "productStatusName": "Operational products", "gribEdition": 2, "parameterUnit": "m.s-1", "forecastTime": 0, "refTime": "2020-09-30T06:00:00.000Z", "productType": 1, "genProcessTypeName": "Forecast", "scanMode": 0, "genProcessType": 2, "gribLength": 11338.0, "significanceOfRT": 1, "productDefinitionTemplateName": "Analysis/forecast at horizontal level/layer at a point in time", "centerName": "WRF OUTPUT", "la1": 43.66691207885742, "la2": 42.426788330078125, "lo2": 13.70867919921875, "gridUnits": "degrees", "surface1Value": 10, "shapeName": "Earth spherical with radius of 6,371,229.0 m", "surface1TypeName": "Specified height level above ground", "nx": 70.0, "ny": 70.0, "lo1": 12.008544921875, "basicAngle": 0, "gridDefinitionTemplate": 0, "shape": 6, "parameterNumber": 3, "subcenter": 0, "parameterCategoryName": "Momentum", "parameterCategory": 2, "center": 0, "gridDefinitionTemplateName": "Latitude_Longitude", "resolution": 48}, "data":
[rows 0 to 18 of 70, columns 0 to 41 of 70]
0.08834720402956009,0.11386220902204514,0.1402236372232437,0.16757932305335999,0.1960931271314621,0.22588132321834564,0.2570127546787262,0.2895331084728241,0.3235703706741333,0.3592773377895355,0.3967061936855316,0.43726152181625366,0.4844716787338257,0.5367602109909058,0.5919808149337769,0.6480607390403748,0.7028495669364929,0.7544175386428833,0.8006120324134827,0.8393633961677551,0.8685920834541321,0.8869153261184692,0.8965044021606445,0.8986753225326538,0.8945486545562744,0.8852492570877075,0.8719161152839661,0.8556413054466248,0.8375611901283264,0.8188009858131409,0.8004948496818542,0.7829346656799316,0.7627843022346497,0.7400382161140442,0.715187132358551,0.6887751817703247,0.6613427996635437,0.6333596110343933,0.605330228805542,0.5778111815452576,0.5512980222702026,0.5256571173667908
0.025158461183309555,0.05044133588671684,0.07700241357088089,0.1049761101603508,0.1344570815563202,0.165544331073761,0.1982642263174057,0.23270702362060547,0.2690471410751343,0.3072485327720642,0.3474503755569458,0.3912166953086853,0.4423987567424774,0.4992438554763794,0.5593770742416382,0.6206732988357544,0.6807080507278442,0.7374002933502197,0.7883463501930237,0.8314036130905151,0.8642233610153198,0.8853309154510498,0.8967735171318054,0.9000999331474304,0.8966630101203918,0.8878133296966553,0.8748723864555359,0.8592116236686707,0.8421360850334167,0.8250287175178528,0.809196949005127,0.795253336429596,0.780338704586029,0.7640199065208435,0.7464276552200317,0.7275720238685608,0.7075755000114441,0.686481773853302,0.6643555164337158,0.6412922143936157,0.617316722869873,0.5919776558876038
-0.036541104316711426,-0.01157916896045208,0.015047199092805386,0.04348645359277725,0.07378589361906052,0.10595910996198654,0.14011721312999725,0.17633381485939026,0.214694082736969,0.25517773628234863,0.29786989092826843,0.3445771336555481,0.39938193559646606,0.4603351652622223,0.5250133275985718,0.5910706520080566,0.6559551954269409,0.717286229133606,0.7727510333061218,0.8197616338729858,0.8559874892234802,0.8797180652618408,0.8929170966148376,0.8973680138587952,0.8946300745010376,0.8862593173980713,0.8738350868225098,0.8589088916778564,0.8430232405662537,0.8277785181999207,0.8147165775299072,0.8047417998313904,0.7954737544059753,0.7861391305923462,0.7763145565986633,0.7656573057174683,0.7537463307380676,0.7401556968688965,0.7245401740074158,0.7064995765686035,0.6855591535568237,0.66093510389328
-0.09584902971982956,-0.07131803035736084,-0.04478451982140541,-0.016072992235422134,0.0148088950663805,0.04792971909046173,0.08333306014537811,0.1210385262966156,0.1611141562461853,0.20361502468585968,0.24860836565494537,0.297874391078949,0.35589662194252014,0.4205540120601654,0.4893287718296051,0.5596011877059937,0.6287978887557983,0.6943964958190918,0.7538243532180786,0.8045050501823425,0.8438833355903625,0.8700692057609558,0.8849886059761047,0.8905777335166931,0.8886125683784485,0.8808649182319641,0.8691086769104004,0.8550947308540344,0.8406321406364441,0.8274682760238647,0.8173785209655762,0.8115963935852051,0.8082134127616882,0.8060970902442932,0.8043715357780457,0.8021788001060486,0.7986564040184021,0.7929301857948303,0.7841289043426514,0.7713781595230103,0.7538027763366699,0.7301605343818665
-0.1518276333808899,-0.12789741158485413,-0.10159634053707123,-0.07280593365430832,-0.04148486256599426,-0.00767876161262393,0.028720922768115997,0.06763166934251785,0.10917633026838303,0.15340158343315125,0.20023564994335175,0.2517094910144806,0.3124311566352844,0.38028886914253235,0.4525439739227295,0.5265166759490967,0.599505603313446,0.6687402129173279,0.7317299842834473,0.7857016324996948,0.8279504776000977,0.8564658164978027,0.8730485439300537,0.8798431754112244,0.878794252872467,0.871860146522522,0.8610028624534607,0.8481876850128174,0.8353636860847473,0.8245047926902771,0.8175418376922607,0.816028892993927,0.8185700178146362,0.8236788511276245,0.8300139904022217,0.836261510848999,0.8410998582839966,0.8432076573371887,0.8412370085716248,0.8339039087295532,0.819811999797821,0.7974653244018555
-0.20361468195915222,-0.1804468333721161,-0.15450647473335266,-0.12585501372814178,-0.09436999261379242,-0.06013116240501404,-0.023034116253256798,0.016806090250611305,0.05951912701129913,0.10500969737768173,0.15337947010993958,0.20667113363742828,0.26964282989501953,0.3401007652282715,0.41512805223464966,0.4921644926071167,0.5681800246238708,0.64063560962677,0.7065702080726624,0.7633964419364929,0.8082192540168762,0.8388648629188538,0.8571443557739258,0.8652670979499817,0.865349292755127,0.8595077395439148,0.8498772978782654,0.8385383486747742,0.8276388645172119,0.8192620277404785,0.8155288100242615,0.818256676197052,0.8265670537948608,0.8386216163635254,0.8527057766914368,0.8670512437820435,0.8799148201942444,0.8895161151885986,0.8941450715065002,0.8920571804046631,0.8814808130264282,0.8604432344436646
-0.2503625154495239,-0.2280520796775818,-0.20268334448337555,-0.17432937026023865,-0.14293783903121948,-0.10848040878772736,-0.07106740772724152,-0.030633851885795593,0.012851114384829998,0.05927562341094017,0.10868716239929199,0.16323456168174744,0.22793743014335632,0.30028972029685974,0.37748441100120544,0.45681852102279663,0.5352738499641418,0.6100847721099854,0.6785673499107361,0.7376570701599121,0.7846505641937256,0.8173364996910095,0.8373246788978577,0.8469473123550415,0.8484569787979126,0.8440752029418945,0.8360158205032349,0.8265287280082703,0.8178351521492004,0.8121394515037537,0.8116809129714966,0.8184925317764282,0.8322165012359619,0.8507266044616699,0.871910035610199,0.893677830696106,0.9138510227203369,0.9303355813026428,0.9410447478294373,0.9437843561172485,0.9364591240882874,0.9168718457221985
-0.29108506441116333,-0.2697547972202301,-0.24517124891281128,-0.21735596656799316,-0.18630149960517883,-0.15206031501293182,-0.11458797007799149,-0.07397200167179108,-0.03019370324909687,0.016756696626544,0.06678375601768494,0.12216909229755402,0.18792963027954102,0.2614869177341461,0.34005653858184814,0.4208277463912964,0.5008931159973145,0.5774406790733337,0.6476033329963684,0.7085433602333069,0.7573819756507874,0.7918872237205505,0.8136690855026245,0.8250258564949036,0.8282917141914368,0.825788676738739,0.8197778463363647,0.8125443458557129,0.8063731789588928,0.8035452961921692,0.8063275218009949,0.8169525861740112,0.8355372548103333,0.8597273826599121,0.8871104121208191,0.9152673482894897,0.9417524933815002,0.9641721844673157,0.9800747632980347,0.9870436787605286,0.9826309680938721,0.96442711353302
-0.32496094703674316,-0.30476710200309753,-0.2811416685581207,-0.25409144163131714,-0.22368475794792175,-0.1899622529745102,-0.15285807847976685,-0.11243586987257004,-0.06875959783792496,-0.021807454526424408,0.02836480922996998,0.08392473310232162,0.14994172751903534,0.2239118218421936,0.30302298069000244,0.38443806767463684,0.46527978777885437,0.5427494049072266,0.6139171719551086,0.6761073470115662,0.7264100313186646,0.7625542283058167,0.7861501574516296,0.7995519638061523,0.805057168006897,0.8049270510673523,0.8014723062515259,0.7969591021537781,0.7936644554138184,0.7938593626022339,0.799822986125946,0.813875138759613,0.8365164399147034,0.8653542399406433,0.8977187871932983,0.930962860584259,0.9624401926994324,0.9895130395889282,1.0095187425613403,1.0198280811309814,1.0178006887435913,1.0008255243301392
-0.3510661721229553,-0.33213376998901367,-0.30968183279037476,-0.28369128704071045,-0.2542659640312195,-0.22135020792484283,-0.18505968153476715,-0.14533323049545288,-0.10222907364368439,-0.05584114044904709,-0.006090197246521711,0.049105193465948105,0.11472279578447342,0.18825151026248932,0.2668580114841461,0.3479595482349396,0.42857441306114197,0.5060885548591614,0.5776660442352295,0.6404429078102112,0.6917583346366882,0.7293776273727417,0.7549009323120117,0.7706880569458008,0.7788926362991333,0.7817390561103821,0.7814310789108276,0.7801512479782104,0.7801035642623901,0.7834814190864563,0.7924717664718628,0.8094313144683838,0.8352311849594116,0.867439329624176,0.9032680988311768,0.9399096369743347,0.9747015237808228,1.0048362016677856,1.0275291204452515,1.0400879383087158,1.0397204160690308,1.0237555503845215
-0.36948737502098083,-0.3520165979862213,-0.33098384737968445,-0.3063734471797943,-0.2782912254333496,-0.24672947824001312,-0.211671382188797,-0.17324356734752655,-0.13141220808029175,-0.08617803454399109,-0.037658847868442535,0.0163428895175457,0.08046065270900726,0.15223614871501923,0.2291213423013687,0.30853271484375,0.3876555860042572,0.4640260636806488,0.5347990989685059,0.5973621010780334,0.6491528153419495,0.6880362033843994,0.7157657146453857,0.734488308429718,0.7461878657341003,0.7529250979423523,0.756670355796814,0.7595096230506897,0.7634141445159912,0.7704178094863892,0.7825471758842468,0.802027702331543,0.8301347494125366,0.8644827008247375,0.9022311568260193,0.9407269358634949,0.9771215915679932,1.0087171792984009,1.0327928066253662,1.0465409755706787,1.0472543239593506,1.032241940498352
-0.3810921311378479,-0.3652859628200531,-0.34593257308006287,-0.3230530917644501,-0.2967197000980377,-0.26694807410240173,-0.2337527722120285,-0.19717971980571747,-0.15725649893283844,-0.11400902271270752,-0.06745558977127075,-0.015609970316290855,0.04575280845165253,0.11457713693380356,0.188242569565773,0.26436617970466614,0.3405415117740631,0.4142698347568512,0.48308613896369934,0.5445113778114319,0.5961265563964844,0.636133074760437,0.6662960648536682,0.6885194182395935,0.704556941986084,0.716168999671936,0.7250556945800781,0.7329939007759094,0.7417222857475281,0.7529852986335754,0.768518328666687,0.7903957366943359,0.8202338218688965,0.855759859085083,0.8943822383880615,0.9333609938621521,0.9701045751571655,1.0019855499267578,1.0263607501983643,1.0405930280685425,1.0420554876327515,1.0281577110290527
-0.3865699768066406,-0.3726070523262024,-0.3551808297634125,-0.3343743085861206,-0.31015607714653015,-0.28258228302001953,-0.2516927123069763,-0.21750622987747192,-0.1800469607114792,-0.1393737643957138,-0.09555227309465408,-0.046644166111946106,0.011030672118067741,0.07557123154401779,0.14476406574249268,0.21642974019050598,0.2883569300174713,0.35836365818977356,0.4241906404495239,0.48362159729003906,0.534538209438324,0.5754172801971436,0.6082447171211243,0.6344274282455444,0.6554821133613586,0.6727753281593323,0.687653660774231,0.7015209794044495,0.7157819271087646,0.7317850589752197,0.7509593963623047,0.7751231789588928,0.8062118887901306,0.8422008156776428,0.8806488513946533,0.9191072583198547,0.9551406502723694,0.9863123297691345,1.01017427444458,1.0242840051651,1.0262296199798584,1.0136098861694336
-0.3866692781448364,-0.37471574544906616,-0.35943371057510376,-0.34090331196784973,-0.3191029131412506,-0.2940874993801117,-0.26591312885284424,-0.23455747961997986,-0.2001161426305771,-0.16253761947155,-0.12191084027290344,-0.076650470495224,-0.023492759093642235,0.03588458150625229,0.09949331730604172,0.16565153002738953,0.23234973847866058,0.29755139350891113,0.35964301228523254,0.41643112897872925,0.46626171469688416,0.5078467130661011,0.5433586239814758,0.5739380121231079,0.6005179286003113,0.6240520477294922,0.6455667614936829,0.6660018563270569,0.6862894892692566,0.7074676156044006,0.7304781079292297,0.7567844986915588,0.7887411117553711,0.8245927691459656,0.862125039100647,0.8992466926574707,0.9337389469146729,0.9633868932723999,0.9860891103744507,0.9996436834335327,1.0018796920776367,0.9906132817268372
-0.38207462430000305,-0.37228408455848694,-0.35932859778404236,-0.3432941138744354,-0.3241692781448364,-0.3020267188549042,-0.2768743634223938,-0.24870598316192627,-0.21762320399284363,-0.18361671268939972,-0.14668279886245728,-0.10555419325828552,-0.05755282938480377,-0.004157234914600849,0.05319512262940407,0.11298143863677979,0.1735561192035675,0.23344817757606506,0.2909851670265198,0.3447744846343994,0.39304018020629883,0.4351925551891327,0.4735167622566223,0.5086225867271423,0.5410656332969666,0.5713192820549011,0.5998877286911011,0.6273125410079956,0.6540495753288269,0.6806487441062927,0.7075583338737488,0.735991358757019,0.7684924602508545,0.8037253022193909,0.8398891091346741,0.8750272989273071,0.9073580503463745,0.9349797368049622,0.9560509920120239,0.9686895608901978,0.9710839986801147,0.9612947106361389
-0.3735170364379883,-0.3659919798374176,-0.355525404214859,-0.3421653211116791,-0.32593995332717896,-0.30687427520751953,-0.28499582409858704,-0.2602918744087219,-0.23286554217338562,-0.2027062475681305,-0.16984029114246368,-0.13324356079101562,-0.09092739969491959,-0.043869420886039734,0.006613885052502155,0.05942101031541824,0.11336784064769745,0.16730733215808868,0.2199474424123764,0.2702019512653351,0.3167288899421692,0.359315425157547,0.4003860056400299,0.4401770532131195,0.4786303639411926,0.5158685445785522,0.5517578125,0.5863745212554932,0.619772732257843,0.6518806219100952,0.6828272938728333,0.7132525444030762,0.7461448907852173,0.7805325984954834,0.8148856163024902,0.8477129340171814,0.877531886100769,0.9027485251426697,0.921904444694519,0.9334684610366821,0.9359409809112549,0.9277182817459106
-0.36171790957450867,-0.3565610349178314,-0.3486815094947815,-0.3381328582763672,-0.3249366283416748,-0.3091120421886444,-0.290679931640625,-0.26969730854034424,-0.24612900614738464,-0.2200261950492859,-0.19141893088817596,-0.1595873385667801,-0.12320107221603394,-0.08294636756181717,-0.03963307663798332,0.005943108815699816,0.05296042189002037,0.10062862187623978,0.14810143411159515,0.19453692436218262,0.23911936581134796,0.2820368707180023,0.3258509635925293,0.37027400732040405,0.4147765338420868,0.4589574337005615,0.5022289752960205,0.5441309809684753,0.5841922760009766,0.6219179630279541,0.6567969918251038,0.6891833543777466,0.7223743796348572,0.7557768821716309,0.788251519203186,0.8185979723930359,0.8457067608833313,0.8684334754943848,0.8855657577514648,0.8959856629371643,0.898563027381897,0.8919859528541565
-0.3473702371120453,-0.3446590304374695,-0.33945733308792114,-0.3318121135234833,-0.3217597007751465,-0.3092864155769348,-0.2944185137748718,-0.2771989405155182,-0.2575986683368683,-0.23566780984401703,-0.21145418286323547,-0.1845119446516037,-0.1541489064693451,-0.1207689642906189,-0.08473384380340576,-0.04648707062005997,-0.006546109914779663,0.0347534641623497,0.07694634795188904,0.11957300454378128,0.16206645965576172,0.20523887872695923,0.2516863942146301,0.3005101978778839,0.3509957790374756,0.40194618701934814,0.45245298743247986,0.5014623403549194,0.5480883717536926,0.5912920236587524,0.6300230622291565,0.664368212223053,0.697861909866333,0.7302729487419128,0.7608941793441772,0.7888597846031189,0.8134032487869263,0.8336673974990845,0.8489123582839966,0.8583001494407654,0.8610396981239319,0.8561552166938782
-0.331208735704422,-0.33097660541534424,-0.3285055160522461,-0.32381919026374817,-0.3169398903846741,-0.30787166953086853,-0.29660406708717346,-0.2831781506538391,-0.2675666809082031,-0.24982166290283203,-0.22993065416812897,-0.20785844326019287,-0.1834777295589447,-0.1567840874195099,-0.1279529482126236,-0.09688792377710342,-0.06383048743009567,-0.02875429578125477,0.008213143795728683,0.04703884944319725,0.08750760555267334,0.13079243898391724,0.1795419305562973,0.2326432466506958,0.2886806130409241,0.34606248140335083,0.4034639298915863,0.45928215980529785,0.5121788382530212,0.5605854392051697,0.6031599044799805,0.639375627040863,0.6732728481292725,0.7049285173416138,0.7339562773704529,0.7598128318786621,0.7820941805839539,0.8002586364746094,0.8138457536697388,0.8224228620529175,0.8254818916320801,0.8223106265068054
