demo/1130-wind-surface-level-gfs-1.0.json
{"header": {"productDefinitionTemplate": 0, "surface1Type": 103, "productStatus": 0, "disciplineName": "Meteorological products", "subDivisions": 0, "winds": "true", "parameterNumberName": "U-component_of_wind", "discipline": 0, "surface2Value": 0, "significanceOfRTName": "Start of forecast", "surface2TypeName": "Missing", "surface2Type": 255, "productTypeName": "Forecast products", "dx": 0.024617210030555725, "dy": 0.01798853650689125, "numberPoints": 65160, "productStatusName": "Operational products", "gribEdition": 2, "parameterUnit": "m.s-1", "forecastTime": 0, "refTime": "2020-09-30T09:30:00.000Z", "productType": 1, "genProcessTypeName": "Forecast", "scanMode": 0, "genProcessType": 2, "gribLength": 11338.0, "significanceOfRT": 1, "productDefinitionTemplateName": "Analysis/forecast at horizontal level/layer at a point in time", "centerName": "WRF OUTPUT", "la1": 43.66691207885742, "la2": 42.426788330078125, "lo2": 13.70867919921875, "gridUnits": "degrees", "surface1Value": 10, "shapeName": "Earth spherical with radius of 6,371,229.0 m", "surface1TypeName": "Specified height level above ground", "nx": 70.0, "ny": 70.0, "lo1": 12.008544921875, "basicAngle": 0, "gridDefinitionTemplate": 0, "shape": 6, "parameterNumber": 2, "subcenter": 0, "parameterCategoryName": "Momentum", "parameterCategory": 2, "center": 0, "gridDefinitionTemplateName": "Latitude_Longitude", "resolution": 48}, "data":
[rows 0 to 18 of 70, columns 0 to 41 of 70]
0.31538474559783936,0.5553445219993591,1.0004781484603882,1.3599743843078613,1.4745351076126099,1.579789161682129,1.5849721431732178,1.5338666439056396,1.3777077198028564,1.1574156284332275,0.8441569805145264,0.42900800704956055,-0.09347061812877655,-0.5704299807548523,-0.8287375569343567,-0.9288588166236877,-0.9237968921661377,-0.7889934182167053,-0.5883628726005554,-0.42642897367477417,-0.27254223823547363,-0.12400956451892853,0.020243609324097633,0.16039985418319702,0.23311370611190796,0.23944513499736786,0.2355295866727829,0.12002027034759521,-0.021019790321588516,-0.06763384491205215,-0.19054897129535675,-0.4288058280944824,-0.8013112545013428,-1.1254239082336426,-1.2225100994110107,-1.2159806489944458,-1.1046704053878784,-0.7267280220985413,-0.3054984509944916,-0.07909437268972397,0.08864963799715042,0.17673222720623016
0.1548151671886444,0.38430002331733704,0.8594732284545898,1.2261115312576294,1.3855477571487427,1.4898601770401,1.4817231893539429,1.452968955039978,1.4175103902816772,1.3259600400924683,1.2196985483169556,0.9671477675437927,0.5376801490783691,0.12693269550800323,-0.14497391879558563,-0.33039429783821106,-0.4113406538963318,-0.34098154306411743,-0.17442293465137482,-0.05789832025766373,0.016067789867520332,0.06535245478153229,0.09762433916330338,0.15450450778007507,0.22162456810474396,0.25920403003692627,0.297443687915802,0.28685715794563293,0.23464053869247437,0.19726315140724182,0.05563296005129814,-0.23943036794662476,-0.7308750748634338,-1.1806769371032715,-1.3687938451766968,-1.4027609825134277,-1.2933827638626099,-0.9333203434944153,-0.5382406711578369,-0.3143850266933441,-0.11869499832391739,0.014163985848426819
0.10088107734918594,0.34703588485717773,0.7328642010688782,1.0692733526229858,1.3581171035766602,1.4801846742630005,1.4924936294555664,1.457921028137207,1.4562681913375854,1.4225908517837524,1.3630880117416382,1.1993416547775269,0.8987116813659668,0.5698754787445068,0.33467361330986023,0.1997290402650833,0.1565026044845581,0.19113968312740326,0.2842402458190918,0.35266104340553284,0.3924633264541626,0.3908294141292572,0.34775251150131226,0.3222435414791107,0.33474546670913696,0.3384481370449066,0.35729509592056274,0.3952029347419739,0.4018479883670807,0.40177854895591736,0.25122880935668945,-0.09815049916505814,-0.6799450516700745,-1.2182612419128418,-1.4700865745544434,-1.548135757446289,-1.454133152961731,-1.1165976524353027,-0.7314531207084656,-0.509574830532074,-0.3140903413295746,-0.17178770899772644
0.13636267185211182,0.3426325023174286,0.5744709968566895,0.8517675399780273,1.0665913820266724,1.1308717727661133,1.1263583898544312,1.1765578985214233,1.2520427703857422,1.3180969953536987,1.3140915632247925,1.250482201576233,1.1602983474731445,0.9965072274208069,0.822647213935852,0.734670877456665,0.7127175331115723,0.7469146847724915,0.7871571183204651,0.8784974813461304,0.9303304553031921,0.9163066148757935,0.8653456568717957,0.8129056096076965,0.7207790017127991,0.5817954540252686,0.491722047328949,0.5063959360122681,0.5322647094726562,0.5460720062255859,0.467267245054245,0.16000887751579285,-0.4687468111515045,-1.0655790567398071,-1.3520958423614502,-1.4493685960769653,-1.3680397272109985,-1.11723792552948,-0.8423753976821899,-0.682111918926239,-0.535020649433136,-0.415700227022171
0.1159958690404892,0.2774796187877655,0.40281105041503906,0.7472975254058838,0.8996290564537048,0.6675542593002319,0.6553068161010742,0.7536614537239075,0.8360756635665894,0.9655829668045044,1.045888900756836,1.1216022968292236,1.2721177339553833,1.389407992362976,1.4728975296020508,1.4524340629577637,1.374405860900879,1.397395372390747,1.4401254653930664,1.7253189086914062,1.9029291868209839,1.9265358448028564,2.1353485584259033,2.245253324508667,1.7873574495315552,1.2187409400939941,0.8934222459793091,0.8698589205741882,0.9943296313285828,1.2603626251220703,1.5055643320083618,1.4496474266052246,0.9069823026657104,0.08526116609573364,-0.6535382866859436,-1.0633857250213623,-1.070835828781128,-0.9662636518478394,-0.878743588924408,-0.8314977288246155,-0.7657607793807983,-0.7847905158996582
0.18818141520023346,0.276030957698822,0.14448282122612,0.6583604216575623,0.7134065628051758,0.2445429116487503,0.38571059703826904,0.6422374844551086,0.8747620582580566,1.0006749629974365,1.0609335899353027,1.1741727590560913,1.365818738937378,1.4820936918258667,1.3951466083526611,1.4419721364974976,1.5435709953308105,1.4833312034606934,1.4448325634002686,1.5334895849227905,1.6878300905227661,1.8905256986618042,1.8560512065887451,1.5351598262786865,1.1206318140029907,0.8902035355567932,0.7724627256393433,1.057877540588379,1.513289451599121,1.6686714887619019,1.7060941457748413,1.5314282178878784,0.840753972530365,-0.09981053322553635,-0.6163347363471985,-0.5793834924697876,-0.5987580418586731,-0.4377927780151367,-0.36583787202835083,-0.6893934011459351,-0.9141040444374084,-1.1481611728668213
0.17681650817394257,0.20174574851989746,-0.04554152488708496,0.43739980459213257,0.37611985206604004,-0.3310207724571228,-0.11356793344020844,0.45438152551651,0.6260217428207397,0.6698508262634277,0.9226804971694946,1.044559359550476,1.2179832458496094,1.441154956817627,1.3848648071289062,1.472785472869873,1.5976876020431519,1.6105746030807495,1.6055091619491577,1.7000489234924316,2.138946771621704,2.036081314086914,1.4908292293548584,1.0062254667282104,0.8717633485794067,0.8776441216468811,0.8496620655059814,1.273579716682434,1.6247559785842896,1.551122784614563,1.142572283744812,-0.03208256512880325,-1.0473852157592773,-0.9886715412139893,-0.36969512701034546,-0.03943554684519768,-0.08466435223817825,-0.13924509286880493,-0.19278950989246368,-0.3714137375354767,-0.7587785720825195,-1.0364594459533691
0.1693425178527832,0.10364891588687897,-0.2884683310985565,0.13374020159244537,-0.18392345309257507,-0.5084053874015808,-0.2263287901878357,-0.11166933178901672,0.3642847239971161,0.5954148173332214,0.7654629349708557,0.8886488676071167,1.1944119930267334,1.3541582822799683,1.430755615234375,1.482384204864502,1.481760859489441,1.521978735923767,1.689841389656067,1.8357208967208862,1.7721366882324219,1.4970393180847168,1.5198510885238647,1.214150309562683,1.1991071701049805,1.1484644412994385,1.0756099224090576,1.4910998344421387,1.1722429990768433,0.6609182357788086,0.2869284749031067,-0.6597134470939636,-1.154207706451416,-0.8951549530029297,-0.3729010820388794,-0.06935269385576248,0.19473037123680115,0.1264207661151886,-0.42741772532463074,-0.7732856869697571,-1.137336254119873,-1.0570377111434937
-0.05449705570936203,-0.24954350292682648,-0.4588179290294647,-0.07557855546474457,-0.47379156947135925,-0.7187582850456238,-0.1814567893743515,-0.3695330023765564,-0.18717922270298004,0.349371075630188,0.6005895733833313,0.6819579601287842,1.0284175872802734,1.4312151670455933,1.585118293762207,1.5567564964294434,1.5473382472991943,1.7160193920135498,1.7822595834732056,1.8073145151138306,1.4475455284118652,1.2824372053146362,1.4443978071212769,1.3633344173431396,1.4715008735656738,1.0682638883590698,1.137979507446289,1.5877892971038818,0.5249772667884827,-0.09303122758865356,-0.23953720927238464,-0.8597337603569031,-1.068422555923462,-0.989547610282898,-0.7248274683952332,-0.37849658727645874,0.5712176561355591,0.40861475467681885,-1.0968858003616333,-1.49382746219635,-1.2695285081863403,-0.8406025171279907
-0.06889451295137405,-0.3416541814804077,-0.5806533098220825,-0.45174676179885864,-0.8002025485038757,-0.7296884059906006,-0.2844497561454773,-0.34926605224609375,-0.43721437454223633,-0.06660325825214386,0.6277340650558472,0.8547673225402832,1.2031234502792358,1.61562979221344,1.7194634675979614,1.6284630298614502,1.9543070793151855,1.9895923137664795,1.6619864702224731,1.5637410879135132,1.410278081893921,1.4130995273590088,1.340064525604248,1.2062815427780151,0.8335314393043518,0.4432077705860138,1.6796844005584717,1.7152200937271118,-0.3370377719402313,-0.8040388822555542,-0.8844870328903198,-1.2214670181274414,-0.7404809594154358,-0.3773640990257263,-0.8083677887916565,-0.8658363819122314,0.34876248240470886,0.6655135154724121,-0.8440405130386353,-1.6761689186096191,-1.1524937152862549,-0.6850025057792664
0.06462438404560089,-0.16301703453063965,-0.6557266116142273,-1.0091408491134644,-1.0408724546432495,-0.5885524153709412,-0.33454224467277527,-0.4829460084438324,-0.5239099860191345,-0.3889002799987793,0.29192107915878296,1.1402417421340942,1.3655695915222168,1.488245964050293,1.644205927848816,1.8189510107040405,1.8808789253234863,1.3394205570220947,1.3047103881835938,1.385119915008545,1.3542277812957764,1.777104139328003,1.8763713836669922,0.6572125554084778,-1.0079706907272339,-0.3802751898765564,1.85732102394104,1.705051064491272,-0.8892544507980347,-1.0359814167022705,-0.9423676133155823,-1.430245280265808,-0.5067732334136963,0.09203240275382996,-0.1605142205953598,-0.625601589679718,-0.17887714505195618,0.32514214515686035,0.3304770588874817,-0.99092698097229,-1.2645740509033203,-0.4529535174369812
0.12910708785057068,-0.18287338316440582,-0.6668764352798462,-0.9777654409408569,-1.057960867881775,-0.5134090185165405,-0.18078041076660156,-0.40978044271469116,-0.63663649559021,-0.7397104501724243,0.14263761043548584,1.1950539350509644,1.4293147325515747,1.4631537199020386,1.6363532543182373,1.917952060699463,1.3484525680541992,0.8490475416183472,1.473344087600708,1.6302523612976074,1.462453842163086,1.6537415981292725,1.936225414276123,1.066457986831665,-0.7678931355476379,-0.7291991710662842,0.5245094895362854,1.8577585220336914,1.1206388473510742,-0.9067977666854858,-1.1824365854263306,-1.0277736186981201,-1.2921751737594604,-1.3568745851516724,-0.706445038318634,-0.6243258118629456,-0.30998748540878296,0.29582956433296204,0.6218091249465942,-0.13738325238227844,-1.2663887739181519,-1.5510141849517822
0.3068312108516693,-0.074635349214077,-0.5940191745758057,-0.9917086958885193,-1.0873351097106934,-0.5810477137565613,-0.3241405487060547,-0.270414263010025,-0.7373563647270203,-1.2647573947906494,-0.3083508610725403,1.137318730354309,1.625927448272705,1.5486817359924316,1.820821762084961,1.6519138813018799,0.8885450959205627,0.9398677945137024,1.5453380346298218,1.5581663846969604,1.2499804496765137,1.36494779586792,1.4673553705215454,1.7558214664459229,1.2270408868789673,-0.005264348350465298,-0.05881761759519577,1.1610513925552368,2.350803852081299,1.3299177885055542,0.29894891381263733,0.759448230266571,-0.8590816855430603,-2.0643961429595947,-1.0512712001800537,-0.9820601344108582,-0.5066475868225098,0.22533650696277618,0.2094547152519226,0.8945086002349854,-0.043422162532806396,-1.7847307920455933
0.6863503456115723,0.3281349539756775,-0.38381096720695496,-0.8405480980873108,-0.9599206447601318,-0.7980707883834839,-0.4941992461681366,-0.08661939948797226,-0.482636958360672,-1.0966331958770752,-0.2770913243293762,1.2415473461151123,1.485450029373169,1.2924184799194336,1.135928750038147,0.6966137290000916,0.8395026326179504,1.3803318738937378,1.6129664182662964,1.2404729127883911,0.9968917965888977,1.258880376815796,1.89577317237854,1.8701456785202026,1.4972150325775146,1.310975432395935,0.725807785987854,0.9861751794815063,1.7746742963790894,1.9344062805175781,1.8870422840118408,2.5458014011383057,1.2834866046905518,-1.1098250150680542,-0.7861619591712952,-0.47161710262298584,-0.9510546922683716,-0.665061354637146,0.4316319525241852,1.374282956123352,0.7971993684768677,-0.6372619867324829
1.0454390048980713,0.70713871717453,-0.10992823541164398,-0.6012666821479797,-0.885275661945343,-0.7418417930603027,-0.5727030038833618,-0.5389197468757629,-0.5461898446083069,-0.7387977242469788,-0.08459152281284332,1.1684554815292358,1.1602391004562378,1.0304925441741943,1.0766468048095703,0.8317676186561584,1.1976135969161987,1.6845762729644775,1.597581386566162,0.7652382850646973,0.7124449610710144,1.6696075201034546,1.9284154176712036,1.374891996383667,1.4892936944961548,1.5108364820480347,0.29349252581596375,0.14274337887763977,1.3662084341049194,1.995193600654602,2.1435177326202393,2.1970090866088867,0.9973094463348389,-0.6326190233230591,-0.4048706889152527,0.5404177904129028,-0.5456452369689941,-1.264974594116211,0.7356452941894531,1.4071156978607178,1.0757601261138916,1.0472227334976196
1.288521409034729,0.8214648962020874,0.17872820794582367,-0.3343229293823242,-0.8417073488235474,-1.117790937423706,-0.8740050196647644,-0.9330580830574036,-0.7963743805885315,-0.6952890157699585,-0.12553654611110687,0.9517977237701416,1.0264160633087158,1.039468765258789,1.1555925607681274,1.070261001586914,1.4807956218719482,1.8496637344360352,1.470867395401001,0.5962151288986206,0.6751566529273987,1.5736171007156372,1.5356158018112183,1.0761117935180664,1.2254105806350708,1.1870243549346924,-0.3559867739677429,-0.6185616254806519,1.1589806079864502,2.4949209690093994,1.7382582426071167,0.4925652742385864,-0.2542438209056854,-1.2217077016830444,-0.7348555326461792,0.47964388132095337,0.12814876437187195,-0.594396710395813,0.9455572366714478,1.4095810651779175,1.241458773612976,1.6909866333007812
1.354540467262268,0.9154647588729858,0.45050567388534546,0.029693029820919037,-0.6148867011070251,-0.9776503443717957,-0.9436227679252625,-1.0718820095062256,-0.6479640603065491,-0.5364036560058594,-0.12046482414007187,0.7582013010978699,0.9106373190879822,0.9706089496612549,1.111916422843933,1.3558459281921387,1.9439985752105713,1.5769801139831543,0.9306193590164185,0.8016679883003235,0.7064962983131409,1.2939081192016602,1.4629552364349365,1.1722227334976196,1.1512812376022339,1.1343474388122559,-0.18237775564193726,-1.0377877950668335,0.22223946452140808,2.210747718811035,1.2016167640686035,-1.1070237159729004,-1.161604642868042,-1.0265511274337769,-0.9523522257804871,-0.258934885263443,-0.004731863737106323,0.023770222440361977,0.9912781715393066,0.8782876133918762,1.2128498554229736,1.3884321451187134
1.451789379119873,1.0733879804611206,0.6424675583839417,0.38079556822776794,-0.17472238838672638,-0.9091453552246094,-0.9922599196434021,-1.0402330160140991,-0.7872022390365601,-0.545975923538208,-0.09584908932447433,0.3685454726219177,0.5265836715698242,0.743242621421814,1.0738439559936523,1.623227834701538,1.3817832469940186,0.7497693300247192,1.0259530544281006,1.7662192583084106,1.0032089948654175,0.2899949848651886,0.7493559122085571,1.1390317678451538,1.1433078050613403,1.3746000528335571,0.6642858982086182,-1.0744847059249878,-0.6254599690437317,1.396191120147705,2.3500664234161377,1.0499310493469238,-0.9018908143043518,-1.0997635126113892,-0.9241718053817749,-0.8946570158004761,-0.46347227692604065,0.03998202830553055,0.5435433387756348,0.7093344926834106,0.8617159128189087,1.3785802125930786
1.4233710765838623,1.0698120594024658,0.7072451710700989,0.42020565271377563,0.1351964771747589,-0.5038285255432129,-0.9226439595222473,-0.7390754222869873,-0.5239844918251038,-0.34506601095199585,-0.2112279087305069,-0.45137548446655273,-0.32655251026153564,0.4147460460662842,1.1079380512237549,1.2235362529754639,1.0664180517196655,1.3386939764022827,1.696183681488037,2.1286256313323975,0.9520357847213745,-0.5549423694610596,-0.06598985940217972,0.6171045303344727,1.1551989316940308,1.5537904500961304,1.369492530822754,-0.2845519483089447,-1.0276660919189453,0.41272252798080444,1.736666202545166,2.3866448402404785,1.831610918045044,0.7426170110702515,0.3797813653945923,-0.4145967364311218,-0.9226256608963013,-0.5608963966369629,-0.38541311025619507,0.10595503449440002,0.4441789388656616,1.684141755104065
