demo/1130-wind-surface-level-gfs-1.0.json
{"header": {"productDefinitionTemplate": 0, "surface1Type": 103, "productStatus": 0, "disciplineName": "Meteorological products", "subDivisions": 0, "winds": "true", "parameterNumberName": "U-component_of_wind", "discipline": 0, "surface2Value": 0, "significanceOfRTName": "Start of forecast", "surface2TypeName": "Missing", "surface2Type": 255, "productTypeName": "Forecast products", "dx": 0.024617210030555725, "dy": 0.01798853650689125, "numberPoints": 65160, "productStatusName": "Operational products", "gribEdition": 2, "parameterUnit": "m.s-1", "forecastTime": 0, "refTime": "2020-09-30T09:30:00.000Z", "productType": 1, "genProcessTypeName": "Forecast", "scanMode": 0, "genProcessType": 2, "gribLength": 11338.0, "significanceOfRT": 1, "productDefinitionTemplateName": "Analysis/forecast at horizontal level/layer at a point in time", "centerName": "WRF OUTPUT", "la1": 43.66691207885742, "la2": 42.426788330078125, "lo2": 13.70867919921875, "gridUnits": "degrees", "surface1Value": 10, "shapeName": "Earth spherical with radius of 6,371,229.0 m", "surface1TypeName": "Specified height level above ground", "nx": 70.0, "ny": 70.0, "lo1": 12.008544921875, "basicAngle": 0, "gridDefinitionTemplate": 0, "shape": 6, "parameterNumber": 2, "subcenter": 0, "parameterCategoryName": "Momentum", "parameterCategory": 2, "center": 0, "gridDefinitionTemplateName": "Latitude_Longitude", "resolution": 48}, "data":
[rows 38 to 56 of 70, columns 0 to 41 of 70]
-0.9693721532821655,-0.9697515368461609,-1.3573229312896729,-1.8765310049057007,-1.7331947088241577,-1.693142056465149,-1.9478702545166016,-1.8653526306152344,-1.8345670700073242,-1.8196653127670288,-1.3971388339996338,-0.6119237542152405,-0.5511369109153748,-0.8241603970527649,-0.8312767148017883,-0.4441691040992737,0.27597808837890625,1.076965093612671,1.2621142864227295,0.38158583641052246,-0.7420369982719421,-1.3879097700119019,-1.4571678638458252,-0.9927515387535095,-0.267225980758667,0.4185199737548828,0.7187674641609192,1.0017739534378052,1.5658382177352905,1.547053337097168,1.5646294355392456,2.0291635990142822,2.117178440093994,1.991702675819397,1.8983376026153564,1.9648752212524414,1.76315438747406,1.5831853151321411,2.0922067165374756,1.821873664855957,-0.170450359582901,-0.9329375624656677
-0.8920549750328064,-0.9610345959663391,-1.2641488313674927,-1.4821977615356445,-1.3448771238327026,-1.2574195861816406,-1.3462867736816406,-1.3775864839553833,-1.5367333889007568,-1.7629985809326172,-1.4860544204711914,-0.4412218928337097,-0.3494083881378174,-0.955315113067627,-0.9897546172142029,-0.33869409561157227,0.37242838740348816,1.0604063272476196,1.4113909006118774,0.9780585765838623,0.4039340913295746,-0.8916635513305664,-1.6965354681015015,-1.1717301607131958,-0.4487038254737854,0.28718796372413635,0.4716658294200897,0.8777875304222107,1.088932752609253,0.9675622582435608,1.4830693006515503,2.0240674018859863,2.0327017307281494,1.5101665258407593,1.3599486351013184,1.6628797054290771,1.7309342622756958,1.5935298204421997,1.6185715198516846,1.822800636291504,1.0774426460266113,-0.32293128967285156
-0.8750382661819458,-0.9896986484527588,-1.0765234231948853,-1.1161589622497559,-0.9011543989181519,-1.1694180965423584,-1.3239156007766724,-1.2555034160614014,-1.4992578029632568,-1.7624937295913696,-1.4252023696899414,-0.7356132864952087,-0.5099006295204163,-0.8819114565849304,-1.0335842370986938,-0.27385056018829346,0.4969360828399658,0.9942823052406311,0.7589767575263977,0.30613982677459717,1.0375703573226929,0.3164826035499573,-1.4747511148452759,-1.3277137279510498,-0.5232409834861755,0.018512772396206856,0.2981984317302704,0.6769347190856934,0.7363633513450623,0.8728179931640625,1.6824443340301514,2.055413246154785,2.142395496368408,1.4894864559173584,0.1788652390241623,0.1736762523651123,1.4748643636703491,1.4399340152740479,1.0537790060043335,1.380277156829834,1.1279826164245605,0.7775099277496338
-0.8158019185066223,-0.9505909085273743,-1.1001622676849365,-1.4201555252075195,-1.3631774187088013,-1.3778088092803955,-1.52531898021698,-1.514592170715332,-1.739073634147644,-1.8620041608810425,-1.6190533638000488,-1.1520311832427979,-0.8186292052268982,-0.7423181533813477,-0.7029430866241455,-0.1510583460330963,0.5406246185302734,0.9930652379989624,0.728298008441925,0.2502526044845581,0.6089144945144653,0.43440815806388855,-0.8907720446586609,-1.302194356918335,-0.666050910949707,-0.2124176323413849,0.06299210339784622,0.2260342836380005,0.2718498110771179,0.5403642654418945,1.4792629480361938,1.8982232809066772,2.052271842956543,1.2026947736740112,-1.075382113456726,-0.6878743767738342,0.9603241086006165,0.8172669410705566,0.5741782784461975,1.0279130935668945,0.7424831986427307,0.2848759889602661
-0.9354138374328613,-1.0427478551864624,-1.0155491828918457,-1.4773586988449097,-1.6458815336227417,-1.3517180681228638,-1.539228916168213,-1.8556774854660034,-1.9095970392227173,-1.8134187459945679,-1.652393102645874,-1.2905257940292358,-1.1585991382598877,-1.0142608880996704,-0.381582647562027,0.3068380355834961,0.7440304756164551,0.9678908586502075,0.9313206076622009,-0.12936368584632874,-0.77019202709198,-0.0909978523850441,0.07246313244104385,-0.6230942606925964,-0.7461667060852051,-0.2772435247898102,-0.3119249939918518,-0.46655288338661194,-0.30269306898117065,0.306946337223053,1.2677308320999146,1.7101775407791138,2.242602825164795,1.3541200160980225,-1.1477879285812378,-0.6982777118682861,0.21827901899814606,-0.08579225093126297,0.6415650844573975,1.0842405557632446,0.041047029197216034,-0.5364218354225159
-0.9671273827552795,-1.0887266397476196,-0.9022219777107239,-0.9923619031906128,-1.3919806480407715,-1.5258015394210815,-1.3375920057296753,-1.338447093963623,-1.630663514137268,-1.9847694635391235,-1.779800295829773,-1.250334620475769,-1.4544799327850342,-1.5884042978286743,-0.6259141564369202,0.44871553778648376,1.0015968084335327,1.1503640413284302,1.086352825164795,0.005190051160752773,-0.9847725629806519,-0.7519824504852295,-0.09956458956003189,0.11061488091945648,-0.1720641553401947,-0.29687976837158203,-0.6411185264587402,-0.9065347909927368,-0.4950816035270691,0.1807307004928589,1.1527585983276367,1.919780969619751,2.2885260581970215,1.1987695693969727,-1.207755208015442,-1.018303394317627,-0.575047492980957,-0.5343207716941833,1.0459051132202148,0.993068516254425,-0.656226396560669,-0.49776893854141235
-1.0623623132705688,-1.095931053161621,-0.7391250729560852,-0.4467059075832367,-0.7338317632675171,-1.1051806211471558,-1.1684399843215942,-0.8485667705535889,-1.138401985168457,-2.0661206245422363,-1.9462202787399292,-1.383486270904541,-1.5288286209106445,-1.76954984664917,-1.1326614618301392,-0.0657229945063591,0.8202878832817078,1.1997497081756592,1.4207924604415894,0.7599337697029114,-0.7783207297325134,-1.1364662647247314,-0.4684646427631378,-0.05391379073262215,0.023060547187924385,-0.19801683723926544,-0.5950035452842712,-0.7481188774108887,-0.4149579703807831,0.025655321776866913,0.9483415484428406,2.1191959381103516,2.1749839782714844,0.8665155172348022,-1.1244925260543823,-1.55618155002594,-1.2380480766296387,-0.6934497952461243,1.2345222234725952,0.7212323546409607,-0.8990437984466553,-0.21039308607578278
-1.2480874061584473,-1.0398664474487305,-0.5443488955497742,-0.13918949663639069,-0.045970458537340164,-0.3962650001049042,-0.7892343401908875,-0.5170671939849854,-0.6926199197769165,-1.6680928468704224,-1.9548386335372925,-1.5985957384109497,-1.619264006614685,-1.7359086275100708,-1.3512015342712402,-0.435172975063324,0.4952777028083801,0.9782153964042664,1.3620154857635498,1.503053903579712,-0.21954786777496338,-1.1750798225402832,-0.39760836958885193,-0.2105913758277893,-0.3602486550807953,-0.6841131448745728,-0.7405847907066345,-0.5939887166023254,-0.15196770429611206,0.04910462349653244,0.691055178642273,2.1949262619018555,2.062441825866699,0.9919723868370056,0.3669653832912445,-0.9785938262939453,-1.8093039989471436,-0.6923525929450989,1.0794787406921387,1.3317877054214478,0.38025376200675964,0.5548920035362244
-1.2907737493515015,-1.0235563516616821,-0.5524500608444214,-0.3635583817958832,0.021944642066955566,0.1527540534734726,-0.19408483803272247,-0.1708368957042694,-0.34408095479011536,-1.2889399528503418,-1.918906569480896,-1.784002661705017,-1.674281358718872,-1.6536000967025757,-1.4326907396316528,-0.6570159196853638,0.22194428741931915,0.7681978344917297,1.0677776336669922,1.554003119468689,0.9973504543304443,-0.25910109281539917,-0.47322574257850647,-0.4416220188140869,-0.8694463968276978,-1.1750690937042236,-0.9838908910751343,-0.7278819680213928,-0.19555895030498505,-0.009505465626716614,0.5089770555496216,1.9197719097137451,1.9886422157287598,1.3135013580322266,1.679829478263855,0.130048930644989,-1.852248191833496,-0.7552972435951233,1.060584545135498,2.010476589202881,1.4177520275115967,0.8249906301498413
-1.280914306640625,-1.0327301025390625,-0.6615824699401855,-0.6287122368812561,-0.3178192973136902,0.2747662663459778,0.1634611040353775,-0.20207171142101288,-0.5990017652511597,-1.2962074279785156,-1.9053242206573486,-1.8941807746887207,-1.7631117105484009,-1.8119555711746216,-1.7559044361114502,-0.9321505427360535,0.13800007104873657,0.6025884747505188,0.8229472637176514,1.2126998901367188,1.3702694177627563,1.187295913696289,0.14187610149383545,-0.8867483735084534,-1.2953845262527466,-1.373287558555603,-1.0335866212844849,-0.7761940360069275,-0.29127150774002075,-0.013610746711492538,0.3537232279777527,1.4509609937667847,2.000610828399658,2.151340961456299,2.2852232456207275,0.21174931526184082,-1.4407687187194824,-0.3159761428833008,1.5039920806884766,2.205259323120117,1.5845277309417725,0.9458969831466675
-1.3328481912612915,-1.1022735834121704,-0.814452588558197,-0.8202245235443115,-0.47034385800361633,0.14357507228851318,0.1478671431541443,-0.447189062833786,-0.8642923831939697,-1.2243307828903198,-1.6011199951171875,-1.4722694158554077,-1.5150223970413208,-1.8139983415603638,-1.838951587677002,-1.1029579639434814,-0.04509291797876358,0.5103067755699158,0.6827026009559631,1.1092512607574463,1.333850383758545,1.7268242835998535,1.3967558145523071,-0.6804866790771484,-1.787172794342041,-1.2652312517166138,-0.9612334966659546,-0.6598101854324341,-0.3533330261707306,-0.15347574651241302,0.21921995282173157,1.0096851587295532,1.5420604944229126,2.121471643447876,1.5027841329574585,-0.2682405710220337,-0.5686359405517578,0.48789191246032715,1.7026921510696411,1.5700206756591797,0.9088147878646851,0.9036209583282471
-1.3841066360473633,-1.1920734643936157,-0.9766556024551392,-1.0160552263259888,-0.668725848197937,-0.15370257198810577,-0.1397431492805481,-0.7479392290115356,-1.131219744682312,-0.8872597217559814,-0.9152302742004395,-1.2025052309036255,-1.5260326862335205,-1.687044620513916,-1.6471614837646484,-1.017029881477356,-0.009843820706009865,0.35531750321388245,0.5016399621963501,0.925274133682251,1.1147981882095337,1.074803113937378,1.8253105878829956,0.6219607591629028,-1.7360656261444092,-1.471624493598938,-0.7812137603759766,-0.6738322377204895,-0.4715082049369812,-0.24286946654319763,0.1206347644329071,0.5749495029449463,1.480716347694397,2.110908269882202,0.2736622095108032,-0.4818479120731354,1.1466717720031738,1.575779676437378,1.0265859365463257,0.1466614007949829,-0.17868058383464813,0.3218317925930023
-1.4196770191192627,-1.3257445096969604,-1.254051923751831,-1.2946734428405762,-1.0116690397262573,-0.6363850831985474,-0.42644742131233215,-0.6486925482749939,-1.2301273345947266,-1.17514169216156,-0.9222562909126282,-1.1911752223968506,-1.8133471012115479,-1.7852720022201538,-1.3182072639465332,-0.7980808019638062,-0.1332627534866333,0.056951090693473816,0.2526843845844269,0.6260471940040588,0.6533970832824707,0.5733046531677246,1.895244836807251,1.5409173965454102,-1.4766017198562622,-1.822925329208374,-0.6341385245323181,-0.53159099817276,-0.5716719627380371,-0.5535737872123718,-0.007949287071824074,0.4952159821987152,1.5895034074783325,1.860663652420044,0.14553141593933105,0.36402225494384766,2.188568115234375,1.4823665618896484,0.8249729871749878,0.025965869426727295,-1.381831169128418,-0.49557408690452576
-1.3764907121658325,-1.2788875102996826,-1.3201327323913574,-1.3869588375091553,-1.4588919878005981,-1.2577931880950928,-0.7777190804481506,-0.6434271335601807,-1.0626895427703857,-1.4486948251724243,-1.4314062595367432,-1.5809637308120728,-1.7901638746261597,-1.5064562559127808,-1.195713758468628,-0.9697955846786499,-0.7517696022987366,-0.3484207093715668,0.1780138909816742,0.39042940735816956,0.26566532254219055,0.35011911392211914,1.5304374694824219,1.807992696762085,-0.862663209438324,-2.0629630088806152,-0.742929220199585,-0.35482433438301086,-0.513731837272644,-0.6709364652633667,0.012310030870139599,0.8036262392997742,1.837936520576477,1.2444257736206055,-0.06004643812775612,1.2200483083724976,2.2417309284210205,0.7439422607421875,0.7977469563484192,0.5157955288887024,-1.6062302589416504,-0.732011616230011
-1.2836918830871582,-1.1830881834030151,-1.4583501815795898,-1.7366230487823486,-1.6530861854553223,-1.310734510421753,-1.0398043394088745,-0.865992546081543,-0.9348902106285095,-1.0097756385803223,-1.0407984256744385,-1.385076642036438,-1.7135674953460693,-1.3229292631149292,-0.9906194806098938,-1.3361057043075562,-1.289027214050293,-0.7523598670959473,-0.33956214785575867,-0.08389981836080551,-0.07183661311864853,0.3477458953857422,1.114871859550476,1.9961451292037964,0.33085763454437256,-1.585382103919983,-0.8138662576675415,0.24924373626708984,0.16402587294578552,-0.2355760931968689,0.19824190437793732,1.1154448986053467,1.3596237897872925,-0.4911425709724426,-0.717664361000061,2.0970981121063232,2.4382450580596924,-0.3276142477989197,-0.06445825099945068,0.23908525705337524,-1.4768524169921875,-0.6973410844802856
-1.3692238330841064,-1.326766848564148,-1.543680191040039,-1.7869068384170532,-1.686954140663147,-1.4587048292160034,-1.352082371711731,-1.2147899866104126,-1.0646082162857056,-0.05362466722726822,0.9330641627311707,0.20246365666389465,-1.0565863847732544,-1.4251635074615479,-1.2669917345046997,-1.4027442932128906,-1.2916271686553955,-0.9173663258552551,-0.7428199052810669,-0.5198974013328552,-0.19027069211006165,0.44390714168548584,0.9794622659683228,1.8150464296340942,0.5911239981651306,-1.0797793865203857,-0.44001254439353943,0.7586685419082642,0.5683454871177673,0.0657428577542305,0.869521975517273,1.1211280822753906,-0.10851842164993286,-0.8274874091148376,0.2511967122554779,2.3164989948272705,2.097559928894043,-1.1708561182022095,-1.1062482595443726,0.08159154653549194,-0.7798885703086853,-0.6820175051689148
-1.2462968826293945,-1.2722090482711792,-1.5992461442947388,-1.7912112474441528,-1.7156665325164795,-1.5680447816848755,-1.4906878471374512,-1.2475378513336182,-0.65668123960495,0.06081628054380417,0.8530847430229187,1.8045334815979004,1.0032144784927368,-1.3193544149398804,-1.3992077112197876,-0.5989764332771301,-1.0540446043014526,-0.9892837405204773,-0.8608434796333313,-0.6202741861343384,-0.28467831015586853,0.13839091360569,1.0029939413070679,1.64888334274292,0.21047812700271606,-0.7569774389266968,0.056109171360731125,0.7864555716514587,0.40472421050071716,-0.042801905423402786,1.568468689918518,1.0294066667556763,-1.0516152381896973,-0.408500999212265,1.4405924081802368,2.3676323890686035,2.024688243865967,-0.5062207579612732,-1.5460041761398315,-0.09390559047460556,0.14883045852184296,-0.501545786857605
-1.2021607160568237,-1.267511248588562,-1.4992014169692993,-1.5421159267425537,-1.6613109111785889,-1.6646757125854492,-1.5069750547409058,-1.0732293128967285,-0.41137585043907166,0.2773130536079407,0.7282301187515259,1.7063653469085693,1.6019673347473145,-1.1773099899291992,-1.8934316635131836,-0.3572980463504791,-0.38000068068504333,-0.7885863780975342,-0.5031744837760925,-0.3724965751171112,-0.31405314803123474,-0.1255231350660324,0.7939358949661255,1.9152772426605225,0.20694738626480103,-0.7766294479370117,0.8605374097824097,1.1176344156265259,-0.22722366452217102,-0.39229169487953186,1.1776260137557983,0.4302995800971985,-1.262670636177063,-0.6542918682098389,1.4077348709106445,2.618335485458374,1.5865510702133179,-0.9359235763549805,-1.5628316402435303,-0.08196162432432175,1.139602541923523,0.4922215938568115
-1.235438585281372,-1.3181544542312622,-1.5724483728408813,-1.5481901168823242,-1.6128275394439697,-1.615164041519165,-1.476962924003601,-1.0357472896575928,-0.43846961855888367,0.22947987914085388,0.7075587511062622,1.4121350049972534,1.9640865325927734,-0.465718150138855,-1.9941434860229492,-1.0914034843444824,-0.558334231376648,-0.40225669741630554,-0.14553901553153992,-0.10858508944511414,-0.25818300247192383,0.005457781255245209,0.8333788514137268,1.905074954032898,-0.08264493942260742,-1.4049712419509888,0.7788615822792053,0.9839146137237549,-1.0107872486114502,-1.2600908279418945,0.22671112418174744,0.6915183067321777,0.10901583731174469,-0.1432698667049408,1.1227824687957764,2.6159420013427734,1.9492108821868896,-1.0055372714996338,-1.7292102575302124,-0.17672549188137054,1.5009151697158813,1.952460765838623
