demo/1130-wind-surface-level-gfs-1.0.json
{"header": {"productDefinitionTemplate": 0, "surface1Type": 103, "productStatus": 0, "disciplineName": "Meteorological products", "subDivisions": 0, "winds": "true", "parameterNumberName": "V-component_of_wind", "discipline": 0, "surface2Value": 0, "significanceOfRTName": "Start of forecast", "surface2TypeName": "Missing", "surface2Type": 255, "productTypeName": "Forecast products", "dx": 0.024617210030555725, "dy": 0.01798853650689125, "numberPoints": 65160, "productStatusName": "Operational products", "gribEdition": 2, "parameterUnit": "m.s-1", "forecastTime": 0, "refTime": "2020-09-30T09:30:00.000Z", "productType": 1, "genProcessTypeName": "Forecast", "scanMode": 0, "genProcessType": 2, "gribLength": 11338.0, "significanceOfRT": 1, "productDefinitionTemplateName": "Analysis/forecast at horizontal level/layer at a point in time", "centerName": "WRF OUTPUT", "la1": 43.66691207885742, "la2": 42.426788330078125, "lo2": 13.70867919921875, "gridUnits": "degrees", "surface1Value": 10, "shapeName": "Earth spherical with radius of 6,371,229.0 m", "surface1TypeName": "Specified height level above ground", "nx": 70.0, "ny": 70.0, "lo1": 12.008544921875, "basicAngle": 0, "gridDefinitionTemplate": 0, "shape": 6, "parameterNumber": 3, "subcenter": 0, "parameterCategoryName": "Momentum", "parameterCategory": 2, "center": 0, "gridDefinitionTemplateName": "Latitude_Longitude", "resolution": 48}, "data":
[rows 38 to 56 of 70, columns 0 to 41 of 70]
-0.16289782524108887,-0.16217505931854248,-0.12021724879741669,-0.18275755643844604,-0.6795732378959656,-0.9055330753326416,-1.1244134902954102,-1.0116537809371948,-0.45690619945526123,0.23148204386234283,0.6045033931732178,0.51198810338974,0.16246643662452698,0.15748153626918793,0.16859808564186096,-0.04724831506609917,-0.5138906240463257,-0.7093796133995056,-0.7666615843772888,-0.8602384924888611,-0.8440581560134888,-0.7819805145263672,-0.5418156981468201,-0.1832597553730011,0.1310252696275711,0.00744584808126092,0.022823549807071686,0.13361653685569763,0.3842332363128662,0.8744816780090332,0.916593611240387,0.24348770081996918,-0.3334098756313324,-0.5876016020774841,-0.2510543465614319,-0.004115335643291473,-0.22292526066303253,-0.2319827526807785,-0.15640634298324585,0.0672483742237091,-1.1197731494903564,-1.9217631816864014
-0.02821105718612671,-0.0812874585390091,-0.05993480980396271,-0.12209676206111908,-0.5678385496139526,-0.522892951965332,-0.2225813865661621,-0.1539553552865982,0.2946138083934784,0.4558873176574707,0.37383875250816345,0.14669685065746307,0.19126366078853607,0.1980866938829422,0.1858106404542923,-0.10368131101131439,-0.6212249398231506,-0.8001877665519714,-0.14129957556724548,0.8525038957595825,0.9508460760116577,-0.07183520495891571,-0.4186558723449707,-0.18334658443927765,-0.18464529514312744,-0.16775056719779968,-0.12159275263547897,-0.12566037476062775,0.0982741191983223,0.5610722899436951,0.45949018001556396,-0.05918412655591965,-0.5595055818557739,-1.1820542812347412,-1.1170457601547241,-0.35975730419158936,0.24599017202854156,0.1997992843389511,0.609716534614563,0.91560959815979,-0.024203956127166748,-1.249770998954773
0.224617600440979,0.1421733796596527,0.1501374989748001,0.22913134098052979,0.5056716203689575,0.5831615924835205,0.8934324383735657,0.7528368830680847,0.6718451976776123,0.4005748927593231,0.10772380232810974,0.11583415418863297,0.5308527946472168,0.4760815501213074,0.15908636152744293,-0.1704091727733612,-0.5279963612556458,-0.5914303660392761,0.07630274444818497,0.9225664734840393,1.1449710130691528,0.5668709874153137,-0.22630168497562408,-0.39893198013305664,-0.4883151948451996,-0.3870258033275604,-0.29767629504203796,-0.15613555908203125,0.2581768035888672,0.49558165669441223,0.39687424898147583,0.13207493722438812,-0.024314984679222107,-1.3797616958618164,-1.7917954921722412,-0.6154468059539795,0.31375575065612793,0.6888346076011658,1.1380120515823364,1.3999580144882202,1.7388136386871338,1.508720874786377
0.546259343624115,0.4641993045806885,0.4529721140861511,0.5592606663703918,0.9646037817001343,0.8153657913208008,0.44798117876052856,0.3416230082511902,0.05637649819254875,-0.042122919112443924,-0.10167129337787628,0.10534515976905823,0.28431710600852966,0.5356465578079224,0.2548426687717438,-0.2306436151266098,-0.5082903504371643,-0.4802408814430237,-0.3004242777824402,-0.575714111328125,0.4549640417098999,1.2683801651000977,0.643444299697876,-0.6568159461021423,-0.7170488834381104,-0.6879935264587402,-0.6476892828941345,-0.3096751570701599,0.2930532991886139,0.5413128733634949,0.4832659661769867,0.4131416380405426,0.37527310848236084,-0.699721097946167,-1.0226715803146362,-0.4629874527454376,0.07599098235368729,0.8620434999465942,1.3733270168304443,1.6068769693374634,1.6578164100646973,2.1323015689849854
0.9890301823616028,0.9036833047866821,0.8727105855941772,0.7204563021659851,0.5251010656356812,0.5700473189353943,0.1939246654510498,-0.08533773571252823,-0.3261350989341736,-0.3048047125339508,-0.44703832268714905,-0.6906836032867432,-0.5241642594337463,0.050212666392326355,0.3036879003047943,-0.15797704458236694,-0.49953174591064453,-0.681148111820221,-0.7401235103607178,-0.6173672080039978,0.3092132806777954,0.9957722425460815,1.1746000051498413,0.19598034024238586,-0.9022773504257202,-1.189082384109497,-1.1207208633422852,-0.5608332753181458,0.0199203509837389,0.1318432241678238,0.15506106615066528,0.24564971029758453,0.18581803143024445,-0.41567569971084595,-0.4209710955619812,-0.29144197702407837,0.2510375678539276,0.9966869354248047,1.2202041149139404,1.018075704574585,1.4687854051589966,1.6112474203109741
1.414962887763977,1.3481459617614746,1.279849886894226,0.9222749471664429,0.3503708839416504,0.36214008927345276,0.31192317605018616,0.09324676543474197,-0.0812627375125885,-0.06083846837282181,-0.5198813080787659,-0.8238394260406494,-0.6708617210388184,-0.26582854986190796,0.042375348508358,0.054059747606515884,-0.15338702499866486,-0.23123186826705933,-0.3890807330608368,-0.12037486582994461,-0.387231707572937,-0.24061784148216248,0.3358396589756012,0.49521660804748535,-0.2851482927799225,-0.7883262634277344,-0.631544828414917,-0.2697296440601349,-0.19593696296215057,-0.24663235247135162,-0.1615295112133026,-0.2392224371433258,-0.2746078372001648,-0.7193210124969482,-0.5259236693382263,-0.23242980241775513,0.361356258392334,0.6857607960700989,0.4735766649246216,0.3181375563144684,1.057039499282837,0.9719855785369873
1.6836769580841064,1.6711848974227905,1.5820398330688477,1.1369805335998535,0.3280503451824188,-0.07078640908002853,-0.13302671909332275,-0.058509159833192825,-0.02449687197804451,-0.14434893429279327,-0.41500014066696167,-0.3637148439884186,-0.1226883977651596,-0.060221023857593536,-0.003519331105053425,0.1929716318845749,0.19677020609378815,0.30804184079170227,0.2817903757095337,-0.30064964294433594,-0.6948719620704651,-0.5183642506599426,-0.6174149513244629,-0.5028520226478577,-0.14659303426742554,0.08444547653198242,0.3089870512485504,0.20893529057502747,-0.06299924850463867,-0.3295699656009674,-0.1618630290031433,-0.2279309183359146,-0.16709807515144348,0.05385631322860718,0.2175944447517395,-0.4205609858036041,0.11998465657234192,0.6883425712585449,0.7016233205795288,0.4871510863304138,0.032661907374858856,-0.5600845217704773
1.822433590888977,1.7770700454711914,1.739968180656433,1.5620895624160767,1.5422636270523071,0.3445022702217102,-0.09338129311800003,-0.5654118061065674,0.05843409150838852,-0.12649264931678772,-0.23346014320850372,-0.05510846525430679,0.28481829166412354,0.18056929111480713,0.056005921214818954,0.05902920663356781,0.15053455531597137,0.23445717990398407,0.3365795910358429,0.036500439047813416,-0.3306145668029785,-0.7522151470184326,-0.9847506880760193,-1.1203131675720215,-0.8484150767326355,-0.2652234435081482,-0.042484384030103683,-0.23197557032108307,-0.46146583557128906,-0.7645019292831421,-0.5004021525382996,-0.10831930488348007,0.5454971790313721,1.44929838180542,1.622308373451233,0.15839438140392303,0.36075910925865173,1.1713727712631226,1.3710143566131592,0.9447259902954102,-0.5659534931182861,-1.3917747735977173
1.8149082660675049,1.7225098609924316,1.7301359176635742,1.8312530517578125,2.338017702102661,1.6101323366165161,0.9185891151428223,-0.09715330600738525,0.43804723024368286,0.4971580505371094,0.3167632222175598,0.08296789973974228,0.0916440561413765,-0.03961383178830147,0.01751323789358139,0.1850673258304596,0.24629633128643036,0.13644279539585114,0.1907358318567276,0.3450537919998169,0.3274787664413452,-0.9129682183265686,-1.4582282304763794,-1.608312964439392,-1.397179126739502,-0.7725845575332642,-0.5083299279212952,-0.65486079454422,-0.7398918271064758,-0.9202150702476501,-0.8476865291595459,-0.19741056859493256,0.9957679510116577,1.8066911697387695,1.380237340927124,0.9136970639228821,1.072935700416565,1.2764540910720825,0.9390478134155273,0.1647830307483673,-1.1870311498641968,-1.7222530841827393
1.763603687286377,1.7088779211044312,1.7360049486160278,1.7796893119812012,2.1284899711608887,1.919442057609558,1.740983247756958,0.7748950123786926,0.7203583121299744,0.6114760637283325,0.15566004812717438,-0.5111830234527588,-0.7710379362106323,-0.5522993206977844,-0.25106650590896606,-0.09156859666109085,-0.00876801647245884,-0.08053817600011826,-0.023555057123303413,0.13856399059295654,0.20583979785442352,-0.32171350717544556,-1.5010302066802979,-1.695565938949585,-0.9004822373390198,-0.0968245193362236,-0.20728221535682678,-0.5381983518600464,-0.8761396408081055,-1.0168699026107788,-1.1066175699234009,-0.5810838341712952,0.4698825180530548,0.7558495402336121,0.44280365109443665,1.613335132598877,1.2759349346160889,0.4728972315788269,-0.1322554498910904,-0.6054751873016357,-0.022617697715759277,0.0987815260887146
1.6941865682601929,1.683062195777893,1.7288203239440918,1.6732161045074463,2.0361886024475098,1.885076880455017,2.0413100719451904,1.5150511264801025,1.2449815273284912,0.6983716487884521,-0.125092014670372,-0.7284725904464722,-0.4052102565765381,0.08846092224121094,-0.09241613745689392,-0.40458858013153076,-0.4765874743461609,-0.4262451231479645,-0.32054585218429565,-0.13135460019111633,-0.06338061392307281,0.40970414876937866,-0.3036324679851532,-0.7612538933753967,-0.12165090441703796,0.1214943528175354,-0.26907411217689514,-0.6326494216918945,-0.9811206459999084,-1.1644362211227417,-1.291406273841858,-1.046776533126831,-0.5937555432319641,-0.5757841467857361,-0.03570164740085602,1.9299025535583496,1.0603430271148682,-0.5841836333274841,-1.2569228410720825,-0.06586036086082458,1.5869699716567993,1.9684979915618896
1.607552170753479,1.6213629245758057,1.6775872707366943,1.671791672706604,2.0235941410064697,1.9555672407150269,2.203185558319092,1.7831501960754395,1.638616919517517,1.5529650449752808,0.9617620706558228,0.41578662395477295,0.637617826461792,0.6777773499488831,0.1450600028038025,-0.42589354515075684,-0.7529999017715454,-0.7580301761627197,-0.4453461766242981,-0.1414768248796463,0.32465824484825134,0.9731143712997437,0.8232927322387695,0.23438432812690735,-0.19243693351745605,-0.21498998999595642,-0.30627670884132385,-0.7077522277832031,-0.9165076017379761,-1.2212821245193481,-1.3161858320236206,-1.0748814344406128,-1.003259301185608,-0.7926836013793945,0.8678464293479919,1.7216638326644897,0.32528653740882874,-1.0978436470031738,-1.3265002965927124,-0.5672177076339722,0.14710265398025513,0.9752169251441956
1.4460883140563965,1.4806150197982788,1.4886058568954468,1.5542923212051392,1.8416540622711182,1.9725223779678345,2.3459970951080322,1.599890947341919,1.4405527114868164,1.6583448648452759,1.7945493459701538,1.3420064449310303,0.6435434818267822,0.15260189771652222,-0.44298312067985535,-0.9285802245140076,-0.9680710434913635,-0.7392415404319763,-0.5491750240325928,-0.2934603691101074,0.17203983664512634,0.5773685574531555,0.5559495687484741,0.4814216196537018,0.2651462256908417,-0.3431974947452545,-0.45721808075904846,-0.7186749577522278,-0.9044698476791382,-1.1149801015853882,-1.1507537364959717,-1.1744283437728882,-1.2463617324829102,-0.25925299525260925,1.9439458847045898,1.437220573425293,0.20021170377731323,-0.6668993234634399,-0.39272621273994446,-1.3141560554504395,-1.299703598022461,-0.4798852205276489
1.320878028869629,1.3302218914031982,1.2511279582977295,1.3385189771652222,1.6012130975723267,1.785844326019287,2.0724334716796875,1.8055424690246582,1.455327033996582,1.0083043575286865,1.0109091997146606,0.851654052734375,0.04116649553179741,-0.8544501662254333,-1.643162488937378,-1.6354546546936035,-1.2376646995544434,-0.9665953516960144,-0.6897344589233398,-0.45793914794921875,-0.06193973124027252,0.11244796961545944,0.11552644520998001,0.5685266852378845,1.0240094661712646,-0.22400738298892975,-0.6397495865821838,-0.6718456149101257,-1.0081074237823486,-1.254223346710205,-1.3606953620910645,-1.3685730695724487,-1.3767597675323486,-0.12335722148418427,1.3165173530578613,0.4851338863372803,-0.37927934527397156,-0.8594590425491333,-0.5442764759063721,-0.3431045114994049,-0.09106624126434326,-0.20817644894123077
1.165815830230713,1.058064341545105,0.9606243968009949,1.03352689743042,1.1529204845428467,1.0699412822723389,1.3739055395126343,1.7961921691894531,1.8095693588256836,1.3231208324432373,0.29583048820495605,-0.8170478343963623,-1.4074885845184326,-1.9826462268829346,-1.7554922103881836,-0.9202834367752075,-1.0293500423431396,-1.030068039894104,-0.7809216976165771,-0.24088358879089355,0.10857849568128586,-0.005468434654176235,-0.1128668263554573,0.2769617736339569,0.9875750541687012,0.35215991735458374,-0.7248652577400208,-0.9747983813285828,-1.5052717924118042,-1.6684715747833252,-1.6965548992156982,-1.7331279516220093,-1.4409046173095703,-0.30831193923950195,0.15757274627685547,-0.09645317494869232,-0.5643151998519897,-1.350813865661621,-0.6746266484260559,0.6247105598449707,0.6117163896560669,0.09389092773199081
1.0102840662002563,0.7799554467201233,0.6779032945632935,0.7789804935455322,0.8633319735527039,0.532584011554718,0.5585358738899231,0.7553957104682922,0.7233539819717407,0.4100794792175293,-0.22247719764709473,-1.3192992210388184,-1.515070915222168,-1.2290817499160767,0.12019624561071396,0.28790128231048584,-0.5126654505729675,-0.8408830165863037,-0.8435211777687073,-0.5198137164115906,-0.3155460059642792,-0.23287107050418854,-0.2966565787792206,-0.5416883826255798,0.042957156896591187,0.21804949641227722,-0.9225748181343079,-1.2882930040359497,-1.6020472049713135,-1.8672306537628174,-1.617065668106079,-1.5422649383544922,0.007485687732696533,0.9287477135658264,0.2710375189781189,-0.07982395589351654,0.4741801917552948,-0.6204509735107422,-0.5405337810516357,0.27672576904296875,-0.405889093875885,-0.9860993027687073
0.8702370524406433,0.6135399341583252,0.5125086903572083,0.5414990782737732,0.5341445803642273,0.4800071120262146,0.4323350191116333,0.4133094549179077,0.006080068182200193,-0.5133848190307617,-0.3901926279067993,-0.1846475452184677,-0.04701429605484009,0.3834788203239441,1.0475072860717773,0.9082423448562622,0.016904575750231743,-0.5296200513839722,-0.5106274485588074,-0.8421189785003662,-0.9354990720748901,-0.7828264236450195,-0.5577167272567749,-0.5998485684394836,-0.3602694272994995,-0.1993064135313034,-1.3110085725784302,-1.4876117706298828,-1.4185712337493896,-1.3358757495880127,-0.7994420528411865,-0.37613219022750854,1.5453007221221924,1.9459506273269653,1.196533441543579,0.3058142066001892,0.06955865770578384,-0.18418657779693604,-0.2942529022693634,-0.2594316303730011,-0.9390993118286133,-1.743642807006836
0.767458975315094,0.5555148124694824,0.4496002495288849,0.46362966299057007,0.5036247968673706,0.617228627204895,0.7844807505607605,0.8354154229164124,0.6300597190856934,0.5148926377296448,0.593224287033081,0.7458600997924805,0.7172611951828003,0.3980422019958496,0.4234897196292877,0.9347041845321655,1.1060383319854736,0.6925626993179321,0.5243729948997498,0.017058128491044044,-0.2942226529121399,-0.3652783930301666,-0.344375878572464,-0.2220952808856964,-0.19600102305412292,0.4500467777252197,-0.24762529134750366,-0.7815858721733093,-0.896158754825592,0.5978832840919495,1.3342500925064087,1.6367660760879517,1.722095251083374,1.3139313459396362,1.3557424545288086,1.1134923696517944,-0.0495021790266037,0.06442584842443466,1.1516282558441162,0.9394928216934204,0.522470235824585,-1.0009393692016602
0.6876674890518188,0.5762526988983154,0.46402615308761597,0.5186516046524048,0.7878307104110718,0.7399719953536987,0.8102542161941528,0.872527003288269,0.9780117273330688,1.1035468578338623,1.2990455627441406,0.9394572973251343,0.6034862995147705,0.4091481864452362,-0.00760865630581975,0.19702038168907166,1.1273307800292969,1.1508612632751465,1.0423649549484253,1.0848743915557861,0.9767444729804993,0.8361250162124634,0.31560972332954407,0.05994996801018715,-0.21729770302772522,0.8108883500099182,1.5266776084899902,1.235137939453125,0.6735714673995972,1.7419815063476562,2.371159553527832,2.558234691619873,2.4176182746887207,1.6113619804382324,0.9878957867622375,1.050889253616333,0.42974042892456055,0.8485506176948547,1.6044763326644897,1.1993014812469482,0.9930520057678223,0.06895468384027481
