demo/1130-wind-surface-level-gfs-1.0.json
{"header": {"productDefinitionTemplate": 0, "surface1Type": 103, "productStatus": 0, "disciplineName": "Meteorological products", "subDivisions": 0, "winds": "true", "parameterNumberName": "V-component_of_wind", "discipline": 0, "surface2Value": 0, "significanceOfRTName": "Start of forecast", "surface2TypeName": "Missing", "surface2Type": 255, "productTypeName": "Forecast products", "dx": 0.024617210030555725, "dy": 0.01798853650689125, "numberPoints": 65160, "productStatusName": "Operational products", "gribEdition": 2, "parameterUnit": "m.s-1", "forecastTime": 0, "refTime": "2020-09-30T09:30:00.000Z", "productType": 1, "genProcessTypeName": "Forecast", "scanMode": 0, "genProcessType": 2, "gribLength": 11338.0, "significanceOfRT": 1, "productDefinitionTemplateName": "Analysis/forecast at horizontal level/layer at a point in time", "centerName": "WRF OUTPUT", "la1": 43.66691207885742, "la2": 42.426788330078125, "lo2": 13.70867919921875, "gridUnits": "degrees", "surface1Value": 10, "shapeName": "Earth spherical with radius of 6,371,229.0 m", "surface1TypeName": "Specified height level above ground", "nx": 70.0, "ny": 70.0, "lo1": 12.008544921875, "basicAngle": 0, "gridDefinitionTemplate": 0, "shape": 6, "parameterNumber": 3, "subcenter": 0, "parameterCategoryName": "Momentum", "parameterCategory": 2, "center": 0, "gridDefinitionTemplateName": "Latitude_Longitude", "resolution": 48}, "data":
[rows 0 to 18 of 70, columns 0 to 41 of 70]
1.7399462461471558,1.8746181726455688,2.142460346221924,1.9838265180587769,1.728593111038208,1.5703673362731934,1.5512129068374634,1.3196978569030762,0.9960980415344238,0.8448293805122375,0.42183244228363037,0.2871024012565613,0.31465083360671997,0.14149780571460724,0.10422372072935104,0.041909780353307724,-0.4666472375392914,-1.0618757009506226,-1.2880443334579468,-1.4585790634155273,-1.563067078590393,-1.5633121728897095,-1.4689087867736816,-1.3715373277664185,-1.1741880178451538,-0.9080488085746765,-0.6364301443099976,-0.29029133915901184,-0.4235946834087372,-0.7185719013214111,-1.4300018548965454,-1.5808923244476318,-1.8326798677444458,-1.8883719444274902,-1.8612879514694214,-1.8243027925491333,-1.7889907360076904,-1.6646095514297485,-1.5669758319854736,-1.4433943033218384,-1.2455052137374878,-0.8425808548927307
1.7066168785095215,1.8465577363967896,2.0796115398406982,1.8854689598083496,1.615319013595581,1.4156768321990967,1.3189058303833008,1.1146453619003296,0.7111784219741821,0.6057323217391968,0.2556944489479065,0.23952358961105347,0.372102290391922,0.26837998628616333,0.32934147119522095,0.3216259777545929,-0.237031489610672,-0.944252073764801,-1.1947689056396484,-1.3633719682693481,-1.4273966550827026,-1.4184259176254272,-1.3161863088607788,-1.2136236429214478,-0.9914572238922119,-0.6670448780059814,-0.3129850924015045,0.11081834137439728,0.012865373864769936,-0.27403971552848816,-1.0311195850372314,-1.1841150522232056,-1.4518840312957764,-1.539862036705017,-1.5397629737854004,-1.4956269264221191,-1.5084110498428345,-1.446678638458252,-1.40467369556427,-1.4001469612121582,-1.3317484855651855,-0.9489664435386658
1.682222843170166,1.8364970684051514,1.8619030714035034,1.7491118907928467,1.6796571016311646,1.64701247215271,1.5085599422454834,1.4249204397201538,1.1329364776611328,1.0053006410598755,0.875260591506958,0.8321840763092041,0.7399001121520996,0.6023512482643127,0.5196126699447632,0.41771453619003296,0.2224053144454956,-0.04376723989844322,-0.1801210641860962,-0.26318269968032837,-0.24115805327892303,-0.2461846023797989,-0.28437259793281555,-0.26293647289276123,-0.20168381929397583,0.0442885123193264,0.1461821347475052,0.25371700525283813,0.19263288378715515,0.004703328479081392,-0.5206038355827332,-0.818200409412384,-1.1090301275253296,-1.196871042251587,-1.2496049404144287,-1.2813973426818848,-1.3625701665878296,-1.4203473329544067,-1.486956238746643,-1.551586389541626,-1.7441211938858032,-1.727518916130066
1.7318785190582275,1.7660998106002808,1.750200867652893,1.6013737916946411,1.3170454502105713,1.2307809591293335,1.1890997886657715,1.1596157550811768,1.03737473487854,0.9294710755348206,0.7982728481292725,0.7007771730422974,0.6127868890762329,0.4021334648132324,0.3965299725532532,0.36678943037986755,0.28375351428985596,0.2553415298461914,0.30210164189338684,0.3633521795272827,0.5128287672996521,0.44810551404953003,0.3485456705093384,0.10818369686603546,-0.30447331070899963,-0.5501819252967834,-0.4727267622947693,-0.32420143485069275,-0.2558675706386566,-0.27370381355285645,-0.5788590312004089,-0.92812180519104,-1.2188276052474976,-1.182092547416687,-1.30537748336792,-1.5496535301208496,-1.694506049156189,-1.837334394454956,-1.9790703058242798,-2.0298044681549072,-2.234574317932129,-2.264279365539551
1.7165980339050293,1.6601308584213257,1.6302108764648438,1.509231686592102,1.079266905784607,1.118722915649414,1.2881194353103638,1.2560451030731201,1.3683910369873047,1.2007797956466675,1.0019444227218628,0.9516316652297974,0.8699280619621277,0.5462477803230286,0.517431378364563,0.29805445671081543,0.4142117202281952,0.563775360584259,0.743357241153717,0.8967434763908386,0.9670534729957581,0.7616053223609924,0.5466774106025696,0.10614003241062164,-0.05270851030945778,0.11251627653837204,0.3282887637615204,0.608644962310791,0.6671452522277832,0.46779343485832214,0.1781371384859085,-0.3042927384376526,-0.8934270143508911,-1.2848516702651978,-1.2571312189102173,-1.375017762184143,-1.5468547344207764,-1.6857527494430542,-2.027768850326538,-2.290278196334839,-2.474276065826416,-2.5088090896606445
1.5418792963027954,1.4178979396820068,1.3767329454421997,1.2951749563217163,0.9000725746154785,1.04129958152771,1.5434330701828003,1.5160067081451416,1.5036951303482056,1.4247510433197021,1.5168575048446655,1.3956669569015503,1.2205194234848022,0.8623353838920593,0.6431608200073242,0.6881889700889587,1.1707563400268555,1.159511923789978,1.124546766281128,1.0766606330871582,0.9736519455909729,0.4919540584087372,0.135764941573143,0.21034373342990875,1.0037671327590942,1.4930893182754517,1.5268919467926025,1.5477811098098755,1.3337795734405518,0.9791906476020813,0.7385799288749695,0.3861756920814514,0.015138632617890835,-0.06949049234390259,0.1713174432516098,-0.0014040468959137797,-0.3759075999259949,-0.7252764105796814,-1.081661581993103,-1.4842373132705688,-1.8175469636917114,-2.1258647441864014
1.1751689910888672,1.0361719131469727,1.0293488502502441,0.9981518983840942,0.7793965935707092,0.9302283525466919,1.1914830207824707,1.5080552101135254,1.4302669763565063,1.3159890174865723,1.4573920965194702,1.5484488010406494,1.2847427129745483,0.942918598651886,0.7879518866539001,1.0992833375930786,1.2307864427566528,1.0651079416275024,0.9246516227722168,0.9135655760765076,0.7513501048088074,0.7342517375946045,0.8081331253051758,1.3036516904830933,1.6853528022766113,1.464212417602539,1.1713875532150269,0.8418391346931458,0.6777927279472351,0.7729471325874329,0.8209660649299622,0.6368377208709717,0.6027271151542664,0.754503607749939,0.659600019454956,0.3426884412765503,0.08398286998271942,-0.37272897362709045,-0.5278061032295227,-0.7022402286529541,-1.0390182733535767,-1.2822303771972656
0.5700789093971252,0.4732920527458191,0.5105987787246704,0.5544602274894714,0.48926228284835815,0.8400179147720337,0.9543073177337646,1.109344482421875,1.4621230363845825,1.255162000656128,1.330695629119873,1.6152418851852417,1.3757423162460327,1.1428310871124268,1.1813621520996094,1.120977759361267,0.9874008893966675,0.9339464902877808,0.9623374342918396,1.0842208862304688,1.16254460811615,1.696906566619873,2.222567558288574,2.2331674098968506,1.739834189414978,1.0787943601608276,1.0488390922546387,0.7849724292755127,0.513096272945404,0.684980034828186,0.6490147709846497,0.554007351398468,0.3366074860095978,0.1586233675479889,-0.05771046131849289,0.07694905996322632,0.19603180885314941,-0.46185341477394104,-0.8188075423240662,-0.6131160855293274,-0.5499095916748047,-0.6832398176193237
0.007447931915521622,-0.06680548191070557,0.01812177151441574,0.11769497394561768,0.19251179695129395,0.6006214618682861,0.769061267375946,0.7273865938186646,0.8235908150672913,1.027282476425171,1.152280569076538,1.0809868574142456,0.8451651334762573,0.9624367356300354,1.0302976369857788,1.0386312007904053,1.1460869312286377,1.0072824954986572,1.1566028594970703,1.3838170766830444,1.6193180084228516,1.5608172416687012,1.8690900802612305,1.6848375797271729,1.4657933712005615,1.5050626993179321,1.5682899951934814,0.6971760392189026,-0.29379987716674805,-0.7315179109573364,-0.756239116191864,-0.7880056500434875,-0.880564272403717,-1.02555513381958,-0.8565399646759033,0.04705564305186272,0.3797330856323242,-0.20143994688987732,-1.044123649597168,-0.569221019744873,-0.48906904458999634,-0.6425987482070923
-0.2850852906703949,-0.32769134640693665,-0.29615065455436707,-0.18523360788822174,0.12707163393497467,0.3309539258480072,0.2409542053937912,0.4709811806678772,0.5195227265357971,0.7540627717971802,1.1022717952728271,0.8548189997673035,0.5370568037033081,0.7743855118751526,0.9032357335090637,1.0689810514450073,0.9676136374473572,0.9465720653533936,1.2833524942398071,1.4807950258255005,1.5524319410324097,1.2578661441802979,0.921976625919342,0.2706442177295685,1.3885066509246826,2.3836522102355957,2.2849321365356445,0.4098942279815674,-1.2202699184417725,-0.9399726986885071,-1.3421813249588013,-0.4456743597984314,-0.004612663760781288,-0.26093244552612305,-0.2934635877609253,0.305256187915802,0.5409213304519653,0.7654261589050293,0.03602027893066406,-0.7235873937606812,-0.5723976492881775,-0.9361045956611633
-0.3997744023799896,-0.44251397252082825,-0.4207938611507416,-0.3452208936214447,-0.1911790668964386,0.0420328788459301,-0.15398076176643372,-0.1278539001941681,-0.0019548474811017513,0.08463621884584427,0.5472801327705383,0.44737955927848816,0.3512900173664093,0.40198761224746704,0.4957601726055145,0.49182865023612976,0.4626183807849884,1.1368696689605713,1.7812291383743286,1.540307641029358,1.3197212219238281,1.3762636184692383,1.0264829397201538,0.19827032089233398,0.5951206088066101,1.1754552125930786,1.5757087469100952,1.6873691082000732,-1.1997491121292114,-1.207695722579956,-1.0083069801330566,0.07068711519241333,0.26385170221328735,1.0285699367523193,1.3497962951660156,1.179309606552124,1.0183172225952148,1.183316707611084,0.9847780466079712,-0.6010358929634094,-0.9285642504692078,-1.0750887393951416
-0.4002223312854767,-0.44275087118148804,-0.39007630944252014,-0.3015114963054657,-0.1092735156416893,-0.23711423575878143,-0.6541155576705933,-0.7335376143455505,-0.9532461762428284,-0.5471168160438538,0.01935725472867489,0.4041405916213989,0.5207633376121521,0.3876848816871643,0.25096559524536133,0.29412150382995605,0.732359766960144,1.5736010074615479,1.894457459449768,1.3802869319915771,1.1655138731002808,1.4549925327301025,1.5429762601852417,1.3890939950942993,0.138998344540596,-0.3128833770751953,1.0077742338180542,2.2394051551818848,0.45518699288368225,-1.2622259855270386,-0.8464371562004089,-1.2445265054702759,-1.1608070135116577,0.692358672618866,1.2656368017196655,1.447031021118164,1.4351063966751099,1.1096378564834595,1.1078943014144897,0.5249199867248535,-0.8965317606925964,-0.32255426049232483
-0.20815348625183105,-0.2887527048587799,-0.30126914381980896,-0.2602497637271881,-0.3582605719566345,-0.6702427864074707,-0.48644331097602844,-0.480668306350708,-0.4526503086090088,-0.020351409912109375,0.42792385816574097,0.6124323010444641,0.37454360723495483,0.1681181788444519,0.11787779629230499,0.8219621181488037,1.472772240638733,1.6233100891113281,1.3137328624725342,1.3060730695724487,1.3722630739212036,1.6427878141403198,1.6361960172653198,1.433458924293518,1.078485369682312,0.23167943954467773,0.2647571861743927,0.6163341999053955,1.1594732999801636,0.8935263156890869,0.8749967217445374,0.05177372321486473,0.023101627826690674,1.3766447305679321,1.0448616743087769,1.0099822282791138,1.106749415397644,1.4215184450149536,1.5300730466842651,1.1667687892913818,0.2746618986129761,0.0630861297249794
0.11256784200668335,-0.018874550238251686,-0.11247757077217102,-0.10609518736600876,-0.08867616206407547,-0.09374644607305527,0.31864818930625916,0.6948058605194092,0.8774732947349548,0.9629049301147461,0.8173897862434387,0.674446702003479,0.4904739558696747,0.7309165596961975,0.98628169298172,1.611779808998108,1.6551352739334106,1.1961833238601685,0.9105079174041748,1.366684913635254,1.6290370225906372,1.482239842414856,1.2163609266281128,0.971336841583252,1.226019263267517,0.6032249331474304,0.4154409170150757,0.8353360295295715,1.2056924104690552,1.7815266847610474,1.7910724878311157,1.5867388248443604,1.9621169567108154,2.0042266845703125,1.3456655740737915,0.581856906414032,0.10142848640680313,1.191111445426941,1.4538732767105103,0.925639271736145,1.1284029483795166,0.5699713230133057
0.37890732288360596,0.2202051430940628,0.1293090432882309,0.13030120730400085,0.25907397270202637,0.3919770121574402,0.5611169338226318,0.6704199910163879,1.0365506410598755,0.8904145956039429,0.7405951619148254,0.8557149171829224,1.0153342485427856,1.3416860103607178,1.372999668121338,1.5774568319320679,1.2066307067871094,0.8762994408607483,0.9277334809303284,1.3950397968292236,1.5557023286819458,1.2063028812408447,0.7486758828163147,0.7873968482017517,0.7778022289276123,0.559857964515686,1.4027456045150757,1.9680598974227905,1.7902005910873413,1.0413645505905151,0.17534466087818146,0.514103889465332,1.0878897905349731,1.0316288471221924,1.1252906322479248,0.7547239065170288,0.19408944249153137,0.8670752644538879,0.844853401184082,0.5072011947631836,0.8159458637237549,0.2577349841594696
0.6792886257171631,0.5528540015220642,0.45158642530441284,0.41576841473579407,0.367172509431839,0.22482222318649292,0.39797258377075195,0.4327588379383087,0.552955150604248,0.4367828071117401,0.4561119079589844,0.6519420742988586,0.8701427578926086,0.9819061756134033,1.0424028635025024,1.1783404350280762,0.7782067060470581,0.4885421693325043,0.8239521980285645,1.293697476387024,1.2965422868728638,1.0188136100769043,0.9126719832420349,0.9837251305580139,1.0047801733016968,0.9985069632530212,1.6556832790374756,1.9656990766525269,1.7763967514038086,1.4521647691726685,-0.3120124042034149,-0.8481382727622986,-0.16746313869953156,0.42934516072273254,0.7172239422798157,1.173857569694519,1.2212377786636353,1.3810701370239258,0.7863945960998535,0.5072102546691895,0.5802947878837585,-0.5292164087295532
0.9789207577705383,0.8999859690666199,0.7885227203369141,0.761261522769928,0.7364848256111145,0.40665295720100403,0.30430805683135986,0.3309504985809326,0.385737806558609,0.4114953279495239,0.2844043970108032,0.40562760829925537,0.610318124294281,0.7855022549629211,1.0740575790405273,0.9113560914993286,0.27258309721946716,0.4454266428947449,1.218766212463379,1.2333929538726807,0.5340208411216736,0.6979085803031921,1.3935434818267822,1.3388278484344482,1.2215266227722168,1.2212793827056885,1.4489879608154297,1.5122387409210205,1.580593228340149,1.760162591934204,0.8531908392906189,-1.1019213199615479,-0.12802763283252716,0.7078526616096497,0.6577526926994324,1.110459327697754,1.5245355367660522,1.4904205799102783,1.1098543405532837,1.2613263130187988,1.3054827451705933,0.8383479118347168
1.2758350372314453,1.2079102993011475,1.1298117637634277,1.0796111822128296,0.9953488111495972,0.7044605612754822,0.4863416850566864,0.09863173961639404,-0.25984272360801697,-0.27034878730773926,-0.6270225048065186,-0.4889925718307495,0.16174398362636566,0.6114277243614197,0.7401832342147827,0.5653874278068542,0.7497009038925171,1.4389967918395996,1.4058518409729004,0.9320329427719116,-0.2745511531829834,0.0253593772649765,0.7911961674690247,1.0925406217575073,1.1980172395706177,1.3472750186920166,1.1249481439590454,1.021293044090271,1.05771005153656,1.365590214729309,1.8387503623962402,0.784987211227417,-0.11069720983505249,0.38197657465934753,0.6692354083061218,0.36831116676330566,0.6695433855056763,0.792218029499054,1.0573668479919434,1.5699002742767334,1.438093900680542,1.4605940580368042
1.5467255115509033,1.4913970232009888,1.4497421979904175,1.376853585243225,1.3369388580322266,1.030471920967102,0.5965991020202637,0.31036376953125,-0.27632957696914673,-0.8775734901428223,-1.127060890197754,-0.9892944693565369,-0.4127383232116699,0.37612149119377136,0.595209002494812,0.6805000901222229,1.312193751335144,1.29618239402771,0.3530855178833008,0.42003917694091797,-0.3235042989253998,-0.798034131526947,-0.2846924066543579,0.45771169662475586,1.1504356861114502,1.3216195106506348,1.2024449110031128,0.9635720252990723,0.483837753534317,0.6406384706497192,1.3774429559707642,1.5866813659667969,0.9520706534385681,0.9544492363929749,0.9271878004074097,-0.33440089225769043,-0.5576316118240356,-0.21551133692264557,0.20675016939640045,0.6394922733306885,0.7897674441337585,0.8803037405014038
