demo/1200-wind-surface-level-gfs-1.0.json
{"header": {"productDefinitionTemplate": 0, "surface1Type": 103, "productStatus": 0, "disciplineName": "Meteorological products", "subDivisions": 0, "winds": "true", "parameterNumberName": "U-component_of_wind", "discipline": 0, "surface2Value": 0, "significanceOfRTName": "Start of forecast", "surface2TypeName": "Missing", "surface2Type": 255, "productTypeName": "Forecast products", "dx": 0.024617210030555725, "dy": 0.01798853650689125, "numberPoints": 65160, "productStatusName": "Operational products", "gribEdition": 2, "parameterUnit": "m.s-1", "forecastTime": 0, "refTime": "2020-09-30T10:00:00.000Z", "productType": 1, "genProcessTypeName": "Forecast", "scanMode": 0, "genProcessType": 2, "gribLength": 11338.0, "significanceOfRT": 1, "productDefinitionTemplateName": "Analysis/forecast at horizontal level/layer at a point in time", "centerName": "WRF OUTPUT", "la1": 43.66691207885742, "la2": 42.426788330078125, "lo2": 13.70867919921875, "gridUnits": "degrees", "surface1Value": 10, "shapeName": "Earth spherical with radius of 6,371,229.0 m", "surface1TypeName": "Specified height level above ground", "nx": 70.0, "ny": 70.0, "lo1": 12.008544921875, "basicAngle": 0, "gridDefinitionTemplate": 0, "shape": 6, "parameterNumber": 2, "subcenter": 0, "parameterCategoryName": "Momentum", "parameterCategory": 2, "center": 0, "gridDefinitionTemplateName": "Latitude_Longitude", "resolution": 48}, "data":
[rows 0 to 18 of 70, columns 0 to 41 of 70]
0.41738075017929077,0.6531035900115967,1.0717817544937134,1.3854095935821533,1.4997559785842896,1.6850018501281738,1.7455458641052246,1.6714080572128296,1.4917473793029785,1.2775071859359741,0.9386114478111267,0.4421718716621399,-0.22225892543792725,-0.843288779258728,-1.1761834621429443,-1.3053323030471802,-1.3090169429779053,-1.1736345291137695,-0.9563212394714355,-0.7674550414085388,-0.5997030735015869,-0.45417433977127075,-0.24930766224861145,-0.07223982363939285,-0.016624219715595245,-0.010530411265790462,-0.09491775929927826,-0.31338727474212646,-0.5056208968162537,-0.5922988653182983,-0.7483862042427063,-1.0044676065444946,-1.3674430847167969,-1.6699459552764893,-1.7512295246124268,-1.7384482622146606,-1.608397126197815,-1.2018424272537231,-0.7539483904838562,-0.49002888798713684,-0.31129154562950134,-0.21286322176456451
0.12857142090797424,0.33343756198883057,0.8990315794944763,1.2561038732528687,1.4096877574920654,1.5628892183303833,1.603711485862732,1.5743975639343262,1.5395766496658325,1.4682884216308594,1.3823410272598267,1.1151832342147827,0.5168131589889526,-0.21699626743793488,-0.7152479887008667,-0.9194587469100952,-0.8786909580230713,-0.7332932353019714,-0.5502106547355652,-0.41035008430480957,-0.31232550740242004,-0.25095731019973755,-0.1930304616689682,-0.10769776254892349,-0.01874607428908348,0.01954747550189495,-0.007400435395538807,-0.09699136018753052,-0.18628016114234924,-0.2514718770980835,-0.4271959960460663,-0.7602943181991577,-1.2321734428405762,-1.6571621894836426,-1.8327590227127075,-1.8495956659317017,-1.712802767753601,-1.3194732666015625,-0.8853615522384644,-0.6277217864990234,-0.42767155170440674,-0.28178903460502625
0.05470684543251991,0.2934134900569916,0.7892760634422302,1.1214268207550049,1.4132452011108398,1.5728439092636108,1.6308696269989014,1.5895248651504517,1.5881718397140503,1.576875925064087,1.5249114036560059,1.3133362531661987,0.8416022062301636,0.25243693590164185,-0.20264896750450134,-0.40795958042144775,-0.4004685580730438,-0.28846386075019836,-0.1515352427959442,-0.03922398015856743,0.03589346632361412,0.05085667967796326,0.04007852450013161,0.04551835358142853,0.08764250576496124,0.10255569219589233,0.09125327318906784,0.09051579236984253,0.06772710382938385,0.02239340730011463,-0.17462116479873657,-0.5483827590942383,-1.1121066808700562,-1.6236308813095093,-1.8540558815002441,-1.9113080501556396,-1.7879265546798706,-1.4278303384780884,-1.0179014205932617,-0.7717240452766418,-0.5714492797851562,-0.41154012084007263
0.11883202940225601,0.3033120036125183,0.6244454979896545,0.9202654361724854,1.1521618366241455,1.2318857908248901,1.2447541952133179,1.293437123298645,1.3712044954299927,1.4637235403060913,1.4651418924331665,1.344603180885315,1.114205241203308,0.7496267557144165,0.4066096544265747,0.24792718887329102,0.24703386425971985,0.3046272397041321,0.3762466609477997,0.4974604547023773,0.5933206677436829,0.6075140237808228,0.5829369425773621,0.5451758503913879,0.5090799331665039,0.4166605472564697,0.3195239305496216,0.3325920104980469,0.34264183044433594,0.3284223973751068,0.18348048627376556,-0.17043516039848328,-0.8026455640792847,-1.416329264640808,-1.7072482109069824,-1.7959997653961182,-1.6974663734436035,-1.3855167627334595,-1.095127820968628,-0.9557937383651733,-0.7849106788635254,-0.633396327495575
0.07848133146762848,0.21470794081687927,0.43895742297172546,0.838107168674469,1.0457079410552979,0.7669262290000916,0.7246220111846924,0.8258699178695679,0.9052681922912598,1.0581427812576294,1.138439655303955,1.1921576261520386,1.3281968832015991,1.3533360958099365,1.2834330797195435,1.158483624458313,1.031957745552063,1.050305962562561,1.098443865776062,1.354547142982483,1.5603418350219727,1.6520732641220093,1.8909796476364136,1.9977446794509888,1.741470456123352,1.286873698234558,0.9264482855796814,0.9445673823356628,0.964044451713562,1.0641050338745117,1.2261303663253784,1.180677056312561,0.6111260652542114,-0.47830307483673096,-1.2557183504104614,-1.3527004718780518,-1.2205041646957397,-1.1956511735916138,-1.1809566020965576,-1.1364442110061646,-1.0651215314865112,-0.9693067073822021
0.22083599865436554,0.2739027142524719,0.1635461151599884,0.7170601487159729,0.751842200756073,0.21965192258358002,0.4299972355365753,0.745862603187561,0.9847293496131897,1.1149202585220337,1.1329398155212402,1.217029094696045,1.4075957536697388,1.4549579620361328,1.279944658279419,1.219478726387024,1.225770354270935,1.1906899213790894,1.2228795289993286,1.3294192552566528,1.522430181503296,1.7702118158340454,1.7690826654434204,1.6032207012176514,1.3065040111541748,1.0115352869033813,0.789617121219635,0.9644163250923157,1.2943739891052246,1.4398599863052368,1.6006807088851929,1.3713051080703735,0.4385574162006378,-0.45351356267929077,-0.6845321655273438,-0.6153696775436401,-0.739980161190033,-0.9896129369735718,-1.3110166788101196,-1.5095957517623901,-1.4967966079711914,-1.3846337795257568
0.2692023515701294,0.26605096459388733,-0.018509354442358017,0.42978397011756897,0.2599652111530304,-0.29476916790008545,0.06461049616336823,0.5647808313369751,0.7919906377792358,0.7440577745437622,0.9037320017814636,1.0630086660385132,1.232008934020996,1.3908884525299072,1.1951842308044434,1.1565335988998413,1.2927900552749634,1.3720910549163818,1.4235178232192993,1.5430655479431152,2.0648374557495117,2.078073024749756,1.5170202255249023,0.9983164668083191,0.8307353258132935,0.9063133001327515,0.8707861304283142,1.0639358758926392,1.338383436203003,1.4850759506225586,1.480570912361145,0.2452254742383957,-0.8437612056732178,-0.5292012095451355,0.13630934059619904,0.4494987726211548,0.24656878411769867,-0.4008033573627472,-0.9887648820877075,-1.3782923221588135,-1.7330998182296753,-1.7711522579193115
0.2711825668811798,0.18639545142650604,-0.2538733184337616,0.0693250298500061,-0.2915336787700653,-0.4743128716945648,-0.06080331653356552,0.014383462257683277,0.5421080589294434,0.7521528601646423,0.79061359167099,0.9352350831031799,1.1882864236831665,1.233224630355835,1.1887154579162598,1.246457815170288,1.3122637271881104,1.3566659688949585,1.5699827671051025,1.809785008430481,1.8757436275482178,1.6327955722808838,1.482856273651123,1.0949921607971191,1.1997992992401123,1.2378981113433838,1.0304616689682007,1.3296819925308228,1.2204769849777222,1.0012599229812622,0.9932599663734436,0.10517878830432892,-0.6863720417022705,-0.592465341091156,-0.011477282270789146,0.30099526047706604,0.4194735586643219,-0.3278954327106476,-1.2653098106384277,-1.30994713306427,-1.479251742362976,-1.5778229236602783
0.0934855192899704,-0.14025723934173584,-0.41967031359672546,-0.12207786738872528,-0.5621080994606018,-0.7079889178276062,-0.08488709479570389,-0.24068184196949005,-0.054806873202323914,0.4644413888454437,0.6924998760223389,0.761767566204071,1.077390193939209,1.3882501125335693,1.4893338680267334,1.4843751192092896,1.4656176567077637,1.5965596437454224,1.778010606765747,1.9039238691329956,1.5376030206680298,1.3401663303375244,1.3544292449951172,1.3524882793426514,1.7583394050598145,1.237659215927124,1.0280705690383911,1.5844446420669556,0.848132312297821,0.399308979511261,0.47771385312080383,0.004232695326209068,-0.5047686100006104,-0.7599582076072693,-0.5130164623260498,-0.3490360379219055,0.5222048759460449,-0.06822071224451065,-1.5697741508483887,-1.416541576385498,-1.1844011545181274,-0.9024895429611206
0.13506169617176056,-0.19931235909461975,-0.5392922163009644,-0.46237316727638245,-0.8016526699066162,-0.6751231551170349,-0.20914709568023682,-0.25874918699264526,-0.36043670773506165,-0.07405279576778412,0.6470162868499756,0.9256402254104614,1.2340973615646362,1.6410759687423706,1.7680665254592896,1.6478691101074219,1.8876842260360718,1.994962453842163,1.8133621215820312,1.6693583726882935,1.4515458345413208,1.4580471515655518,1.2361674308776855,1.4619067907333374,1.3549425601959229,0.5536383390426636,1.6814444065093994,1.9580180644989014,-0.08510435372591019,-0.44154027104377747,-0.21086080372333527,-0.7092496156692505,-0.4161343276500702,0.0004064800450578332,-0.5802472233772278,-1.0420286655426025,0.16453485190868378,0.3703925609588623,-1.288880705833435,-1.698837161064148,-1.172831654548645,-0.6811987161636353
0.3036254048347473,-0.03084767796099186,-0.6043803691864014,-0.9577222466468811,-0.9968226552009583,-0.5878341794013977,-0.3221973478794098,-0.5028592944145203,-0.46415838599205017,-0.3243345022201538,0.26461970806121826,1.1649284362792969,1.3840423822402954,1.5193325281143188,1.7129135131835938,1.8249918222427368,1.9446393251419067,1.5445408821105957,1.4270621538162231,1.3844108581542969,1.3450363874435425,1.8247686624526978,1.9592957496643066,0.9282301068305969,-0.9441069960594177,-0.3792349696159363,2.1882643699645996,1.8882557153701782,-0.8614380359649658,-0.671769380569458,-0.46412718296051025,-1.3123112916946411,-0.4523255228996277,0.3456128239631653,0.10868504643440247,-0.7010849118232727,-0.414333701133728,0.47355788946151733,0.34159553050994873,-1.180837631225586,-1.409462809562683,-0.9163262248039246
0.43018099665641785,0.0142991216853261,-0.5908640027046204,-0.9239523410797119,-1.0803126096725464,-0.5796988606452942,-0.2608359754085541,-0.5485079288482666,-0.6757507920265198,-0.751445472240448,0.04557942971587181,1.1749467849731445,1.4817538261413574,1.5198068618774414,1.67079758644104,1.982268214225769,1.5818355083465576,0.9991956949234009,1.4350565671920776,1.6330325603485107,1.5286983251571655,1.8161778450012207,2.048419237136841,1.0840965509414673,-0.8064630031585693,-0.5828357934951782,0.8806215524673462,2.0224051475524902,1.268647313117981,-0.5070382356643677,-0.8864631652832031,-0.9869192242622375,-1.2967859506607056,-1.4229607582092285,-0.6385250687599182,-0.5827977657318115,-0.2276269942522049,0.3602313995361328,0.7147793769836426,-0.1389208436012268,-1.4639625549316406,-1.6296210289001465
0.6235591769218445,0.13612301647663116,-0.5252546668052673,-0.9680442810058594,-1.1430137157440186,-0.659030556678772,-0.4428601562976837,-0.40426138043403625,-0.809934139251709,-1.3521926403045654,-0.43296337127685547,1.0631400346755981,1.7086598873138428,1.6387510299682617,1.9036731719970703,1.8850233554840088,1.1423434019088745,0.9106659889221191,1.4646414518356323,1.7060455083847046,1.4429659843444824,1.4419803619384766,1.3794859647750854,1.6999859809875488,1.2257064580917358,0.2916865944862366,0.24283555150032043,1.322172999382019,2.433351755142212,1.3214213848114014,0.49340540170669556,0.7803521156311035,-0.953394889831543,-2.056426763534546,-0.9419790506362915,-0.9392653107643127,-0.49505871534347534,0.38238048553466797,0.25445306301116943,1.1000094413757324,0.17216026782989502,-1.7787646055221558
0.5298436284065247,-0.06685846298933029,-0.48474782705307007,-0.8649442791938782,-1.022946834564209,-0.8700283169746399,-0.5207540392875671,0.05394084006547928,-0.3229140639305115,-1.146010160446167,-0.47509315609931946,1.102614164352417,1.5749989748001099,1.430872917175293,1.3186873197555542,0.8846661448478699,0.9721837639808655,1.3352394104003906,1.6542623043060303,1.6598294973373413,1.268180251121521,1.2567942142486572,1.7809405326843262,1.8630694150924683,1.5252472162246704,1.3510963916778564,0.9216263294219971,1.0666751861572266,1.7753716707229614,1.8382436037063599,1.8159503936767578,2.452871799468994,1.0629754066467285,-1.1662009954452515,-0.6986343860626221,-0.48744723200798035,-0.9664996266365051,-0.6502436995506287,0.35340410470962524,1.6233711242675781,1.005104422569275,-0.8509155511856079
0.4898378252983093,-0.1431369185447693,-0.29097601771354675,-0.6535000205039978,-0.958473801612854,-0.7601969242095947,-0.5104509592056274,-0.4141536355018616,-0.36681944131851196,-0.7281540632247925,-0.33712634444236755,0.96597820520401,1.3019620180130005,1.3045531511306763,1.302495002746582,0.972959578037262,1.3025134801864624,1.6805548667907715,1.8169158697128296,1.3655977249145508,1.0613071918487549,1.691888689994812,1.9493557214736938,1.4743826389312744,1.5410957336425781,1.6677422523498535,0.44741109013557434,0.05030849948525429,1.3110315799713135,1.9022932052612305,1.9575086832046509,1.9509992599487305,0.9401688575744629,-0.4989965260028839,-0.3677476644515991,0.6016729474067688,-0.5842264890670776,-1.3848296403884888,0.7706452012062073,1.581985354423523,1.2144794464111328,0.9688753485679626
0.911263108253479,0.2874619662761688,0.1380666345357895,-0.2476581335067749,-0.8896706700325012,-1.1913036108016968,-0.7769593596458435,-0.8509930968284607,-0.6826664805412292,-0.6262331604957581,-0.32355281710624695,0.8018178343772888,1.2123913764953613,1.3410923480987549,1.4023667573928833,1.2309484481811523,1.5391249656677246,1.9648258686065674,1.7878587245941162,1.131455421447754,1.071249008178711,1.7280851602554321,1.6564860343933105,1.1705065965652466,1.2169795036315918,1.2835404872894287,-0.17317654192447662,-0.6438782811164856,1.1098252534866333,2.4769556522369385,1.7912529706954956,0.755717933177948,0.256234735250473,-0.9657465815544128,-0.8280745148658752,0.6207365393638611,0.2171064019203186,-0.691285252571106,0.9817907214164734,1.5692182779312134,1.3105998039245605,1.524562954902649
1.2713966369628906,0.768493115901947,0.5235586762428284,0.26014184951782227,-0.47739270329475403,-1.019345760345459,-0.9348261952400208,-1.0213823318481445,-0.5243878364562988,-0.42659252882003784,-0.26044151186943054,0.6509048342704773,1.080782413482666,1.2469309568405151,1.3016712665557861,1.4503998756408691,2.0381412506103516,1.907667875289917,1.1460320949554443,0.9928159713745117,1.1982688903808594,1.6589841842651367,1.638974905014038,1.2796250581741333,1.1773985624313354,1.207308292388916,0.1260039061307907,-0.9220796227455139,0.14843450486660004,2.282832384109497,1.4085965156555176,-0.8901630640029907,-0.9724876284599304,-0.7520772218704224,-0.7910314798355103,-0.2237863391637802,-0.11972057819366455,-0.056378450244665146,1.0357576608657837,0.9141649603843689,1.2736263275146484,1.381271481513977
1.6074275970458984,1.2305697202682495,0.7916861772537231,0.5443878173828125,0.06294681131839752,-0.7949925065040588,-1.020920753479004,-0.9774132370948792,-0.7303000688552856,-0.5929734110832214,-0.2807241678237915,0.2431841641664505,0.5548773407936096,0.8163808584213257,1.1120549440383911,1.7980245351791382,1.673750877380371,1.038163423538208,1.064199447631836,1.8331825733184814,1.7134555578231812,0.9011301398277283,0.9310444593429565,1.2452119588851929,1.2230498790740967,1.3738335371017456,0.9568833112716675,-0.6786965131759644,-0.5906847715377808,1.4152703285217285,2.4363741874694824,1.1500046253204346,-0.6891597509384155,-0.6934528946876526,-0.32231375575065613,-0.4780425429344177,-0.5023223757743835,0.009634461253881454,0.3883863389492035,0.656435489654541,1.0014886856079102,1.4312560558319092
1.600685477256775,1.2737294435501099,0.8650733828544617,0.4858455955982208,0.4470332860946655,-0.06991960108280182,-0.8017478585243225,-0.6918829083442688,-0.4906810522079468,-0.38460665941238403,-0.34748098254203796,-0.547161877155304,-0.34901535511016846,0.2770003080368042,1.0853543281555176,1.5367594957351685,1.3287056684494019,1.4541504383087158,1.7528860569000244,2.299680233001709,1.658040165901184,-0.03309930860996246,0.06530817598104477,0.7398583889007568,1.2181919813156128,1.5238323211669922,1.571535587310791,0.4709865152835846,-0.6944820284843445,0.2690005302429199,1.742214560508728,2.414869785308838,1.8770854473114014,0.7817091941833496,0.9271441102027893,0.3565784990787506,-0.6495421528816223,-0.41721394658088684,-0.3860589563846588,0.1306288093328476,0.4378473162651062,1.5924594402313232
