demo/1200-wind-surface-level-gfs-1.0.json
{"header": {"productDefinitionTemplate": 0, "surface1Type": 103, "productStatus": 0, "disciplineName": "Meteorological products", "subDivisions": 0, "winds": "true", "parameterNumberName": "U-component_of_wind", "discipline": 0, "surface2Value": 0, "significanceOfRTName": "Start of forecast", "surface2TypeName": "Missing", "surface2Type": 255, "productTypeName": "Forecast products", "dx": 0.024617210030555725, "dy": 0.01798853650689125, "numberPoints": 65160, "productStatusName": "Operational products", "gribEdition": 2, "parameterUnit": "m.s-1", "forecastTime": 0, "refTime": "2020-09-30T10:00:00.000Z", "productType": 1, "genProcessTypeName": "Forecast", "scanMode": 0, "genProcessType": 2, "gribLength": 11338.0, "significanceOfRT": 1, "productDefinitionTemplateName": "Analysis/forecast at horizontal level/layer at a point in time", "centerName": "WRF OUTPUT", "la1": 43.66691207885742, "la2": 42.426788330078125, "lo2": 13.70867919921875, "gridUnits": "degrees", "surface1Value": 10, "shapeName": "Earth spherical with radius of 6,371,229.0 m", "surface1TypeName": "Specified height level above ground", "nx": 70.0, "ny": 70.0, "lo1": 12.008544921875, "basicAngle": 0, "gridDefinitionTemplate": 0, "shape": 6, "parameterNumber": 2, "subcenter": 0, "parameterCategoryName": "Momentum", "parameterCategory": 2, "center": 0, "gridDefinitionTemplateName": "Latitude_Longitude", "resolution": 48}, "data":
[rows 19 to 37 of 70, columns 0 to 41 of 70]
1.4582386016845703,1.232742190361023,0.8804643154144287,0.5400098562240601,0.593510627746582,0.5529550909996033,-0.12535321712493896,-0.5373196005821228,0.21316801011562347,0.5191673040390015,0.21607232093811035,-0.2676669955253601,-0.7978249192237854,-0.23773634433746338,0.7889880537986755,1.2800939083099365,1.397478699684143,1.7949825525283813,1.8672181367874146,2.099621057510376,1.8452088832855225,-0.013164431788027287,-0.7076306939125061,-0.26617732644081116,0.33472222089767456,1.2540303468704224,1.6147981882095337,1.5343217849731445,0.20199833810329437,-0.47406452894210815,0.9447597861289978,2.2959065437316895,2.456164836883545,1.9931449890136719,1.817284107208252,1.3947817087173462,0.01992199569940567,-0.6818885803222656,-0.829470694065094,-0.5539975762367249,-0.13623444736003876,1.2320390939712524
1.1540470123291016,1.0796096324920654,0.8439874649047852,0.6377316117286682,0.8340533971786499,1.0283946990966797,0.5209804177284241,-0.1842404454946518,0.4388893246650696,0.5686433911323547,0.6901171207427979,1.0466082096099854,-0.3571121394634247,-0.5048718452453613,0.38730666041374207,0.8045431971549988,1.4800965785980225,1.7396719455718994,1.691768765449524,1.8139933347702026,2.032350540161133,0.6389832496643066,-0.7302997708320618,-0.6759330630302429,-0.39652007818222046,0.3706842362880707,1.0450714826583862,1.4545416831970215,1.1676183938980103,0.4417326748371124,0.7976927757263184,1.9114124774932861,2.404921054840088,2.304913282394409,1.8432623147964478,1.8748457431793213,1.0340150594711304,-0.5630017518997192,-0.9173441529273987,-0.7445628046989441,-0.3572373688220978,0.4793544411659241
0.9151196479797363,0.9543269872665405,0.852427065372467,0.6636678576469421,0.9497660398483276,1.0310688018798828,0.613399088382721,0.1767311543226242,0.33974868059158325,0.7934693694114685,1.070879578590393,0.9278420805931091,-0.3285558223724365,-0.540206789970398,-0.27459847927093506,0.15093274414539337,1.1926498413085938,1.4686458110809326,1.5597699880599976,1.8794238567352295,1.6939767599105835,0.7934525609016418,-0.35638660192489624,-0.8670211434364319,-0.8978738784790039,-0.7085345983505249,0.2554304003715515,0.9724910259246826,1.2111177444458008,1.2400310039520264,1.150437355041504,1.8883593082427979,2.457967758178711,2.315077066421509,2.0068023204803467,2.323971748352051,1.2171860933303833,-0.8618229031562805,-1.1030409336090088,-0.6323762536048889,-0.37827494740486145,0.3608814477920532
0.6442751884460449,0.7734871506690979,0.8066244721412659,0.7223743796348572,0.9152788519859314,0.9663892984390259,0.9188936948776245,0.5682063698768616,0.33489373326301575,1.4274128675460815,1.542960286140442,0.39804479479789734,-0.39948582649230957,-0.8185896873474121,-0.9098721742630005,-0.5448482632637024,0.2913230061531067,1.326079249382019,1.7740013599395752,1.5805752277374268,1.567213773727417,1.4107247591018677,1.193399429321289,0.49698495864868164,-0.1979656219482422,-0.13788671791553497,0.12954600155353546,0.4982817769050598,1.329695701599121,1.713814616203308,1.3256012201309204,1.7221094369888306,2.7205746173858643,2.632946491241455,1.7956821918487549,1.899649977684021,0.6197757124900818,-1.2730289697647095,-1.0679705142974854,-0.4277377724647522,-0.44079726934432983,0.16366273164749146
0.3457777500152588,0.5004519820213318,0.6339277625083923,0.588625431060791,0.6859586834907532,0.9692215323448181,1.3071595430374146,0.9283990859985352,0.45920610427856445,1.8949452638626099,1.4198780059814453,-0.63041090965271,-0.23453254997730255,0.28711459040641785,-0.7100752592086792,-1.29517662525177,-0.470638245344162,0.828109085559845,1.3419914245605469,1.2946088314056396,1.4139935970306396,1.3695545196533203,1.6136125326156616,0.9354329109191895,0.19381150603294373,0.6637505292892456,0.8124381899833679,0.7970557808876038,1.6358393430709839,1.8999091386795044,1.0187363624572754,0.6747710108757019,1.955345630645752,2.3375654220581055,0.6415568590164185,0.050911758095026016,-0.5472564101219177,-1.3226282596588135,-1.2639480829238892,-0.9407579898834229,-0.6763440370559692,-0.22040022909641266
0.08364947885274887,0.24211335182189941,0.44554609060287476,0.23588880896568298,0.45354145765304565,1.166327714920044,1.291427493095398,1.0769940614700317,0.8464449048042297,1.709256887435913,1.2343909740447998,-0.7065319418907166,-0.7231941223144531,0.826073944568634,0.33063265681266785,-1.4302083253860474,-0.8126780390739441,0.40882426500320435,1.0544058084487915,1.402572751045227,1.4467201232910156,1.501185655593872,1.8366631269454956,0.7734910845756531,0.01849144510924816,0.9685205817222595,1.2383593320846558,1.0432703495025635,1.5325950384140015,1.806567907333374,0.7415441870689392,-0.17514066398143768,1.8414084911346436,2.6279358863830566,-0.801939845085144,-0.811408519744873,0.2274005264043808,-0.9725739359855652,-1.351951241493225,-1.1190963983535767,-0.544323205947876,-0.26004916429519653
-0.18866166472434998,-0.07350623607635498,0.18454131484031677,-0.34992149472236633,0.10011214762926102,1.1228132247924805,1.0374747514724731,0.9643558859825134,1.0952032804489136,1.7084650993347168,1.3188879489898682,-0.115635946393013,-0.470941960811615,1.0550224781036377,0.7105555534362793,-1.624826192855835,-1.2073127031326294,-0.010316628031432629,0.5158762335777283,1.0849438905715942,1.3514924049377441,1.5159046649932861,2.085197687149048,1.328673243522644,0.17263038456439972,1.1791311502456665,1.5144705772399902,1.1313351392745972,1.4161977767944336,2.087737560272217,1.2785828113555908,-0.2150479406118393,1.5759356021881104,2.541738510131836,-0.6596096158027649,-0.6363458633422852,1.3996031284332275,0.33973896503448486,-0.1609572172164917,-0.9186604022979736,-1.5003399848937988,-0.5122790932655334
-0.49129191040992737,-0.38809412717819214,-0.1729382574558258,-1.0983147621154785,-0.6156636476516724,0.6374737620353699,0.5687119364738464,1.1259050369262695,1.4975757598876953,1.1795064210891724,0.9029799699783325,0.09129320830106735,-0.40218713879585266,1.121288776397705,1.623678207397461,-0.827677309513092,-1.5476675033569336,-0.5576296448707581,0.015226373448967934,0.8394703269004822,1.3124932050704956,1.6382808685302734,2.0662107467651367,1.6098523139953613,0.6478611826896667,1.1160221099853516,1.8487509489059448,1.9156322479248047,1.5577455759048462,2.0117244720458984,1.2561314105987549,-0.3260318636894226,0.9330921769142151,2.926708459854126,1.9643545150756836,0.7926055788993835,1.2695930004119873,0.7687328457832336,1.5780023336410522,0.6224669814109802,-2.0683672428131104,-1.2277956008911133
-0.6036561727523804,-0.5016287565231323,-0.43236884474754333,-1.3989180326461792,-1.167680025100708,-0.24147458374500275,0.04216896370053291,1.3503414392471313,1.4785341024398804,0.7758551239967346,0.6993345618247986,0.08838731050491333,0.06826961785554886,0.8729161024093628,1.9925943613052368,0.8415542840957642,-1.3141392469406128,-1.2465676069259644,-0.24621033668518066,0.6382734179496765,1.066764235496521,1.4848873615264893,1.9273147583007812,1.5935256481170654,1.1152523756027222,1.4459151029586792,2.117837905883789,2.273545265197754,1.7429144382476807,2.0459625720977783,1.055741310119629,-0.5639645457267761,0.7131321430206299,2.2162747383117676,2.1685149669647217,1.5715558528900146,1.6756393909454346,1.1341526508331299,1.239976167678833,0.9829215407371521,-1.4868662357330322,-1.6558969020843506
-0.5552205443382263,-0.420431911945343,-0.667236328125,-1.8131129741668701,-1.3881502151489258,-0.4576572775840759,-0.15900380909442902,1.3465415239334106,1.0162583589553833,0.19363300502300262,0.5361626148223877,0.48032891750335693,0.8615836501121521,1.1972498893737793,1.421869158744812,1.0354284048080444,-0.49868738651275635,-1.3055859804153442,-0.6327561736106873,0.2830705940723419,0.9176753163337708,1.3665684461593628,1.624040126800537,1.637021541595459,1.6339771747589111,1.8398611545562744,2.2338197231292725,2.496213912963867,1.893040418624878,1.5613059997558594,0.761884331703186,-0.36889785528182983,0.6867479681968689,2.1537623405456543,2.455158233642578,1.9371708631515503,2.2353482246398926,1.777441143989563,0.9438570141792297,0.6430256366729736,-1.1785719394683838,-1.909666895866394
-0.7196173071861267,-0.6221609115600586,-0.9790915250778198,-2.1782703399658203,-1.6609405279159546,-0.6670511364936829,-0.18914686143398285,1.1640238761901855,0.4393036663532257,-0.30647024512290955,0.2077428251504898,0.6952254772186279,1.553644061088562,1.2501659393310547,0.6572437286376953,0.3819025456905365,-0.35844287276268005,-0.7920689582824707,-0.5084745287895203,0.07307841628789902,0.8702337145805359,1.1287695169448853,1.1693413257598877,1.7185958623886108,2.004377841949463,1.8837645053863525,1.9479804039001465,2.206118106842041,2.0884838104248047,1.4922630786895752,0.10812384635210037,-0.6241497993469238,0.6750518679618835,2.220609664916992,2.174851417541504,1.4315683841705322,2.247546672821045,2.439359426498413,0.7024507522583008,-0.19090966880321503,-1.5765212774276733,-2.244333267211914
-1.0090992450714111,-0.9253637790679932,-1.2280125617980957,-2.3735499382019043,-1.7715063095092773,-0.8035452961921692,-0.28949469327926636,0.9127153754234314,0.06993860006332397,-0.9000954627990723,-0.16373306512832642,0.8640515804290771,1.4414442777633667,0.6535980701446533,-0.2574026584625244,0.001470572198741138,-0.4386744201183319,-0.7706820368766785,-0.24306043982505798,0.24266202747821808,0.7546171545982361,0.8046587705612183,1.1107524633407593,2.014704942703247,1.971807837486267,1.7575738430023193,1.8344762325286865,1.6884090900421143,2.1050801277160645,1.7520116567611694,-0.39941632747650146,-1.1404821872711182,0.767630398273468,2.345754623413086,2.4479126930236816,1.717076063156128,1.9738391637802124,2.386162757873535,0.7225719690322876,-0.7718971371650696,-1.998225450515747,-2.0945985317230225
-1.0671664476394653,-0.9567111730575562,-1.287386178970337,-2.364413022994995,-1.7888689041137695,-0.8259400129318237,-0.34847909212112427,0.29906561970710754,-0.19463710486888885,-0.9355707168579102,-0.6649913191795349,0.3376045525074005,0.7342119216918945,0.5338412523269653,0.003529998939484358,-0.023748373612761497,-0.4504140317440033,-0.9850648641586304,-0.26470160484313965,0.187105193734169,0.3985283672809601,0.7385531663894653,1.154828667640686,1.7905176877975464,1.7342588901519775,1.4863981008529663,1.548053503036499,1.5250794887542725,2.0326969623565674,1.7182189226150513,-0.6041859984397888,-1.032580018043518,0.9444570541381836,2.043240785598755,2.0047030448913574,2.1325647830963135,2.0122013092041016,1.220951795578003,0.08461914956569672,-0.916040301322937,-2.0354161262512207,-1.9191205501556396
-0.9756845235824585,-0.813103973865509,-1.1367123126983643,-2.104323387145996,-1.741599678993225,-0.8377106189727783,-0.35318654775619507,-0.7187667489051819,-0.8473979830741882,-0.572157621383667,-0.7728762030601501,-0.2944064736366272,0.12237732857465744,0.32658541202545166,0.13987968862056732,-0.08528415113687515,-0.42460089921951294,-0.6853258609771729,-0.1631917953491211,0.13901004195213318,0.24794504046440125,0.7812688946723938,0.9854843020439148,1.4042150974273682,1.8054416179656982,1.8367365598678589,1.9826165437698364,1.7491726875305176,2.097841739654541,1.5108493566513062,-0.37604495882987976,-0.0017099654069170356,1.3854411840438843,1.7905083894729614,1.8188658952713013,2.521045446395874,2.5398125648498535,0.7417967319488525,-0.4306400418281555,-1.0059484243392944,-2.065797805786133,-1.9144902229309082
-0.9828261137008667,-0.8466073274612427,-1.1180025339126587,-1.615675449371338,-1.1198328733444214,-0.5348477959632874,-0.6806803345680237,-1.1531404256820679,-1.053966999053955,-0.5015273690223694,-0.6186391711235046,-0.4728427231311798,-0.16701960563659668,-0.13963672518730164,-0.25478625297546387,-0.35360226035118103,-0.6786379218101501,-0.44944217801094055,0.35602879524230957,0.11055544018745422,-0.07578670233488083,0.582279622554779,0.6211850643157959,0.9940937757492065,1.4101835489273071,1.4720529317855835,2.105541706085205,1.9382662773132324,0.913382351398468,-0.04916390776634216,-0.35652539134025574,1.0539830923080444,2.2616970539093018,1.755847454071045,1.4706015586853027,2.2584266662597656,2.5193004608154297,1.7450778484344482,0.8221896290779114,-0.14451099932193756,-1.5387060642242432,-1.9789466857910156
-1.0278860330581665,-0.9200273156166077,-1.1688505411148071,-1.7010680437088013,-1.347233772277832,-0.9988262057304382,-0.9700224995613098,-1.1057853698730469,-1.1858891248703003,-0.7540189623832703,-0.7016456723213196,-0.42482513189315796,-0.38401123881340027,-0.41090720891952515,-0.41646531224250793,-0.6492310166358948,-0.6822550892829895,-0.06002987176179886,0.4011496305465698,-0.06509173661470413,-0.1718904972076416,0.4023924767971039,0.5464791655540466,0.9373931288719177,1.1072847843170166,1.1638818979263306,2.3998098373413086,1.7085663080215454,-1.2972642183303833,-1.6194262504577637,-0.026164254173636436,0.9438686370849609,1.969507098197937,2.0636730194091797,1.612721562385559,1.9117250442504883,2.2001616954803467,1.6767654418945312,1.844362735748291,0.7049490213394165,-1.721255898475647,-2.1707355976104736
-1.2006620168685913,-1.1111763715744019,-1.2692211866378784,-1.9424735307693481,-1.6966776847839355,-1.3760788440704346,-1.499037742614746,-1.3645031452178955,-1.238265872001648,-0.9978318810462952,-0.8757830858230591,-0.571366012096405,-0.4985223114490509,-0.5601816177368164,-0.551476001739502,-0.6063965559005737,-0.4569077491760254,0.20317305624485016,0.28354546427726746,-0.08238467574119568,0.06488111615180969,0.14582577347755432,0.1313863843679428,0.8035062551498413,1.0190590620040894,0.8349818587303162,1.8472031354904175,2.4306302070617676,0.5621399879455566,-0.9408907294273376,-0.18143939971923828,0.7805509567260742,1.837746262550354,2.4200448989868164,2.005000591278076,1.669886827468872,1.717435359954834,1.3443092107772827,2.151822805404663,1.5294106006622314,-1.4254976511001587,-2.1425247192382812
-1.177801251411438,-1.0757901668548584,-1.1644178628921509,-1.819245457649231,-1.8199175596237183,-1.600899577140808,-1.7037200927734375,-1.5904394388198853,-1.4331068992614746,-1.1678184270858765,-0.949188232421875,-0.7219411134719849,-0.6729443073272705,-0.6477034091949463,-0.6195475459098816,-0.4152030050754547,0.011312663555145264,0.5100178718566895,0.4202885925769806,0.03906455263495445,-0.01945587806403637,-0.2558635175228119,-0.2602839469909668,0.32276734709739685,0.830012857913971,0.5778983235359192,1.2684015035629272,2.5187625885009766,2.1116690635681152,1.1070650815963745,0.7951047420501709,1.3864264488220215,2.1292216777801514,2.5388073921203613,2.419269561767578,1.9353951215744019,1.7168129682540894,1.4212363958358765,1.7938381433486938,1.540715217590332,-1.2647638320922852,-2.0743227005004883
-1.237737774848938,-1.1640819311141968,-1.1854578256607056,-1.815574288368225,-1.9719586372375488,-1.8046528100967407,-1.8787163496017456,-1.7786401510238647,-1.7451410293579102,-1.5201148986816406,-1.0924307107925415,-0.7425219416618347,-0.6531224846839905,-0.6543486714363098,-0.6886141896247864,-0.4677387773990631,0.2409617006778717,1.1130698919296265,0.9361892342567444,0.11137931048870087,-0.3859737813472748,-0.7998151183128357,-0.7537263035774231,-0.14869725704193115,0.40804922580718994,0.5378096699714661,1.0034533739089966,1.8046956062316895,2.1728906631469727,1.5974472761154175,1.230116844177246,1.8257603645324707,2.1608774662017822,2.4517860412597656,2.571218729019165,2.215141773223877,1.9834234714508057,1.792558193206787,2.055096387863159,1.5501461029052734,-1.1450567245483398,-1.7447530031204224
