demo/1200-wind-surface-level-gfs-1.0.json
{"header": {"productDefinitionTemplate": 0, "surface1Type": 103, "productStatus": 0, "disciplineName": "Meteorological products", "subDivisions": 0, "winds": "true", "parameterNumberName": "V-component_of_wind", "discipline": 0, "surface2Value": 0, "significanceOfRTName": "Start of forecast", "surface2TypeName": "Missing", "surface2Type": 255, "productTypeName": "Forecast products", "dx": 0.024617210030555725, "dy": 0.01798853650689125, "numberPoints": 65160, "productStatusName": "Operational products", "gribEdition": 2, "parameterUnit": "m.s-1", "forecastTime": 0, "refTime": "2020-09-30T10:00:00.000Z", "productType": 1, "genProcessTypeName": "Forecast", "scanMode": 0, "genProcessType": 2, "gribLength": 11338.0, "significanceOfRT": 1, "productDefinitionTemplateName": "Analysis/forecast at horizontal level/layer at a point in time", "centerName": "WRF OUTPUT", "la1": 43.66691207885742, "la2": 42.426788330078125, "lo2": 13.70867919921875, "gridUnits": "degrees", "surface1Value": 10, "shapeName": "Earth spherical with radius of 6,371,229.0 m", "surface1TypeName": "Specified height level above ground", "nx": 70.0, "ny": 70.0, "lo1": 12.008544921875, "basicAngle": 0, "gridDefinitionTemplate": 0, "shape": 6, "parameterNumber": 3, "subcenter": 0, "parameterCategoryName": "Momentum", "parameterCategory": 2, "center": 0, "gridDefinitionTemplateName": "Latitude_Longitude", "resolution": 48}, "data":
[rows 38 to 56 of 70, columns 0 to 41 of 70]
0.29412561655044556,0.2338293194770813,0.21475444734096527,0.05924412980675697,-0.7170807719230652,-0.9534082412719727,-1.1551212072372437,-1.0099916458129883,-0.5289024114608765,0.056360792368650436,0.505101203918457,0.4628112316131592,0.1188746988773346,0.08499166369438171,0.0678558275103569,-0.19134777784347534,-0.6697214245796204,-0.7807846069335938,-0.7968089580535889,-1.0544644594192505,-1.1800439357757568,-1.2010271549224854,-1.0081439018249512,-0.7097922563552856,-0.23982593417167664,-0.165700301527977,-0.287857323884964,-0.08674267679452896,0.15906211733818054,0.6393778920173645,0.7202610373497009,0.13596215844154358,-0.3300161361694336,-0.5365311503410339,-0.3274677097797394,-0.23383930325508118,-0.5701587200164795,-0.5952041149139404,-0.35644567012786865,-0.08362630009651184,-1.0874247550964355,-1.997674822807312
0.4958207309246063,0.3979591131210327,0.3804921507835388,0.2585453391075134,-0.28482669591903687,-0.413329154253006,0.0016391329700127244,-0.019991928711533546,0.2937491834163666,0.40219056606292725,0.3398325443267822,0.15606103837490082,0.21552881598472595,0.08388909697532654,0.0009222900844179094,-0.3221823573112488,-0.7654845118522644,-0.9004178643226624,-0.3401931822299957,0.6410719752311707,0.797240138053894,-0.300296425819397,-0.7215275168418884,-0.4968932569026947,-0.43767186999320984,-0.39319634437561035,-0.34145307540893555,-0.3996058702468872,-0.23248103260993958,0.3585814833641052,0.3396764397621155,-0.18369022011756897,-0.5882024765014648,-1.1987204551696777,-1.0798553228378296,-0.5449852347373962,-0.17931950092315674,-0.2884425222873688,0.28517019748687744,0.719478964805603,0.1059805154800415,-1.1819978952407837
0.7047606110572815,0.5915451645851135,0.5953583717346191,0.6375612020492554,0.9663253426551819,0.6854137182235718,0.9757596850395203,0.8740643858909607,0.6996034383773804,0.3694397509098053,0.039866507053375244,0.07220226526260376,0.5270863771438599,0.44063639640808105,0.03525077551603317,-0.29956817626953125,-0.5926633477210999,-0.647392749786377,-0.14270897209644318,0.8339422941207886,1.0393319129943848,0.42941516637802124,-0.3679792582988739,-0.5464285612106323,-0.6697765588760376,-0.5663784146308899,-0.48353657126426697,-0.4623974859714508,-0.1491468995809555,0.2436530590057373,0.1591586470603943,-0.02771048992872238,-0.11175043135881424,-1.244438648223877,-1.910158634185791,-1.1332072019577026,-0.04813474789261818,0.36065536737442017,0.9574858546257019,1.294451117515564,1.7351796627044678,1.497887134552002
0.924256443977356,0.8150267601013184,0.7776778340339661,0.7695809602737427,0.9317956566810608,0.7949890494346619,0.2883523106575012,0.35902631282806396,0.03899622708559036,-0.14055117964744568,-0.27485191822052,-0.08735232055187225,0.17281703650951385,0.5254455208778381,0.2613135278224945,-0.2536686658859253,-0.5192411541938782,-0.4878823757171631,-0.31215900182724,-0.7668119072914124,-0.12034311890602112,1.1129202842712402,0.6690747737884521,-0.869274914264679,-0.8581414222717285,-0.8507099747657776,-0.8120874166488647,-0.6269862651824951,-0.15424463152885437,0.267452210187912,0.2534773349761963,0.36660414934158325,0.27381664514541626,-0.4691970944404602,-1.607755184173584,-0.8973372578620911,-0.19946901500225067,0.8186406493186951,1.4248263835906982,1.5508050918579102,1.698014736175537,2.202324867248535
1.0989075899124146,1.0317049026489258,0.9781922101974487,0.7108058929443359,0.12152539193630219,0.6473467350006104,0.36948710680007935,-0.08064501732587814,-0.49125081300735474,-0.4111328721046448,-0.6211315393447876,-0.8695341348648071,-0.6427583694458008,-0.01858743093907833,0.27579641342163086,-0.17674067616462708,-0.5020372867584229,-0.6734955310821533,-0.6462094783782959,-1.0355944633483887,-0.1208537220954895,0.7918137907981873,1.1276369094848633,0.07945114374160767,-1.120076298713684,-1.2929229736328125,-1.310001015663147,-1.0196126699447632,-0.3636184334754944,-0.07715453207492828,-0.054021500051021576,0.19044874608516693,0.14959152042865753,-0.17683637142181396,-0.85394686460495,-0.339256227016449,0.047702956944704056,1.119444489479065,1.3625538349151611,0.9884566068649292,1.5324536561965942,1.6877328157424927
1.2617454528808594,1.229416847229004,1.1763668060302734,0.8278511166572571,0.040728699415922165,0.6073254942893982,0.776819109916687,0.2905317544937134,-0.23550762236118317,-0.18971586227416992,-0.7346105575561523,-0.9785100221633911,-0.756066083908081,-0.3572661876678467,-0.12080294638872147,-0.0908379778265953,-0.25097793340682983,-0.29021209478378296,-0.405000776052475,-0.38381823897361755,-0.47497040033340454,-0.5293043255805969,0.1701411008834839,0.4830312430858612,-0.6021313071250916,-1.2896499633789062,-1.3381831645965576,-1.0154011249542236,-0.7565599679946899,-0.6994708180427551,-0.5637943148612976,-0.47247686982154846,-0.3508695960044861,-0.5633112192153931,-0.6299747228622437,-0.04006960242986679,0.6385485529899597,1.0098919868469238,0.5848326086997986,0.3566816449165344,1.2107232809066772,1.1861530542373657
1.4190601110458374,1.4066162109375,1.3816866874694824,1.0502146482467651,0.2807369828224182,0.12255074828863144,0.4319300055503845,0.33234354853630066,-0.2832914888858795,-0.33826228976249695,-0.6350187063217163,-0.3995811641216278,-0.09761323034763336,-0.09542251378297806,-0.1935175359249115,-0.08507077395915985,-0.06506974250078201,0.029415175318717957,0.08166204392910004,-0.42119255661964417,-0.8866420388221741,-0.7035179138183594,-0.7341169118881226,-0.6147139072418213,-0.4182911217212677,-0.528721034526825,-0.2984565794467926,-0.3112403154373169,-0.5539050698280334,-0.729638397693634,-0.48665082454681396,-0.4913516640663147,-0.28533512353897095,0.051236629486083984,0.047672390937805176,-0.11936070024967194,0.5854272842407227,1.1625922918319702,0.9387688040733337,0.6399608850479126,0.11046969145536423,-0.6283092498779297
1.5682899951934814,1.5541256666183472,1.5618321895599365,1.4342758655548096,1.6043578386306763,0.2855667471885681,0.020189467817544937,-0.37672895193099976,-0.4166809916496277,-0.1916610598564148,-0.26059046387672424,0.02240721322596073,0.29003071784973145,0.11429556459188461,-0.1340940147638321,-0.25168222188949585,-0.2181498408317566,-0.17680232226848602,-0.025328608229756355,-0.25798600912094116,-0.6335168480873108,-0.7339939475059509,-1.0023285150527954,-1.2163491249084473,-1.0207798480987549,-0.519798755645752,-0.1776665300130844,-0.33767828345298767,-0.6545884609222412,-1.0144305229187012,-0.7650085091590881,-0.2619860768318176,0.47328194975852966,1.3912218809127808,1.4533318281173706,0.39451396465301514,0.7961471676826477,1.5852941274642944,1.719071865081787,1.2116053104400635,-0.31230810284614563,-1.4943784475326538
1.653601884841919,1.6620701551437378,1.663606882095337,1.704750895500183,2.2914161682128906,1.4925514459609985,0.6231300830841064,-0.261617511510849,-0.027788827195763588,0.49734607338905334,0.386126846075058,0.1680765151977539,0.10504154115915298,-0.05842910334467888,-0.06300996243953705,0.008008146658539772,-0.015170691534876823,-0.1876099705696106,-0.15036641061306,0.09619595855474472,0.17224940657615662,-0.9095718264579773,-1.4899256229400635,-1.6778560876846313,-1.6204365491867065,-1.215330719947815,-0.8687907457351685,-0.9119182229042053,-0.9620846509933472,-1.2302429676055908,-1.1789504289627075,-0.3765663206577301,0.9420948028564453,1.8475624322891235,1.3757269382476807,1.0608808994293213,1.4190804958343506,1.4660245180130005,1.1164432764053345,0.35910072922706604,-0.9282193183898926,-1.7014011144638062
1.6598972082138062,1.6960872411727905,1.7309012413024902,1.7563585042953491,2.0171329975128174,1.8650836944580078,1.5685725212097168,0.6627105474472046,0.7321463823318481,0.6977421045303345,0.12392383068799973,-0.4353834092617035,-0.6322015523910522,-0.503899335861206,-0.2990046441555023,-0.12351543456315994,-0.0134581932798028,-0.12913338840007782,-0.14835286140441895,0.07212934643030167,0.21613603830337524,-0.42121273279190063,-1.5598106384277344,-1.7802178859710693,-1.3487989902496338,-0.5435054898262024,-0.6532415747642517,-0.9372793436050415,-1.1870970726013184,-1.3750163316726685,-1.4924067258834839,-0.8984204530715942,0.45881468057632446,0.9072523713111877,0.3913395404815674,1.7685811519622803,1.7363340854644775,0.6407442092895508,-0.19147814810276031,-0.5610021352767944,-0.1370512843132019,-0.0006947517395019531
1.6627202033996582,1.6684073209762573,1.7491631507873535,1.7610152959823608,2.134028911590576,2.020202159881592,2.2043654918670654,1.7576826810836792,1.739222526550293,1.188667893409729,0.25496572256088257,-0.4794095456600189,-0.09101901203393936,0.31572026014328003,0.13769155740737915,-0.2179749757051468,-0.29170531034469604,-0.2255811095237732,-0.19046801328659058,-0.04622465744614601,0.0003325363213662058,0.45055827498435974,-0.33428141474723816,-0.9040409922599792,-0.4594152569770813,-0.10937366634607315,-0.6218686103820801,-0.9879730343818665,-1.382084608078003,-1.5072118043899536,-1.5807667970657349,-1.4085333347320557,-0.7397832870483398,-0.5445880889892578,-0.35963138937950134,2.101423740386963,1.6278867721557617,-0.26110705733299255,-1.1629208326339722,-0.306701123714447,1.4558557271957397,2.0607032775878906
1.6945213079452515,1.6826777458190918,1.7423816919326782,1.7684094905853271,2.132960557937622,2.0525944232940674,2.3736648559570312,2.1935527324676514,1.9323481321334839,1.9982876777648926,1.646988868713379,0.8916493654251099,0.9669116735458374,1.0236371755599976,0.5085354447364807,-0.17461912333965302,-0.5286647081375122,-0.5513628721237183,-0.27289313077926636,-0.009329150430858135,0.44706565141677856,1.1038198471069336,0.9228171706199646,0.0663902759552002,-0.35756129026412964,-0.37254753708839417,-0.6132638454437256,-1.10220205783844,-1.4170106649398804,-1.5610086917877197,-1.5066524744033813,-1.2681095600128174,-1.1818472146987915,-1.145909309387207,0.3948901295661926,1.9415473937988281,0.9099982380867004,-0.6489092707633972,-1.172698736190796,-0.8226975202560425,0.11411651968955994,0.9995702505111694
1.6089458465576172,1.6089848279953003,1.5935454368591309,1.6226506233215332,1.788966178894043,1.8023786544799805,2.2544779777526855,1.8927503824234009,1.7139382362365723,1.6781363487243652,1.9552459716796875,1.6598724126815796,0.802578330039978,0.22669661045074463,-0.4162360727787018,-0.8305395245552063,-0.8445943593978882,-0.6132708787918091,-0.42641299962997437,-0.25610414147377014,0.14525355398654938,0.468793660402298,0.6445403099060059,0.30855512619018555,0.06092101335525513,-0.42062267661094666,-0.7003611922264099,-1.1478259563446045,-1.251132607460022,-1.249851942062378,-1.1885331869125366,-1.1115347146987915,-1.2025957107543945,-0.6798784136772156,1.7710741758346558,1.6099903583526611,0.4511810541152954,-0.3023774027824402,-0.22470635175704956,-1.403994083404541,-1.5813605785369873,-0.6121699213981628
1.491550087928772,1.4545822143554688,1.3480888605117798,1.3652697801589966,1.3756486177444458,1.4599062204360962,1.8629201650619507,1.9030643701553345,1.9368375539779663,1.2912390232086182,1.0107427835464478,0.9449567198753357,0.1596948653459549,-0.9420090317726135,-1.7602795362472534,-1.67719304561615,-1.2253767251968384,-0.9222113490104675,-0.6784235835075378,-0.5239763855934143,-0.2591625154018402,-0.16452115774154663,-0.11416292935609818,0.3865039646625519,0.9247241020202637,-0.14704471826553345,-0.6386505961418152,-0.8225789070129395,-1.0748271942138672,-1.2425376176834106,-1.4007596969604492,-1.4334803819656372,-1.4596445560455322,-0.3791944980621338,1.3927499055862427,0.7407916188240051,-0.24381181597709656,-0.6941754221916199,-0.3027873933315277,-0.697263240814209,-0.49342072010040283,-0.43329763412475586
1.2651233673095703,1.1188651323318481,1.007770299911499,1.058565378189087,1.0918900966644287,0.9423844218254089,1.2425323724746704,1.6932169198989868,1.8753982782363892,1.69246506690979,1.208232045173645,-0.37766432762145996,-1.4482191801071167,-2.1088883876800537,-1.902477741241455,-1.0487326383590698,-0.9585612416267395,-0.9743046164512634,-0.8594368100166321,-0.33926042914390564,0.07832445949316025,-0.007267055567353964,-0.313822865486145,0.1451418399810791,0.9372286200523376,0.5607879161834717,-0.5767819881439209,-1.0258467197418213,-1.5753450393676758,-1.7484617233276367,-1.863655686378479,-1.8726940155029297,-1.716160774230957,-0.6465153694152832,-0.021920613944530487,-0.1653342843055725,-0.31544044613838196,-1.2844960689544678,-0.747505784034729,0.3879593014717102,0.4282025694847107,-0.2045334279537201
1.0215003490447998,0.775533139705658,0.67253178358078,0.8194258809089661,1.0477159023284912,0.8121187090873718,0.8054978251457214,0.8755202889442444,0.6597304940223694,0.22727280855178833,0.1932307928800583,-0.9640722870826721,-1.3729263544082642,-1.0455937385559082,0.08324550092220306,0.15128156542778015,-0.48106294870376587,-0.7339527606964111,-0.8750404715538025,-0.5015302896499634,-0.17990846931934357,-0.02038053795695305,-0.16400952637195587,-0.4967447519302368,0.02058456838130951,0.40419188141822815,-0.8163288831710815,-1.3986839056015015,-1.7934448719024658,-1.9294909238815308,-1.7515023946762085,-1.7024410963058472,-0.14790308475494385,0.9230818748474121,0.3019295632839203,-0.13073934614658356,0.717418909072876,-0.48539888858795166,-0.7794509530067444,0.18822570145130157,-0.41760069131851196,-1.0934306383132935
0.8395592570304871,0.5906400084495544,0.49024730920791626,0.5918883085250854,0.8871569633483887,0.970787525177002,0.9320781230926514,0.9045981168746948,0.3817310035228729,-0.3315524458885193,-0.512809157371521,-0.18158294260501862,0.03959271311759949,0.5916572213172913,1.2205162048339844,0.9905098676681519,0.0029579452238976955,-0.5050891637802124,-0.5089448094367981,-0.7540097236633301,-0.8792781829833984,-0.6762115955352783,-0.4150499999523163,-0.511547327041626,-0.21466383337974548,0.17087939381599426,-1.2117947340011597,-1.6227662563323975,-1.6808546781539917,-1.4562097787857056,-0.854317843914032,-0.44135522842407227,1.6313292980194092,2.1600170135498047,1.4155701398849487,0.5553189516067505,0.23675645887851715,0.04549174755811691,-0.18524441123008728,-0.18518272042274475,-0.7551621198654175,-1.812211275100708
0.7040470838546753,0.5106430649757385,0.41024845838546753,0.48623359203338623,0.7610295414924622,0.8871278166770935,1.0347737073898315,1.214117169380188,1.1451525688171387,1.238131046295166,1.1166410446166992,0.9774872064590454,0.5877281427383423,0.42959994077682495,0.679286539554596,1.2697077989578247,1.406218409538269,0.841515302658081,0.6751611232757568,0.22591401636600494,-0.03964390978217125,-0.07512611895799637,-0.06742329150438309,0.0171058252453804,-0.013150576502084732,0.7992290258407593,0.09255307912826538,-0.7744585275650024,-1.1622079610824585,0.5106589794158936,1.388994812965393,1.775489091873169,1.8622418642044067,1.4630507230758667,1.4937453269958496,1.4015543460845947,0.12717700004577637,0.3542056679725647,1.576999545097351,1.2640666961669922,0.6816698312759399,-0.97437584400177
0.6238205432891846,0.5087823867797852,0.408885657787323,0.49357709288597107,0.7864572405815125,0.7372414469718933,0.853308916091919,1.0468907356262207,1.2711093425750732,1.454993724822998,1.5400961637496948,1.1108144521713257,0.6058252453804016,0.5163477659225464,0.15639817714691162,0.3944425880908966,1.2888216972351074,1.4871145486831665,1.3541911840438843,1.3890774250030518,1.4299230575561523,1.4049631357192993,1.0045808553695679,0.6248724460601807,-0.034995704889297485,0.8762108087539673,1.877830147743225,1.4650523662567139,0.6294906139373779,1.7175793647766113,2.3487846851348877,2.5728840827941895,2.3724045753479004,1.6741951704025269,1.1677261590957642,1.3232687711715698,0.8185205459594727,1.166441798210144,2.066789150238037,1.4887351989746094,1.0608593225479126,0.08009089529514313
