demo/1200-wind-surface-level-gfs-1.0.json
{"header": {"productDefinitionTemplate": 0, "surface1Type": 103, "productStatus": 0, "disciplineName": "Meteorological products", "subDivisions": 0, "winds": "true", "parameterNumberName": "V-component_of_wind", "discipline": 0, "surface2Value": 0, "significanceOfRTName": "Start of forecast", "surface2TypeName": "Missing", "surface2Type": 255, "productTypeName": "Forecast products", "dx": 0.024617210030555725, "dy": 0.01798853650689125, "numberPoints": 65160, "productStatusName": "Operational products", "gribEdition": 2, "parameterUnit": "m.s-1", "forecastTime": 0, "refTime": "2020-09-30T10:00:00.000Z", "productType": 1, "genProcessTypeName": "Forecast", "scanMode": 0, "genProcessType": 2, "gribLength": 11338.0, "significanceOfRT": 1, "productDefinitionTemplateName": "Analysis/forecast at horizontal level/layer at a point in time", "centerName": "WRF OUTPUT", "la1": 43.66691207885742, "la2": 42.426788330078125, "lo2": 13.70867919921875, "gridUnits": "degrees", "surface1Value": 10, "shapeName": "Earth spherical with radius of 6,371,229.0 m", "surface1TypeName": "Specified height level above ground", "nx": 70.0, "ny": 70.0, "lo1": 12.008544921875, "basicAngle": 0, "gridDefinitionTemplate": 0, "shape": 6, "parameterNumber": 3, "subcenter": 0, "parameterCategoryName": "Momentum", "parameterCategory": 2, "center": 0, "gridDefinitionTemplateName": "Latitude_Longitude", "resolution": 48}, "data":
[rows 0 to 18 of 70, columns 0 to 41 of 70]
1.9431921243667603,2.2823097705841064,2.6514155864715576,2.619622230529785,2.5628602504730225,2.178480625152588,1.766088843345642,1.3012195825576782,1.0590012073516846,1.5068409442901611,1.9984147548675537,1.8994970321655273,1.1748337745666504,0.2619296610355377,-0.36240994930267334,-0.9956651329994202,-1.542119026184082,-1.7175631523132324,-1.7307342290878296,-1.8206695318222046,-1.8899707794189453,-1.9110057353973389,-1.7676869630813599,-1.6598608493804932,-1.488782525062561,-1.1255898475646973,-0.9295545220375061,-0.6748958230018616,-0.7164409160614014,-0.9763010740280151,-1.544988751411438,-1.7423137426376343,-1.945900797843933,-2.014507532119751,-1.9820420742034912,-1.717405080795288,-1.6126636266708374,-1.456300973892212,-1.2412418127059937,-0.6880261898040771,-0.37026384472846985,-0.3798961937427521
1.912628412246704,2.272515296936035,2.582428455352783,2.4920623302459717,2.4243597984313965,1.9959039688110352,1.530875563621521,1.089362621307373,0.8476334810256958,1.2398227453231812,1.6824357509613037,1.7294353246688843,1.3007594347000122,0.5649067163467407,-0.05959254503250122,-0.8061668872833252,-1.4496610164642334,-1.6501269340515137,-1.637805700302124,-1.7061103582382202,-1.7369863986968994,-1.752036690711975,-1.593205213546753,-1.4926704168319702,-1.305193543434143,-0.9134349822998047,-0.6358457207679749,-0.3063717186450958,-0.2905673384666443,-0.5294288396835327,-1.0690797567367554,-1.2769393920898438,-1.5249985456466675,-1.636598825454712,-1.6492657661437988,-1.503095030784607,-1.466239094734192,-1.3787305355072021,-1.1814773082733154,-0.5953426957130432,-0.26596587896347046,-0.3259974718093872
1.879513144493103,2.05924391746521,2.058135986328125,1.9225038290023804,1.8429938554763794,1.7363545894622803,1.525537371635437,1.3716436624526978,1.1379003524780273,0.8978821635246277,0.5736606121063232,0.5489934682846069,0.6070915460586548,0.5916748046875,0.4018540680408478,0.08407564461231232,-0.2649422883987427,-0.44180744886398315,-0.5161406397819519,-0.5633993744850159,-0.5213895440101624,-0.5244441032409668,-0.5447157025337219,-0.5325932502746582,-0.4788607358932495,-0.2829868495464325,-0.1846788078546524,-0.08170457184314728,-0.11321038007736206,-0.2520465552806854,-0.5799086093902588,-0.8280208110809326,-1.1210795640945435,-1.2443926334381104,-1.363518476486206,-1.4572577476501465,-1.5104714632034302,-1.5553606748580933,-1.6646820306777954,-1.672174096107483,-1.6924995183944702,-1.7389734983444214
1.927943229675293,1.9536190032958984,1.9108890295028687,1.7562282085418701,1.4391961097717285,1.325320839881897,1.2327823638916016,1.2110899686813354,1.1202151775360107,1.0319669246673584,0.8659408688545227,0.759351372718811,0.6365969777107239,0.45216938853263855,0.41463443636894226,0.21336165070533752,-0.04548996314406395,-0.10018706321716309,-0.054672885686159134,0.038740817457437515,0.19547203183174133,0.1847842037677765,0.13076844811439514,-0.07928478717803955,-0.30750221014022827,-0.617128849029541,-0.6367891430854797,-0.5376102328300476,-0.47948968410491943,-0.46112433075904846,-0.6569751501083374,-1.019760012626648,-1.3421571254730225,-1.262186884880066,-1.318839430809021,-1.5638043880462646,-1.742674708366394,-1.8550788164138794,-2.035478115081787,-2.1309659481048584,-2.219010829925537,-2.3195314407348633
1.8831608295440674,1.8089048862457275,1.7543491125106812,1.6343165636062622,1.198373556137085,1.2366180419921875,1.431598424911499,1.35537850856781,1.4654383659362793,1.2934993505477905,1.0931464433670044,1.0512950420379639,0.9244601130485535,0.5948290228843689,0.5308409929275513,0.19698917865753174,0.24837100505828857,0.39451083540916443,0.5595991015434265,0.7078052759170532,0.7748187184333801,0.6247730851173401,0.4434559941291809,0.057465918362140656,-0.31996405124664307,-0.28374630212783813,-0.041456956416368484,0.3911993205547333,0.6029130816459656,0.5161162614822388,0.2656901180744171,-0.2194829285144806,-0.9555531740188599,-1.3524444103240967,-1.3290212154388428,-1.5843380689620972,-1.8380091190338135,-2.0559568405151367,-2.2614657878875732,-2.2481894493103027,-2.27118182182312,-2.333179473876953
1.6692922115325928,1.5358529090881348,1.4993717670440674,1.4288026094436646,1.1241625547409058,1.3041400909423828,1.6956883668899536,1.6131874322891235,1.5144838094711304,1.411604881286621,1.5653316974639893,1.4517878293991089,1.2606455087661743,0.8797178268432617,0.6582558155059814,0.739607572555542,1.2497469186782837,1.212599754333496,1.1411746740341187,1.058065414428711,0.920200765132904,0.39847898483276367,-0.0732441395521164,-0.09137929230928421,0.33471915125846863,0.9764075875282288,1.219712495803833,1.3663901090621948,1.2587088346481323,1.0059700012207031,0.8126522898674011,0.5246132612228394,0.3856510818004608,0.26452186703681946,0.22820085287094116,-0.16024267673492432,-0.652667760848999,-1.1952632665634155,-1.734998106956482,-2.1311447620391846,-2.260418176651001,-2.3185529708862305
1.2828952074050903,1.1477608680725098,1.1444530487060547,1.1285860538482666,1.0345655679702759,1.1964906454086304,1.3735439777374268,1.6601299047470093,1.5553356409072876,1.375598669052124,1.5263030529022217,1.6020264625549316,1.278468132019043,0.9263033866882324,0.8163954615592957,1.1730104684829712,1.2598217725753784,1.0512564182281494,0.8601760864257812,0.829194962978363,0.5747349262237549,0.46742644906044006,0.42005836963653564,0.853706419467926,1.3417658805847168,1.356953740119934,1.1311240196228027,0.7090598344802856,0.45815593004226685,0.5850070714950562,0.6832701563835144,0.5206016898155212,0.6384130120277405,0.8719151020050049,0.8052482008934021,0.5222933292388916,0.3290291726589203,-0.32247209548950195,-0.6286190152168274,-1.2341395616531372,-1.8455309867858887,-2.1866137981414795
0.6506375074386597,0.5596797466278076,0.5971631407737732,0.6587891578674316,0.656126856803894,1.0026112794876099,1.1614832878112793,1.3214001655578613,1.6830216646194458,1.490850806236267,1.4946991205215454,1.7879611253738403,1.501678466796875,1.2448313236236572,1.2804913520812988,1.1487118005752563,0.9481409788131714,0.8743469715118408,0.8995428681373596,0.9251314997673035,0.9646793007850647,1.5428683757781982,2.096006155014038,2.1344096660614014,1.6808702945709229,0.8478425741195679,0.7687073945999146,0.5061554908752441,0.30292877554893494,0.5115625858306885,0.568213701248169,0.6239999532699585,0.08026087284088135,-0.06927987933158875,-0.09741843491792679,0.05571337789297104,0.5389236211776733,-0.4060252010822296,-0.4703724682331085,-0.5216667652130127,-0.8528552651405334,-1.4733896255493164
0.07015234231948853,-0.0038581157568842173,0.08359268307685852,0.20206496119499207,0.34693443775177,0.7111492156982422,0.8477022051811218,0.8955512046813965,1.0019899606704712,1.295824646949768,1.4779691696166992,1.429702877998352,1.213518500328064,1.2734243869781494,1.1837621927261353,1.048418641090393,1.1287236213684082,0.9718444347381592,1.0151640176773071,1.1409180164337158,1.478628158569336,1.5154964923858643,1.856139063835144,1.6768972873687744,1.1913353204727173,1.203507900238037,1.2515579462051392,0.504021167755127,-0.35325780510902405,-0.7443322539329529,-0.8332059383392334,-0.8659796714782715,-0.8357571959495544,-1.0418545007705688,-1.073035717010498,-0.08314648270606995,0.6362313032150269,-0.36352473497390747,-1.1088249683380127,-0.5805173516273499,-0.5439748167991638,-0.6690934896469116
-0.22319887578487396,-0.2738034129142761,-0.243709534406662,-0.13378675282001495,0.19638195633888245,0.3399520814418793,0.28640300035476685,0.5310398936271667,0.6220061182975769,0.8127803802490234,1.2480168342590332,1.0732680559158325,0.8298355340957642,1.0541499853134155,1.035743236541748,1.0999201536178589,0.9951750636100769,0.8410149812698364,1.0292718410491943,1.2560265064239502,1.4378702640533447,1.1750085353851318,0.8501104712486267,0.06932235509157181,1.0470080375671387,2.363898515701294,2.094048023223877,0.32608288526535034,-1.123791217803955,-1.0106395483016968,-1.6614694595336914,-0.7460611462593079,0.25429031252861023,-0.07773846387863159,-0.4379776120185852,0.3363793194293976,0.7028397917747498,0.7875263690948486,-0.42375606298446655,-0.7235708832740784,-0.5011461973190308,-0.8656281232833862
-0.3355225622653961,-0.39928799867630005,-0.37866446375846863,-0.3223247528076172,-0.242933988571167,0.06489329785108566,-0.10682585090398788,-0.05321236327290535,0.09909515827894211,0.06529611349105835,0.5227832198143005,0.5338433384895325,0.4896882474422455,0.5113147497177124,0.5265375971794128,0.5144349336624146,0.37859389185905457,0.8996760249137878,1.5742206573486328,1.4082094430923462,1.2182719707489014,1.2604042291641235,0.8530212044715881,-0.05852266028523445,0.5488753318786621,1.2696605920791626,1.4046432971954346,1.542608618736267,-0.9332705736160278,-1.25763738155365,-1.2804945707321167,0.20468011498451233,0.363334059715271,1.1408870220184326,1.5227042436599731,1.435652494430542,1.1525171995162964,1.3143268823623657,0.9878209829330444,-0.6147421002388,-0.7861984968185425,-1.0748670101165771
-0.32574766874313354,-0.41509565711021423,-0.36343881487846375,-0.26688939332962036,-0.060855694115161896,-0.10583573579788208,-0.5958975553512573,-0.6303967237472534,-0.8548216223716736,-0.412833034992218,0.20850695669651031,0.6263980865478516,0.6888237595558167,0.45660680532455444,0.31422099471092224,0.23473288118839264,0.4788554310798645,1.3883572816848755,1.7957510948181152,1.2784597873687744,1.0398610830307007,1.249434471130371,1.407954454421997,1.3398722410202026,0.19343659281730652,-0.4758667051792145,0.8394635915756226,2.267974376678467,0.6200330257415771,-1.170090913772583,-0.7647266387939453,-1.0836946964263916,-1.1962388753890991,0.6808732151985168,1.3059805631637573,1.5145635604858398,1.45366632938385,1.1093518733978271,1.2678555250167847,0.5132890939712524,-0.9166578650474548,-0.2936435043811798
-0.08212266862392426,-0.26571124792099,-0.2710164785385132,-0.24196700751781464,-0.34134963154792786,-0.6163514256477356,-0.49697887897491455,-0.5587477087974548,-0.4627589285373688,0.069918692111969,0.57353276014328,0.8589562773704529,0.5890248417854309,0.27872151136398315,0.07246474921703339,0.6029683351516724,1.3044683933258057,1.574378252029419,1.2254278659820557,1.0976711511611938,1.2349661588668823,1.5706119537353516,1.6528643369674683,1.4399962425231934,1.0221850872039795,0.3096569776535034,0.2549644410610199,0.6301937103271484,1.2496435642242432,1.0044581890106201,0.8608254194259644,-0.22395774722099304,0.034382760524749756,1.3705488443374634,0.914970874786377,0.9514103531837463,1.047402262687683,1.4188817739486694,1.562593936920166,1.2972891330718994,0.11581858992576599,-0.04438703879714012
0.28935545682907104,0.05713726207613945,-0.039011016488075256,-0.08964260667562485,-0.1352802962064743,-0.16684240102767944,0.16471661627292633,0.4899582862854004,0.8374191522598267,0.9771928787231445,0.8673096895217896,0.9007266163825989,0.7347151041030884,0.8587724566459656,0.8958816528320312,1.5413638353347778,1.6963648796081543,1.2394417524337769,0.8657289743423462,1.119367003440857,1.552321195602417,1.5266358852386475,1.204663634300232,0.8521600961685181,1.1684973239898682,0.6217759847640991,0.1168610081076622,0.7965261936187744,1.4072712659835815,1.9023140668869019,1.7159574031829834,1.4923036098480225,2.0155062675476074,1.8971182107925415,1.1802924871444702,0.5119916200637817,-0.06522795557975769,1.1024985313415527,1.5319865942001343,0.8234564065933228,1.065684199333191,0.684933066368103
0.5649197697639465,0.40677404403686523,0.2712053954601288,0.19473706185817719,0.2720581889152527,0.37977561354637146,0.47757697105407715,0.5146567225456238,0.9719399809837341,0.8958099484443665,0.7765151858329773,0.9532418847084045,1.097946047782898,1.386500358581543,1.367661714553833,1.6314358711242676,1.2746254205703735,0.972329318523407,0.8889031410217285,1.1905180215835571,1.5567620992660522,1.2112150192260742,0.69365394115448,0.5442337393760681,0.6227676272392273,0.2836977243423462,1.0768764019012451,2.0937247276306152,1.918427586555481,1.041857123374939,0.16647054255008698,0.6581398248672485,1.2228782176971436,0.9070500135421753,0.917977511882782,0.6607491970062256,0.042908668518066406,0.8044954538345337,0.7316619157791138,0.2848191261291504,0.7044022083282471,0.21540378034114838
0.8671994209289551,0.7836167812347412,0.6171958446502686,0.4875220060348511,0.3877953290939331,0.26000308990478516,0.38168537616729736,0.35251766443252563,0.45020028948783875,0.40101319551467896,0.42981985211372375,0.5771276950836182,0.7612087726593018,0.9101890325546265,0.9972233772277832,1.197824239730835,0.8836067318916321,0.6032769083976746,0.6707394123077393,1.187299132347107,1.4046058654785156,1.100875735282898,0.9175150394439697,0.8827798366546631,0.8948526382446289,0.915678083896637,1.6159486770629883,2.0310678482055664,1.8910225629806519,1.4632598161697388,-0.3439538776874542,-0.9329949021339417,-0.3707980215549469,0.3866972029209137,0.6074756979942322,1.056277871131897,1.238493800163269,1.4587724208831787,0.7632615566253662,0.42031505703926086,0.4159405529499054,-0.8664525151252747
1.1535476446151733,1.0910038948059082,0.9233472347259521,0.8114691376686096,0.8358511328697205,0.4788864254951477,0.28236123919487,0.3043805956840515,0.27514487504959106,0.3439926505088806,0.267739474773407,0.1973280906677246,0.3330250680446625,0.5395547747612,0.9746553301811218,0.9607006311416626,0.2882285416126251,0.31790173053741455,1.0514167547225952,1.3266770839691162,0.8063023686408997,0.8032673001289368,1.4624450206756592,1.4349956512451172,1.298511028289795,1.3013584613800049,1.4507982730865479,1.5093495845794678,1.7304155826568604,1.9097814559936523,0.9582915902137756,-1.1378452777862549,-0.38302651047706604,0.8714763522148132,0.8933438062667847,1.0720696449279785,1.5383508205413818,1.53117036819458,1.2140963077545166,1.539947509765625,1.5150519609451294,0.7998461127281189
1.404739260673523,1.3376656770706177,1.2313567399978638,1.1456117630004883,1.1369925737380981,0.8915995955467224,0.6050901412963867,0.17534016072750092,-0.2397085279226303,-0.28475093841552734,-0.5904077887535095,-0.6214234232902527,-0.22946016490459442,0.3148283362388611,0.6747995018959045,0.47611188888549805,0.5401890277862549,1.3423875570297241,1.4782508611679077,1.1067712306976318,-0.009190079756081104,-0.05084340646862984,0.7850131392478943,1.17807137966156,1.337612509727478,1.4873418807983398,1.2694275379180908,1.0389324426651,1.1508668661117554,1.5181888341903687,2.0194244384765625,0.9483647346496582,-0.13422401249408722,0.568824827671051,1.194790005683899,0.5257160067558289,0.6258280873298645,0.6358287334442139,1.1145401000976562,1.8103471994400024,1.8220953941345215,1.7911062240600586
1.6276376247406006,1.570667028427124,1.5258443355560303,1.464867115020752,1.4267544746398926,1.235794186592102,0.7925493121147156,0.49531805515289307,0.06410276144742966,-0.6941588521003723,-1.0408519506454468,-1.1034108400344849,-0.6579172015190125,0.1434343308210373,0.4553993046283722,0.5634033679962158,1.2573449611663818,1.3711860179901123,0.44076162576675415,0.29819923639297485,-0.08723072707653046,-0.9384446144104004,-0.43865010142326355,0.3333931565284729,1.165362000465393,1.4065027236938477,1.317711353302002,1.120171070098877,0.5425307750701904,0.6700143218040466,1.4489933252334595,1.6900081634521484,0.9831340312957764,1.0647287368774414,1.2545682191848755,0.1861478090286255,-0.5728442668914795,-0.42824193835258484,-0.05132826045155525,0.4888494908809662,0.9881203174591064,1.2722952365875244
