demo/1300-wind-surface-level-gfs-1.0.json
{"header": {"productDefinitionTemplate": 0, "surface1Type": 103, "productStatus": 0, "disciplineName": "Meteorological products", "subDivisions": 0, "winds": "true", "parameterNumberName": "V-component_of_wind", "discipline": 0, "surface2Value": 0, "significanceOfRTName": "Start of forecast", "surface2TypeName": "Missing", "surface2Type": 255, "productTypeName": "Forecast products", "dx": 0.024617210030555725, "dy": 0.01798853650689125, "numberPoints": 65160, "productStatusName": "Operational products", "gribEdition": 2, "parameterUnit": "m.s-1", "forecastTime": 0, "refTime": "2020-09-30T11:00:00.000Z", "productType": 1, "genProcessTypeName": "Forecast", "scanMode": 0, "genProcessType": 2, "gribLength": 11338.0, "significanceOfRT": 1, "productDefinitionTemplateName": "Analysis/forecast at horizontal level/layer at a point in time", "centerName": "WRF OUTPUT", "la1": 43.66691207885742, "la2": 42.426788330078125, "lo2": 13.70867919921875, "gridUnits": "degrees", "surface1Value": 10, "shapeName": "Earth spherical with radius of 6,371,229.0 m", "surface1TypeName": "Specified height level above ground", "nx": 70.0, "ny": 70.0, "lo1": 12.008544921875, "basicAngle": 0, "gridDefinitionTemplate": 0, "shape": 6, "parameterNumber": 3, "subcenter": 0, "parameterCategoryName": "Momentum", "parameterCategory": 2, "center": 0, "gridDefinitionTemplateName": "Latitude_Longitude", "resolution": 48}, "data":
[rows 19 to 37 of 70, columns 0 to 41 of 70]
1.9553314447402954,1.920580267906189,1.8998041152954102,1.9256162643432617,1.714660406112671,1.5381885766983032,1.3693081140518188,1.7152109146118164,1.5827528238296509,1.1567035913467407,1.4435958862304688,1.104072093963623,-0.17456471920013428,-0.014083722606301308,0.3699990212917328,0.790303647518158,0.7402074933052063,-0.07580974698066711,-0.2580859959125519,0.019706254824995995,0.6682241559028625,-0.04655315726995468,-0.6429407596588135,-0.6248024106025696,-0.032959602773189545,0.7711891531944275,1.2795023918151855,1.3267474174499512,1.069974422454834,0.8513745665550232,0.804276168346405,0.9516537189483643,1.2887823581695557,1.3980820178985596,1.038845181465149,0.8279757499694824,-0.10441034287214279,-0.8874132633209229,-1.1400961875915527,-0.9133542776107788,-0.5535115599632263,0.15785406529903412
2.077061653137207,2.0689971446990967,2.088559627532959,2.055363416671753,1.73104989528656,1.5184246301651,1.5286681652069092,2.0452444553375244,1.787562608718872,1.5491050481796265,1.5251457691192627,0.9035349488258362,0.20397913455963135,0.2570686638355255,0.12355418503284454,0.28787803649902344,0.12631869316101074,0.05397336184978485,0.4081258177757263,0.6309047937393188,0.5932943820953369,0.31069517135620117,-0.5192933678627014,-0.6443279385566711,-0.7581844925880432,0.02393501251935959,0.9602576494216919,1.209033489227295,1.2966374158859253,1.3430417776107788,1.0707969665527344,1.0109785795211792,0.6727991700172424,0.5515901446342468,0.37345221638679504,0.22301992774009705,-0.2791227698326111,-1.1053857803344727,-1.055098533630371,-1.2576349973678589,-1.1327979564666748,-0.18462127447128296
2.123155355453491,2.171954870223999,2.20145583152771,2.061767101287842,1.8416004180908203,1.7812119722366333,1.9310789108276367,2.0947039127349854,1.8339450359344482,1.2169941663742065,0.12915167212486267,-0.2267327457666397,-0.10538510233163834,-0.3982565402984619,-0.7103668451309204,-0.27067986130714417,0.37290725111961365,1.0451403856277466,1.0606820583343506,0.9942181706428528,0.9315690994262695,1.0979762077331543,-0.19723352789878845,-0.941745400428772,-0.6005964875221252,0.6773397326469421,1.0730448961257935,1.4259334802627563,1.4749654531478882,1.114417552947998,0.7483921051025391,0.4850951135158539,0.2497636079788208,-0.12730273604393005,-0.5500453114509583,-0.9156801700592041,-1.1160452365875244,-1.339967966079712,-0.9239264130592346,-0.7408963441848755,-0.6924467086791992,-0.23681680858135223
2.0760138034820557,2.1745827198028564,2.2286455631256104,2.0405781269073486,1.9861851930618286,1.932102918624878,2.1761839389801025,1.761821985244751,1.3251703977584839,0.9919516444206238,0.04649282991886139,0.5759530067443848,0.5121652483940125,-0.04537707567214966,-0.6190852522850037,-0.07202231884002686,0.9190492630004883,1.6408500671386719,1.4441121816635132,1.5159831047058105,1.7442330121994019,1.542839765548706,1.1373918056488037,0.46888649463653564,1.3087400197982788,2.0180888175964355,1.700786828994751,1.6038392782211304,1.2928218841552734,0.5195354223251343,-0.3203192353248596,-0.28064438700675964,0.3594958782196045,0.09717622399330139,-0.6839522123336792,-0.7484549283981323,-1.204163908958435,-1.5140630006790161,-1.623168706893921,-1.2181978225708008,-1.036028265953064,-0.8430656790733337
2.0695416927337646,2.151550054550171,2.1422529220581055,2.0112814903259277,1.9687315225601196,2.067836284637451,1.8529531955718994,1.5177628993988037,1.3442119359970093,1.0871214866638184,0.19777971506118774,0.7086459398269653,1.0573011636734009,0.9939748048782349,0.13484583795070648,0.47033435106277466,1.1185792684555054,1.2900573015213013,1.460215449333191,1.528206706047058,1.4171849489212036,1.5544376373291016,1.7921866178512573,1.900681734085083,2.1019628047943115,1.7786846160888672,1.439753770828247,1.250836968421936,0.7118479609489441,0.23744423687458038,-0.1764669567346573,0.054514527320861816,0.7485783696174622,0.5545576810836792,0.2726495862007141,1.256435513496399,-0.04993617534637451,-1.4379065036773682,-1.610276222229004,-1.5551329851150513,-1.2234634160995483,-1.0422232151031494
2.0549190044403076,2.1028497219085693,2.1142032146453857,2.0356626510620117,2.0136139392852783,2.099137783050537,1.642025351524353,1.635326862335205,1.3805186748504639,1.065380573272705,0.6739689111709595,1.0042657852172852,1.163957953453064,0.6921482682228088,-0.02134435437619686,0.3545364737510681,0.8562966585159302,0.7481718063354492,0.9047213196754456,1.0682908296585083,1.3331999778747559,1.641082525253296,1.4238197803497314,1.2330211400985718,1.5417706966400146,1.6104776859283447,1.2859089374542236,1.0328733921051025,0.6444195508956909,0.5031427145004272,0.29799729585647583,0.1332276165485382,0.4719478189945221,0.20852361619472504,0.05641859769821167,0.9078932404518127,0.013993242755532265,-0.9444588422775269,-1.2688639163970947,-1.7834392786026,-1.3089886903762817,-0.8494073748588562
1.9411864280700684,1.9766874313354492,2.0006134510040283,2.0292060375213623,1.9784451723098755,1.9245884418487549,1.913142442703247,1.914406657218933,1.2036733627319336,0.8014487028121948,1.109852910041809,1.3897078037261963,1.824414849281311,1.3066555261611938,-0.14035192131996155,-0.07450731098651886,0.47461259365081787,0.6577848196029663,0.776199221611023,1.1046726703643799,1.2846018075942993,1.2323240041732788,1.2341899871826172,1.1290347576141357,1.6010479927062988,1.7786511182785034,1.409355878829956,0.894452691078186,0.4559631645679474,0.35143598914146423,-0.15656618773937225,-0.6818934679031372,-0.2539798319339752,0.13841113448143005,0.16494876146316528,0.21165353059768677,0.5608164072036743,0.7436892986297607,0.524512529373169,-1.6403762102127075,-1.649753212928772,-0.6841825246810913
1.7009841203689575,1.7335796356201172,1.7914869785308838,1.7738906145095825,1.6036313772201538,1.8144487142562866,1.9359594583511353,1.7640284299850464,1.0704525709152222,1.061362862586975,1.5378594398498535,1.7306827306747437,1.9450770616531372,1.5816566944122314,1.0602469444274902,0.2355165332555771,0.21067336201667786,0.6891054511070251,1.083967924118042,1.2080059051513672,1.1850613355636597,1.2893818616867065,1.244096279144287,1.2613489627838135,1.6371815204620361,1.6161600351333618,1.2334208488464355,0.7513570785522461,0.0731179416179657,-0.1387290358543396,-0.40929558873176575,-1.124199628829956,-0.7637767791748047,0.18285192549228668,1.1257845163345337,1.4997278451919556,1.8628137111663818,1.7741782665252686,1.68539297580719,0.32177406549453735,-1.1355780363082886,-0.8557000160217285
1.353880524635315,1.396343469619751,1.4147984981536865,1.3338291645050049,1.1153212785720825,1.0170481204986572,0.7334944009780884,0.40993574261665344,0.4491705894470215,1.2735464572906494,1.547143578529358,1.722414255142212,1.3317636251449585,1.0078598260879517,1.328956127166748,1.034364938735962,0.35588493943214417,0.6329886317253113,0.9810615181922913,1.173010230064392,1.3103253841400146,1.3711673021316528,1.225064754486084,1.4238439798355103,1.600028395652771,1.3801708221435547,1.0543732643127441,0.7560755014419556,0.11663125455379486,-0.36520934104919434,-0.18214517831802368,-0.767737865447998,-0.8461360931396484,0.07128767669200897,1.1661272048950195,1.3793903589248657,1.0594525337219238,-0.050879139453172684,-0.6228587627410889,0.31325647234916687,-0.6471039056777954,-1.2638942003250122
0.9676041007041931,0.9852676391601562,1.0025453567504883,0.9269823431968689,0.851000964641571,0.4178842306137085,-0.005390174686908722,-0.5664556622505188,0.030991194769740105,0.9539656043052673,1.280458927154541,1.4843828678131104,0.765964150428772,-0.04586798697710037,-0.16259466111660004,0.4099266231060028,1.0038508176803589,1.0440013408660889,0.8018290996551514,0.9825549721717834,1.1229615211486816,1.0317648649215698,1.2525064945220947,1.438032865524292,1.1990375518798828,0.7938767075538635,0.5919899940490723,0.5446339845657349,0.2094862461090088,-0.30331185460090637,-0.3140145540237427,-0.8413686156272888,-0.8578444123268127,-0.357807457447052,-0.028500331565737724,-0.3715057373046875,-0.31759941577911377,-1.0438754558563232,-1.7871567010879517,-0.9803161025047302,-0.6061894297599792,-0.9449620246887207
0.6866385340690613,0.6512789726257324,0.6349756717681885,0.533513605594635,0.42084407806396484,0.020428933203220367,-0.2858402132987976,-0.7968606352806091,-0.22893130779266357,0.4435451030731201,1.1697694063186646,1.2608247995376587,0.32638952136039734,-0.5823813676834106,-0.21640054881572723,0.5992989540100098,1.5431345701217651,1.660199522972107,1.156337857246399,0.9319952726364136,0.7589541673660278,0.8382675051689148,1.1194010972976685,0.9988782405853271,0.37238287925720215,-0.09709218889474869,-0.3378629982471466,-0.3505050539970398,-0.08942020684480667,-0.19751739501953125,-0.37864255905151367,-0.9902070164680481,-0.6761509776115417,-0.6120887994766235,-0.4679161608219147,-0.8126877546310425,-0.5669654011726379,-0.3539571762084961,-1.042548656463623,-1.115457534790039,-0.6816753149032593,-0.3606437146663666
0.4529436230659485,0.4406113922595978,0.3807060420513153,0.08664516359567642,-0.4216559827327728,-0.951974630355835,-0.9868965744972229,-1.0237317085266113,-0.6114404201507568,0.053112201392650604,0.6976717114448547,0.7406343221664429,0.8060612678527832,0.9085071682929993,1.293042540550232,1.398572564125061,1.2094314098358154,1.31417715549469,1.2093089818954468,0.9018806219100952,0.7159849405288696,0.8369554877281189,0.838375985622406,0.651353657245636,0.35627034306526184,0.18288995325565338,-0.08870941400527954,0.34010475873947144,0.6247382164001465,0.29732707142829895,0.05503777414560318,0.028359077870845795,0.02306418865919113,0.22527749836444855,0.6856808662414551,0.4611705541610718,-0.5199565887451172,-0.22606730461120605,-0.18807123601436615,-1.6896324157714844,-1.1152949333190918,-0.619716465473175
0.27802157402038574,0.3440018892288208,0.2532861828804016,-0.10769826173782349,-0.7592055797576904,-1.3311643600463867,-1.3655332326889038,-1.5048489570617676,-0.08031237870454788,0.6366469860076904,0.5216198563575745,0.6105245351791382,1.3463417291641235,1.6165318489074707,1.5617071390151978,1.2247960567474365,1.3558207750320435,1.166872501373291,1.143170952796936,0.9031515717506409,0.8707951903343201,0.7185779213905334,0.5054028630256653,0.5926754474639893,0.9534028768539429,1.2465534210205078,1.1134147644042969,1.4378551244735718,1.0993027687072754,0.285035640001297,0.7556594014167786,0.4948277771472931,-0.2807580232620239,-0.03522299602627754,0.5780553221702576,0.7282698750495911,-0.40124213695526123,-0.9186797142028809,-0.5407196283340454,-1.640942931175232,-1.2810755968093872,-1.1647244691848755
0.19940373301506042,0.29269498586654663,0.19013719260692596,-0.25434473156929016,-1.6274619102478027,-1.9987480640411377,-2.113147258758545,-1.238840937614441,0.7737053632736206,1.2218098640441895,0.7703795433044434,0.6224461197853088,0.8055828213691711,0.8624755144119263,1.1857913732528687,1.3538044691085815,1.5627398490905762,1.604280948638916,1.3404585123062134,0.7728392481803894,0.3942969739437103,0.09707970917224884,-0.1605818271636963,0.2453840672969818,0.8527727127075195,1.3791555166244507,1.050073504447937,-0.10412193834781647,-0.6293964385986328,0.15399405360221863,1.6410316228866577,1.1248793601989746,-0.2098238617181778,-0.9852437973022461,-0.9220225214958191,-0.43803852796554565,0.13314206898212433,-0.36109066009521484,-1.1859714984893799,-0.8089113235473633,-0.6416940093040466,-1.2688642740249634
0.19418582320213318,0.2538936138153076,0.19091367721557617,-0.09977546334266663,-1.1512137651443481,-1.2579072713851929,-0.7206429243087769,0.21561843156814575,0.8400335907936096,0.9287198185920715,0.9736087918281555,0.7919520139694214,0.49132591485977173,0.6412471532821655,0.8764291405677795,0.9964417815208435,1.2318695783615112,1.2061561346054077,0.6525930762290955,-0.021979760378599167,-0.126741424202919,0.12987706065177917,0.24548585712909698,0.30562055110931396,0.4144951403141022,0.8785094618797302,0.677263081073761,-0.8863574266433716,-1.6076489686965942,0.744798481464386,1.9050954580307007,1.7472381591796875,0.833722710609436,-0.18810336291790009,-1.158435344696045,-1.1083379983901978,-0.07730019092559814,0.7585963010787964,0.32676011323928833,-0.585562527179718,-0.6297800540924072,-0.9867048859596252
0.19460543990135193,0.20425009727478027,0.20635488629341125,0.20960088074207306,0.23292821645736694,0.08966173231601715,0.8215456008911133,0.80130535364151,0.5006217956542969,0.3776938021183014,0.6346741914749146,0.6580028533935547,0.48163536190986633,0.6121008396148682,0.676112711429596,0.8175033926963806,0.9377499222755432,0.6379173994064331,0.06546562165021896,-0.03015970066189766,0.04798237234354019,0.10028733313083649,0.2459537535905838,0.19241447746753693,0.08155602961778641,0.30022886395454407,0.7794663906097412,0.22319439053535461,-0.7373633980751038,1.0541400909423828,1.9698710441589355,1.9108136892318726,1.524007797241211,1.1970467567443848,0.13681861758232117,-0.6799100041389465,-0.621638298034668,0.5304749011993408,1.133182406425476,-0.4602360129356384,-0.8016784191131592,-0.9055884480476379
0.2815834879875183,0.25503817200660706,0.2722368836402893,0.32332468032836914,0.5167626738548279,0.21562282741069794,0.3837299942970276,0.44477054476737976,0.2581653296947479,0.134367898106575,0.23401296138763428,0.2330039143562317,0.4121517539024353,0.5213432312011719,0.6622301340103149,0.8321576118469238,0.5449008345603943,0.06200931966304779,-0.27257171273231506,-0.1318800300359726,-0.23949861526489258,-0.6045976281166077,-0.7434331178665161,-0.46790066361427307,-0.18898449838161469,-0.17368553578853607,0.47353488206863403,1.0113279819488525,0.917129635810852,2.2005631923675537,2.5601770877838135,2.102604866027832,1.4784389734268188,1.213216781616211,0.8390823602676392,0.17215542495250702,-0.10225197672843933,-0.3149450421333313,-0.08047892898321152,-0.18559734523296356,-0.7584428787231445,-0.8400214910507202
0.48807400465011597,0.438679039478302,0.41968369483947754,0.39281168580055237,0.30787283182144165,0.12154681980609894,0.16356690227985382,-0.022324737161397934,-0.0022380042355507612,0.08528786152601242,0.2804000973701477,0.36860790848731995,0.4244188368320465,0.32448530197143555,0.15300507843494415,0.16761794686317444,0.2009902447462082,-0.2689136266708374,-0.809639036655426,-0.996239185333252,-1.0603625774383545,-1.0020302534103394,-0.8471452593803406,-0.6905996799468994,-0.3909868597984314,-0.5986104011535645,-0.6795438528060913,0.3848383128643036,1.507760763168335,2.4598729610443115,2.4957821369171143,1.6172969341278076,0.629145622253418,0.32412248849868774,0.3650543987751007,0.229134663939476,0.12771861255168915,-0.5548847317695618,-0.7603612542152405,-0.6179128885269165,-1.1781790256500244,-1.144934058189392
0.8735982775688171,0.7676404714584351,0.6807194352149963,0.4684833884239197,-0.4311619997024536,-0.48319482803344727,-0.5514925122261047,-0.6377696990966797,-0.5528173446655273,-0.15228193998336792,0.4321494996547699,0.6410865187644958,0.45265400409698486,0.225735142827034,0.12243308871984482,0.10200561583042145,0.021184103563427925,-0.11822418868541718,-0.9286925792694092,-1.5541725158691406,-1.659062147140503,-1.5112488269805908,-1.0790811777114868,-0.723703145980835,-0.4579252302646637,-0.3421384394168854,-0.9367537498474121,-0.2685399353504181,0.7567430734634399,1.3820534944534302,1.6759719848632812,1.058363437652588,0.343372106552124,0.030866261571645737,0.15042589604854584,-0.009745493531227112,-0.27639079093933105,-0.561711311340332,-0.7914621829986572,-1.0519952774047852,-0.9903813600540161,-1.265080451965332
