demo/1300-wind-surface-level-gfs-1.0.json
{"header": {"productDefinitionTemplate": 0, "surface1Type": 103, "productStatus": 0, "disciplineName": "Meteorological products", "subDivisions": 0, "winds": "true", "parameterNumberName": "U-component_of_wind", "discipline": 0, "surface2Value": 0, "significanceOfRTName": "Start of forecast", "surface2TypeName": "Missing", "surface2Type": 255, "productTypeName": "Forecast products", "dx": 0.024617210030555725, "dy": 0.01798853650689125, "numberPoints": 65160, "productStatusName": "Operational products", "gribEdition": 2, "parameterUnit": "m.s-1", "forecastTime": 0, "refTime": "2020-09-30T11:00:00.000Z", "productType": 1, "genProcessTypeName": "Forecast", "scanMode": 0, "genProcessType": 2, "gribLength": 11338.0, "significanceOfRT": 1, "productDefinitionTemplateName": "Analysis/forecast at horizontal level/layer at a point in time", "centerName": "WRF OUTPUT", "la1": 43.66691207885742, "la2": 42.426788330078125, "lo2": 13.70867919921875, "gridUnits": "degrees", "surface1Value": 10, "shapeName": "Earth spherical with radius of 6,371,229.0 m", "surface1TypeName": "Specified height level above ground", "nx": 70.0, "ny": 70.0, "lo1": 12.008544921875, "basicAngle": 0, "gridDefinitionTemplate": 0, "shape": 6, "parameterNumber": 2, "subcenter": 0, "parameterCategoryName": "Momentum", "parameterCategory": 2, "center": 0, "gridDefinitionTemplateName": "Latitude_Longitude", "resolution": 48}, "data":
[rows 38 to 56 of 70, columns 0 to 41 of 70]
-0.8213160634040833,-0.7198031544685364,-0.5743779540061951,-0.9352652430534363,-1.0890865325927734,-1.0052913427352905,-1.1665977239608765,-1.2976856231689453,-1.2282273769378662,-1.5233423709869385,-1.4891797304153442,-0.5604273080825806,-0.08976904302835464,-0.22724026441574097,-0.45109686255455017,-0.16635233163833618,0.5760394334793091,1.3773066997528076,1.649573564529419,0.793524980545044,-0.330993115901947,-0.8073108196258545,-0.6775034666061401,-0.29256272315979004,0.06843749433755875,0.47117817401885986,0.8952683210372925,1.2173244953155518,1.8513661623001099,1.983039379119873,1.9364368915557861,2.42409348487854,2.434844493865967,2.1690051555633545,2.1463074684143066,2.3874285221099854,2.412188768386841,2.2189905643463135,2.4924421310424805,2.0232410430908203,0.02990310825407505,-0.4895862340927124
-0.8130624890327454,-0.7233036160469055,-0.5233960151672363,-0.8577036261558533,-0.7709623575210571,-0.10668519139289856,0.05143085494637489,-0.4500451385974884,-0.896323025226593,-1.521653652191162,-1.6712276935577393,-0.6013696193695068,0.04151129722595215,-0.37995588779449463,-0.753947377204895,-0.0936352089047432,0.765358030796051,1.4595204591751099,1.859732747077942,1.192956805229187,0.26350340247154236,-0.6931686401367188,-1.2482943534851074,-0.7951346039772034,-0.3224347233772278,0.3630886375904083,0.7750321626663208,1.0171672105789185,1.3942582607269287,1.3942418098449707,1.7748247385025024,2.3886008262634277,2.4005517959594727,1.888261318206787,1.786927342414856,2.269545555114746,2.321265697479248,2.068967342376709,2.216374158859253,2.3627638816833496,1.5091214179992676,0.42135581374168396
-0.7223948836326599,-0.6062859892845154,-0.4399722218513489,-1.1481040716171265,-0.5036355257034302,0.34763211011886597,0.05954609811306,-0.2550791800022125,-0.791149377822876,-1.3747907876968384,-1.429417371749878,-0.8655428886413574,-0.3202466666698456,-0.3290378749370575,-0.6661774516105652,-0.01224721223115921,0.8655335903167725,1.4421738386154175,1.3139209747314453,0.8108625411987305,1.4123746156692505,0.48583143949508667,-1.4898959398269653,-1.126387596130371,-0.36611220240592957,0.10829044133424759,0.5718363523483276,0.8592984676361084,1.1805760860443115,1.1693280935287476,1.8422602415084839,2.4480321407318115,2.5144195556640625,2.150437355041504,1.3642208576202393,1.4085828065872192,2.2131102085113525,2.084528923034668,1.8262637853622437,2.102722406387329,1.7135570049285889,1.2931122779846191
-0.7013940811157227,-0.5799309611320496,-0.48419705033302307,-1.4415818452835083,-0.5599079728126526,0.6950581073760986,-0.5094876885414124,-1.2193889617919922,-1.12076735496521,-1.3545805215835571,-1.4419920444488525,-1.1130626201629639,-0.8467855453491211,-0.6060958504676819,-0.4323120415210724,0.24783124029636383,0.8404899835586548,1.221013069152832,1.1289433240890503,0.7206827998161316,1.2496459484100342,1.0196505784988403,-0.7765644788742065,-1.3780606985092163,-0.7750350832939148,-0.1818757951259613,0.3064398765563965,0.596782386302948,0.9273538589477539,0.8246593475341797,1.6440882682800293,2.428462266921997,2.389881134033203,2.0825743675231934,0.6617352962493896,0.3718443810939789,1.7263015508651733,1.8629732131958008,1.1093610525131226,1.2847278118133545,1.0065791606903076,0.5399455428123474
-0.6699815988540649,-0.5342342853546143,-0.37675321102142334,-1.1608809232711792,-0.30241161584854126,0.8586430549621582,-0.7455848455429077,-1.614904522895813,-1.1837671995162964,-1.2930104732513428,-1.5201082229614258,-1.2300480604171753,-1.2541100978851318,-1.2921242713928223,-0.49389344453811646,0.6144323945045471,1.1261106729507446,1.1901856660842896,1.0892244577407837,0.9277923703193665,0.06551306694746017,0.02789061702787876,0.5502928495407104,-0.46294093132019043,-0.8564556837081909,-0.1587340235710144,-0.03593191131949425,0.15393038094043732,0.3467787504196167,0.1955621838569641,1.1725410223007202,2.054800271987915,2.5587339401245117,1.8682258129119873,-0.5795081257820129,-0.09819481521844864,1.427913784980774,0.6596096754074097,0.674673318862915,1.6056933403015137,0.5543127059936523,-0.3302302360534668
-0.709557294845581,-0.5486515164375305,-0.22952134907245636,-0.769641637802124,-0.2135210633277893,0.46234598755836487,-0.8248264789581299,-1.4208821058273315,-0.8047354221343994,-1.322816252708435,-1.661736011505127,-1.1822898387908936,-1.7452327013015747,-1.9417436122894287,-0.978775680065155,0.31055471301078796,1.2715563774108887,1.4083160161972046,1.2850520610809326,1.2655436992645264,-0.06744256615638733,-0.6855810880661011,0.06902355700731277,0.40814879536628723,0.1919398456811905,-0.06703010946512222,-0.25514814257621765,-0.463110089302063,-0.28954243659973145,-0.03176954761147499,0.9124415516853333,1.9738264083862305,2.520697593688965,1.575618863105774,-0.6389316916465759,-0.5482702851295471,-0.21626777946949005,-0.23170961439609528,1.5409237146377563,1.9910902976989746,-0.19571590423583984,-0.44053915143013
-0.7628423571586609,-0.6011244058609009,-0.17108486592769623,-0.251443088054657,-0.32842782139778137,-0.1726166009902954,-0.9407749772071838,-1.161428689956665,-0.4223862886428833,-1.0802524089813232,-1.7121143341064453,-1.417786955833435,-1.8107421398162842,-2.088383674621582,-1.4572904109954834,-0.19321183860301971,0.9804374575614929,1.4804370403289795,1.600842833518982,1.5171042680740356,0.11095476150512695,-1.0205068588256836,-0.5630448460578918,0.02964063733816147,0.49107909202575684,0.1498700976371765,-0.801210880279541,-0.9835559725761414,-0.6252353191375732,-0.3103906810283661,0.6937291026115417,2.2334535121917725,2.6147570610046387,1.3025034666061401,-0.6702054142951965,-1.7639193534851074,-1.46464204788208,-0.1762617975473404,1.6071269512176514,1.6699897050857544,-0.06399732828140259,0.021542850881814957
-0.7151025533676147,-0.5631305575370789,-0.2238549143075943,0.021503718569874763,0.11656369268894196,-0.12431719154119492,-0.7607287764549255,-0.5959218740463257,0.019809601828455925,-0.5453388690948486,-1.766075849533081,-1.7847987413406372,-1.7455445528030396,-1.9591666460037231,-1.560009241104126,-0.5192499756813049,0.7632394433021545,1.3801852464675903,1.5877171754837036,1.9748221635818481,0.49791938066482544,-1.0758987665176392,-0.6074310541152954,-0.11423490941524506,0.3145184814929962,-0.07981521636247635,-0.8177240490913391,-0.7189549803733826,-0.42451930046081543,-0.4727379083633423,0.32613468170166016,2.332353353500366,2.7096428871154785,1.6186156272888184,1.4265282154083252,0.006701664067804813,-1.8789448738098145,-0.6327324509620667,1.432922124862671,1.9103546142578125,1.4018330574035645,1.2362030744552612
-0.7593252062797546,-0.6105520129203796,-0.270535409450531,-0.2980039119720459,0.17343366146087646,0.18693013489246368,-0.11892207711935043,0.18761341273784637,0.5083310008049011,-0.11536532640457153,-1.701491355895996,-2.009758472442627,-1.7870272397994995,-1.839160442352295,-1.6736410856246948,-0.7804277539253235,0.5874813199043274,1.346350908279419,1.5334724187850952,1.8892040252685547,1.428945541381836,-0.07198090106248856,-0.5284032225608826,-0.13190273940563202,0.031047102063894272,-0.34317392110824585,-0.7527123689651489,-0.664742648601532,-0.33349379897117615,-0.4304274320602417,0.06072504073381424,1.93562650680542,2.543577194213867,1.717756986618042,2.304589033126831,1.3944529294967651,-1.4341621398925781,-0.9998050332069397,1.2262674570083618,2.422841787338257,2.1727654933929443,1.665533185005188
-0.6645975708961487,-0.508531928062439,-0.3375737965106964,-0.5569640398025513,-0.20173139870166779,0.29823747277259827,0.556123673915863,0.7107201218605042,0.15503934025764465,-0.6837481260299683,-1.6915563344955444,-1.9329642057418823,-1.8402574062347412,-2.0381126403808594,-2.0972938537597656,-1.1557459831237793,0.4161313474178314,1.2388709783554077,1.451131820678711,1.410683035850525,1.489132046699524,1.2983992099761963,0.20729129016399384,-0.4998775124549866,-0.7788091897964478,-1.0067976713180542,-0.8403903245925903,-0.7632973790168762,-0.28452634811401367,-0.16715802252292633,-0.051365457475185394,1.3206095695495605,2.2989039421081543,2.364649772644043,2.8092048168182373,1.430970311164856,-0.6961370706558228,-0.07190907001495361,1.7877858877182007,2.6596298217773438,2.4432148933410645,1.9130191802978516
-0.6772770881652832,-0.5581312775611877,-0.4059511125087738,-0.7057352662086487,-0.4775037169456482,-0.04920406639575958,0.6221472024917603,0.7458921074867249,-0.00656384602189064,-0.31715142726898193,-0.7206358909606934,-1.0466828346252441,-1.3462088108062744,-1.818631649017334,-2.0394070148468018,-1.2558149099349976,0.048037368804216385,0.9491239190101624,1.319368839263916,1.5638439655303955,1.6408547163009644,1.7756694555282593,1.2509373426437378,-0.4972490668296814,-1.6684353351593018,-1.0570462942123413,-0.5880275368690491,-0.7895866632461548,-0.2656192183494568,-0.1492779403924942,0.010951914824545383,0.92280113697052,1.6442029476165771,2.3451075553894043,2.2773680686950684,0.9559127688407898,0.4726908504962921,1.5448564291000366,2.34548020362854,2.156053066253662,2.017984628677368,1.9969741106033325
-0.6001198887825012,-0.5673744678497314,-0.5097537636756897,-0.8254613876342773,-0.7130056023597717,-0.35593220591545105,0.2417052686214447,0.3972841203212738,0.013680379837751389,-0.12818947434425354,0.10307911038398743,-0.24978509545326233,-1.2714922428131104,-1.4753165245056152,-1.3635976314544678,-0.8294384479522705,-0.045903053134679794,0.47819259762763977,0.9374548196792603,1.4345463514328003,1.3808653354644775,0.9662594795227051,1.610996961593628,0.7973621487617493,-1.4707937240600586,-1.2526203393936157,-0.6147614121437073,-0.7107290029525757,-0.22314459085464478,-0.24862930178642273,0.155943363904953,0.8772606253623962,1.482189416885376,2.4694631099700928,1.5127696990966797,0.28780055046081543,1.684051275253296,2.5462398529052734,2.1973724365234375,1.5300326347351074,1.1978092193603516,1.292604923248291
-0.5881063938140869,-0.6550201177597046,-0.628398597240448,-0.98823082447052,-0.9243474006652832,-0.6403706073760986,-0.15145915746688843,0.10557286441326141,-0.16799959540367126,-0.6527178287506104,-0.2876201868057251,-0.14873936772346497,-1.3934972286224365,-1.4618195295333862,-0.7908825278282166,-0.48767220973968506,-0.3478802442550659,-0.17450881004333496,0.5065569281578064,0.9954991936683655,0.8220086693763733,0.47640833258628845,1.672576665878296,1.6419880390167236,-1.1448304653167725,-1.7546041011810303,-0.8325165510177612,-0.49904534220695496,-0.3755088746547699,-0.5429070591926575,0.10760830342769623,0.7290648221969604,1.6729323863983154,2.339848518371582,1.0715296268463135,0.7599161267280579,2.6003730297088623,2.4125185012817383,2.064180612564087,1.8186781406402588,0.59807950258255,0.41794613003730774
-0.34269896149635315,-0.4769947826862335,-0.5800936222076416,-0.9809722900390625,-1.1738535165786743,-1.1000919342041016,-0.6742857694625854,-0.372492253780365,-0.2746041417121887,-0.605803906917572,-0.23161575198173523,0.04550887644290924,-0.8247013092041016,-0.8483872413635254,-0.5144460797309875,-0.8102969527244568,-1.2045512199401855,-0.7781983017921448,0.20310552418231964,0.7199399471282959,0.6802319884300232,0.4367918372154236,1.4151688814163208,2.3668103218078613,0.07634949684143066,-2.110121011734009,-1.3703771829605103,-0.42378395795822144,-0.4253937602043152,-0.3916015923023224,0.32861757278442383,0.8317674398422241,1.7153254747390747,1.6506996154785156,0.6352956295013428,1.5820317268371582,2.9597115516662598,2.165928602218628,2.063873767852783,2.083282470703125,-0.2967846989631653,-0.4912104904651642
0.05685749277472496,-0.13183745741844177,-0.5492438077926636,-1.173279881477356,-1.1156072616577148,-0.9752334356307983,-1.0332921743392944,-0.9358322620391846,-0.9286256432533264,-0.48096033930778503,0.5729069113731384,0.9436037540435791,-0.019276242703199387,-0.43890467286109924,-0.27164068818092346,-1.29306960105896,-1.7004164457321167,-0.968657910823822,-0.47941213846206665,0.031822964549064636,-0.07367479056119919,0.45596957206726074,1.215725302696228,2.210561513900757,1.6772288084030151,-1.3656044006347656,-1.459362506866455,0.2125384509563446,0.31039103865623474,0.014519118703901768,0.4821871817111969,1.1143807172775269,1.5048298835754395,0.6989344358444214,0.009572390466928482,2.3279361724853516,3.3236961364746094,1.119901180267334,0.9264799952507019,1.7127602100372314,-0.5260156989097595,-0.9352912306785583
0.22543947398662567,-0.03516264632344246,-0.454656720161438,-1.2268671989440918,-1.2890667915344238,-1.044865369796753,-1.0381561517715454,-1.136038899421692,-1.3365949392318726,-0.5780275464057922,1.0055924654006958,1.9465384483337402,0.9570663571357727,0.0703619047999382,-0.22466124594211578,-1.1084048748016357,-1.3079396486282349,-0.8713794350624084,-0.7968530058860779,-0.7893956899642944,-0.6094784140586853,0.32234835624694824,1.1215381622314453,2.0831193923950195,2.121042490005493,-0.5189568996429443,-0.9593185782432556,0.6987995505332947,0.5737918615341187,0.33057382702827454,0.7933544516563416,1.2502803802490234,0.374498575925827,-0.5471746325492859,0.5359536409378052,2.696101188659668,3.3221335411071777,0.685610294342041,-0.779534101486206,1.110535740852356,0.9904003143310547,-0.16215212643146515
0.5778263807296753,0.25171828269958496,-0.3329356014728546,-1.2155215740203857,-1.4112920761108398,-1.319652795791626,-1.2420985698699951,-1.0004221200942993,-0.7966273427009583,-0.3285123407840729,0.7193946242332458,1.6365152597427368,1.4015811681747437,0.07323551177978516,-0.7395305633544922,-0.33320823311805725,-0.718521237373352,-0.8847787380218506,-0.6477763652801514,-0.5729286074638367,-0.5372061133384705,-0.17766103148460388,1.0718793869018555,1.9494856595993042,1.8367180824279785,0.4269498884677887,-0.3908328413963318,0.5459201335906982,0.47298115491867065,0.23532496392726898,1.6487842798233032,1.1451568603515625,-0.9411748647689819,-0.407474160194397,1.7429192066192627,2.7705934047698975,2.7467658519744873,0.9778081178665161,-0.7708626389503479,0.2134399116039276,1.427763819694519,0.26661497354507446
1.2164827585220337,0.7976523041725159,-0.03049572743475437,-1.0471549034118652,-1.4460209608078003,-1.4734841585159302,-1.4488078355789185,-1.093671202659607,-0.6315469145774841,-0.18325820565223694,0.37957340478897095,0.7991894483566284,1.2524127960205078,0.004875540733337402,-1.4106415510177612,-0.3252142071723938,-0.09424015879631042,-0.5427643060684204,-0.31455913186073303,-0.2272464781999588,-0.14348620176315308,-0.03785165399312973,0.799389123916626,2.1212010383605957,1.9486024379730225,0.5500956177711487,0.5480778813362122,1.001200556755066,-0.0019256158266216516,-0.1858941614627838,1.1939486265182495,0.5728969573974609,-1.0454431772232056,-0.5456045269966125,1.6194998025894165,2.9705023765563965,2.3231821060180664,1.0315014123916626,-0.2729780375957489,-0.05426757037639618,1.7321751117706299,1.2191832065582275
1.642928123474121,1.179519772529602,0.15526291728019714,-0.8599268198013306,-1.3068830966949463,-1.4300209283828735,-1.5052522420883179,-1.377240777015686,-0.9127041697502136,-0.33390286564826965,0.38519468903541565,1.3694878816604614,1.8482739925384521,0.3598794937133789,-1.1277204751968384,-1.058424949645996,-0.7720146179199219,-0.5113332271575928,-0.26392504572868347,-0.34951624274253845,-0.10733935236930847,0.22552552819252014,0.8548860549926758,2.121366024017334,1.6063597202301025,-0.4956071674823761,0.27967506647109985,1.344942331314087,-0.6983760595321655,-1.3742692470550537,0.2316775918006897,1.0612279176712036,0.492822527885437,0.053583502769470215,1.350654125213623,2.907768964767456,2.8805923461914062,1.1082857847213745,-0.24509987235069275,0.5196415781974792,2.1530954837799072,2.357722282409668
