demo/1300-wind-surface-level-gfs-1.0.json
{"header": {"productDefinitionTemplate": 0, "surface1Type": 103, "productStatus": 0, "disciplineName": "Meteorological products", "subDivisions": 0, "winds": "true", "parameterNumberName": "U-component_of_wind", "discipline": 0, "surface2Value": 0, "significanceOfRTName": "Start of forecast", "surface2TypeName": "Missing", "surface2Type": 255, "productTypeName": "Forecast products", "dx": 0.024617210030555725, "dy": 0.01798853650689125, "numberPoints": 65160, "productStatusName": "Operational products", "gribEdition": 2, "parameterUnit": "m.s-1", "forecastTime": 0, "refTime": "2020-09-30T11:00:00.000Z", "productType": 1, "genProcessTypeName": "Forecast", "scanMode": 0, "genProcessType": 2, "gribLength": 11338.0, "significanceOfRT": 1, "productDefinitionTemplateName": "Analysis/forecast at horizontal level/layer at a point in time", "centerName": "WRF OUTPUT", "la1": 43.66691207885742, "la2": 42.426788330078125, "lo2": 13.70867919921875, "gridUnits": "degrees", "surface1Value": 10, "shapeName": "Earth spherical with radius of 6,371,229.0 m", "surface1TypeName": "Specified height level above ground", "nx": 70.0, "ny": 70.0, "lo1": 12.008544921875, "basicAngle": 0, "gridDefinitionTemplate": 0, "shape": 6, "parameterNumber": 2, "subcenter": 0, "parameterCategoryName": "Momentum", "parameterCategory": 2, "center": 0, "gridDefinitionTemplateName": "Latitude_Longitude", "resolution": 48}, "data":
[rows 0 to 18 of 70, columns 0 to 41 of 70]
0.7416111826896667,0.9619923233985901,1.2126396894454956,1.4918006658554077,1.7379459142684937,1.8881466388702393,1.8933476209640503,1.7829844951629639,1.5830472707748413,1.316967248916626,0.9505256414413452,0.5442660450935364,0.06131252273917198,-0.39499154686927795,-0.7140136361122131,-0.8997970819473267,-0.9608369469642639,-0.9747757315635681,-0.9885603785514832,-0.9864348769187927,-0.9007239937782288,-0.7183405160903931,-0.4276665449142456,-0.1700717955827713,-0.049553632736206055,-0.03823113068938255,-0.1508772075176239,-0.3915189206600189,-0.6803526282310486,-0.8856499195098877,-1.0809351205825806,-1.3234410285949707,-1.638382911682129,-1.9027936458587646,-2.0204663276672363,-2.0287861824035645,-1.8926820755004883,-1.5492613315582275,-1.1904287338256836,-0.9803494811058044,-0.8448474407196045,-0.7801732420921326
0.5050067901611328,0.7519510984420776,1.0923649072647095,1.3884310722351074,1.6139050722122192,1.758396863937378,1.7786606550216675,1.7412787675857544,1.7243702411651611,1.6091665029525757,1.429120659828186,1.0729457139968872,0.49614301323890686,-0.08392545580863953,-0.4831579327583313,-0.6945705413818359,-0.6970586776733398,-0.6440255641937256,-0.6262967586517334,-0.6230207085609436,-0.5707205533981323,-0.45833447575569153,-0.2952350974082947,-0.15625327825546265,-0.059283290058374405,-0.02811206877231598,-0.13444958627223969,-0.3647865355014801,-0.6151056885719299,-0.80377197265625,-0.982733428478241,-1.2204829454421997,-1.5110795497894287,-1.7591608762741089,-1.8669967651367188,-1.8940672874450684,-1.826158046722412,-1.581438660621643,-1.318838119506836,-1.1962474584579468,-1.1321479082107544,-1.0543935298919678
0.2772201597690582,0.5299521684646606,1.0009443759918213,1.3671066761016846,1.659562110900879,1.7849897146224976,1.8211731910705566,1.7716233730316162,1.7578788995742798,1.6566823720932007,1.5068918466567993,1.238215446472168,0.7670533657073975,0.2558805048465729,-0.11740732192993164,-0.32499581575393677,-0.3603276014328003,-0.3118816614151001,-0.2945510447025299,-0.2934523820877075,-0.24837110936641693,-0.17173409461975098,-0.07826058566570282,-0.005530168768018484,0.03870999813079834,0.025279799476265907,-0.09229571372270584,-0.27037644386291504,-0.48539894819259644,-0.7295819520950317,-0.9707006812095642,-1.214034080505371,-1.4863449335098267,-1.7085415124893188,-1.7888355255126953,-1.8166415691375732,-1.7890257835388184,-1.6514182090759277,-1.4914815425872803,-1.4120259284973145,-1.3418346643447876,-1.262179970741272
0.25147342681884766,0.428839772939682,0.8098151087760925,1.1845073699951172,1.4496313333511353,1.4872866868972778,1.4723718166351318,1.512887716293335,1.5513170957565308,1.52568519115448,1.4334256649017334,1.3380640745162964,1.0816949605941772,0.6748627424240112,0.35199132561683655,0.13746027648448944,0.06704969704151154,0.08733133971691132,0.10298658907413483,0.15201769769191742,0.2372552454471588,0.2850801646709442,0.3266548812389374,0.3018900454044342,0.24925808608531952,0.2274933010339737,0.17280641198158264,0.09124433994293213,-0.05881780758500099,-0.2979189455509186,-0.5771663188934326,-0.8413227200508118,-1.1843489408493042,-1.403502106666565,-1.4286344051361084,-1.519397258758545,-1.6566660404205322,-1.6726949214935303,-1.6424832344055176,-1.645944595336914,-1.5865763425827026,-1.5040751695632935
0.4555542767047882,0.5925905108451843,0.6331245303153992,1.1771827936172485,1.4259936809539795,1.0486929416656494,0.9881988167762756,1.0389689207077026,1.0585005283355713,1.170722246170044,1.236687421798706,1.3221513032913208,1.4158827066421509,1.3685650825500488,1.2115353345870972,0.8551329374313354,0.5275156497955322,0.5584027767181396,0.6379402875900269,0.86930251121521,1.0801585912704468,1.126245379447937,1.3979817628860474,1.2622488737106323,0.9299662709236145,1.0195001363754272,1.1241333484649658,1.284420132637024,1.358143925666809,1.1494789123535156,0.729192852973938,0.2800896167755127,-0.5422619581222534,-0.9062982797622681,-0.604853630065918,-0.9185584783554077,-1.5976766347885132,-1.9254345893859863,-1.8767833709716797,-1.8066965341567993,-1.8171119689941406,-1.7671411037445068
0.6393865346908569,0.7308962941169739,0.3872080147266388,0.9551824927330017,0.9513769149780273,0.3854026794433594,0.7189359068870544,0.951386570930481,1.1328610181808472,1.278470516204834,1.2296717166900635,1.360727310180664,1.5607800483703613,1.572663426399231,1.3030054569244385,1.1047450304031372,1.0695090293884277,1.0973381996154785,1.0481940507888794,1.0364338159561157,1.1589661836624146,1.6029994487762451,1.6160953044891357,1.0696467161178589,0.9954107999801636,1.3127641677856445,1.4457532167434692,1.4337620735168457,1.5143458843231201,1.3132139444351196,1.240760326385498,1.6675231456756592,0.8179858326911926,-0.0008569121710024774,0.19588153064250946,0.08859626948833466,-1.0387955904006958,-2.142470121383667,-2.2129831314086914,-2.231203079223633,-2.1935136318206787,-2.057817220687866
0.7061938047409058,0.7097752094268799,0.2212972491979599,0.528795063495636,0.304538756608963,0.009551634080708027,0.49827221035957336,0.7965459227561951,1.049377202987671,0.9182589054107666,0.9669385552406311,1.2398990392684937,1.3901058435440063,1.4807929992675781,1.1723880767822266,1.0509302616119385,1.0990544557571411,1.1005330085754395,1.0782475471496582,1.130315899848938,1.8448930978775024,2.089785099029541,1.4762885570526123,0.8145055770874023,0.6861891746520996,0.9844956994056702,1.130397081375122,1.1204103231430054,1.533964991569519,1.423728108406067,1.3853636980056763,1.6947309970855713,1.0094139575958252,0.6080846786499023,0.7237642407417297,1.3347967863082886,0.5553025603294373,-1.5562710762023926,-2.329928159713745,-2.5363881587982178,-2.500342607498169,-2.2019569873809814
0.5846348404884338,0.4266777038574219,-0.06323827803134918,0.1178419217467308,-0.29955995082855225,-0.3175473213195801,0.3852270245552063,0.34633487462997437,0.6994968056678772,0.9315296411514282,0.9786771535873413,1.202965259552002,1.3447703123092651,1.2066349983215332,1.0575406551361084,1.0967128276824951,1.0568206310272217,1.0506311655044556,1.2647697925567627,1.6097302436828613,1.9027769565582275,1.8544976711273193,1.7511069774627686,1.1561585664749146,1.1823095083236694,1.2888281345367432,1.1170746088027954,1.2544392347335815,1.1834462881088257,0.911841869354248,1.0709847211837769,1.6008098125457764,1.184352993965149,0.08510211110115051,0.05574711412191391,0.6355201005935669,0.3647622764110565,-0.8712796568870544,-1.9413352012634277,-2.4471685886383057,-2.5860676765441895,-2.28623366355896
0.3515918254852295,-0.016393912956118584,-0.26653775572776794,-0.13492387533187866,-0.6854912638664246,-0.6206850409507751,0.21154522895812988,0.064029261469841,0.23032936453819275,0.7074138522148132,0.969971239566803,1.0092246532440186,1.0451741218566895,1.1717069149017334,1.2665553092956543,1.2125320434570312,1.1736921072006226,1.3337008953094482,1.5398919582366943,1.8852159976959229,1.7214710712432861,1.5241373777389526,1.4698944091796875,1.2469266653060913,1.8218450546264648,1.4811042547225952,1.1362859010696411,1.5869276523590088,0.8493351340293884,0.6117652058601379,1.1088553667068481,1.5262062549591064,1.088365077972412,-0.5589708089828491,-0.8031832575798035,-0.07730577886104584,0.6457096338272095,-0.2245788425207138,-1.769811749458313,-2.282569646835327,-2.5167715549468994,-2.1713643074035645
0.4943005442619324,-0.009875202551484108,-0.3989703357219696,-0.46578851342201233,-0.857839047908783,-0.7267731428146362,-0.22877450287342072,-0.24073955416679382,-0.11809557676315308,0.26297953724861145,0.9311751127243042,1.1343899965286255,1.0944246053695679,1.3254865407943726,1.4651895761489868,1.3954973220825195,1.6222736835479736,1.820447564125061,1.8271770477294922,1.8850252628326416,1.654525637626648,1.5503889322280884,1.3140742778778076,1.391029953956604,1.357593059539795,0.5807331204414368,1.7693523168563843,2.245300054550171,0.21270178258419037,0.049597375094890594,0.9384649991989136,0.5487887859344482,0.44565141201019287,0.5283727645874023,-0.12024515867233276,-0.5271588563919067,0.5115821361541748,0.5565182566642761,-1.3980463743209839,-2.1029796600341797,-2.0153820514678955,-1.9405403137207031
0.6996173858642578,0.1781468391418457,-0.4069647789001465,-0.9064416289329529,-1.0689715147018433,-0.7845587134361267,-0.5476865172386169,-0.7213283777236938,-0.20684485137462616,0.10304146260023117,0.39464008808135986,1.211298942565918,1.2536801099777222,1.3366190195083618,1.5762399435043335,1.7060496807098389,1.8514302968978882,1.6348392963409424,1.6451996564865112,1.5608770847320557,1.365322232246399,1.8600019216537476,2.0597643852233887,0.5911279916763306,-1.3628501892089844,-0.4441065490245819,2.453096866607666,2.4372260570526123,-0.5936247706413269,-0.42554035782814026,0.46939995884895325,-0.7488640546798706,-0.3136681020259857,1.1165605783462524,1.326728343963623,0.3412802219390869,-0.14933808147907257,0.9705604910850525,0.7558239698410034,-1.4267367124557495,-1.8804703950881958,-1.4277585744857788
0.847025990486145,0.2702766954898834,-0.3339521288871765,-0.8495620489120483,-1.183087706565857,-0.6987886428833008,-0.43646934628486633,-0.6504471302032471,-0.5644116401672363,-0.7005376219749451,0.02950659953057766,1.1293052434921265,1.4289547204971313,1.4602258205413818,1.6320825815200806,1.9472291469573975,1.6557745933532715,1.219773769378662,1.6146104335784912,1.7129771709442139,1.5713640451431274,1.98549222946167,2.366933822631836,1.0812225341796875,-1.0578616857528687,-0.6132362484931946,1.0041096210479736,2.3915905952453613,1.5810238122940063,-0.5382859706878662,-0.25927862524986267,-0.16020092368125916,-0.6960706114768982,-0.7443305850028992,0.14310595393180847,0.20964932441711426,0.3547520041465759,0.9608540534973145,1.075035810470581,-0.06927841901779175,-1.3796650171279907,-1.4190610647201538
0.9252033829689026,0.2973184585571289,-0.2339688241481781,-0.8939045667648315,-1.1745655536651611,-0.5816832184791565,-0.45912596583366394,-0.37115439772605896,-0.801884651184082,-1.4954417943954468,-0.47986555099487305,1.033697247505188,1.7166322469711304,1.6339260339736938,1.891182541847229,1.9159923791885376,1.272735595703125,1.062522530555725,1.4919695854187012,1.7210427522659302,1.6262316703796387,1.7787131071090698,1.6045212745666504,1.9031498432159424,1.330715298652649,0.29007649421691895,0.375234454870224,1.3276315927505493,2.532858371734619,1.4177573919296265,0.5035973787307739,0.5622655749320984,-1.0545594692230225,-1.7310750484466553,-0.26598435640335083,-0.3699580430984497,-0.40030381083488464,0.9371657371520996,0.565877377986908,1.153631329536438,0.6853621006011963,-1.6807794570922852
0.9802665710449219,0.3161351978778839,-0.06588318943977356,-0.5133239030838013,-0.9070209860801697,-0.8746591210365295,-0.39645880460739136,0.2769099473953247,-0.2943020164966583,-1.3413395881652832,-0.6131014227867126,1.0354737043380737,1.5419141054153442,1.4130558967590332,1.4191113710403442,1.0406500101089478,1.1118073463439941,1.4035242795944214,1.5748382806777954,1.745682954788208,1.6199638843536377,1.5413665771484375,1.970141053199768,2.0601532459259033,1.771092414855957,1.5529903173446655,1.3754194974899292,1.4895890951156616,1.774208903312683,1.664014458656311,1.887976884841919,2.3889389038085938,0.9128751754760742,-1.0348759889602661,-0.37376493215560913,-0.22013846039772034,-0.7223637104034424,-0.4685399830341339,0.08232244849205017,1.6331546306610107,1.505941390991211,-0.5696184039115906
1.1906871795654297,0.5991283059120178,0.256832093000412,-0.05883319303393364,-0.6576927304267883,-0.6642293334007263,-0.3985494375228882,-0.38779473304748535,-0.2959165871143341,-0.7430363893508911,-0.4851478040218353,0.7841840386390686,1.204383373260498,1.3137155771255493,1.4896291494369507,1.2067440748214722,1.4373098611831665,1.693383812904358,1.787473201751709,1.6926312446594238,1.6096701622009277,2.0462324619293213,2.201517343521118,1.840995192527771,1.8377470970153809,1.9946810007095337,1.3859025239944458,0.5759319067001343,1.1290359497070312,1.7860643863677979,2.0709457397460938,2.3085777759552,1.5663679838180542,0.021840251982212067,-0.2103540003299713,1.0320982933044434,-0.17553389072418213,-1.3431711196899414,0.7753776907920837,1.6159533262252808,1.2573453187942505,0.9780136346817017
1.6593098640441895,1.1701418161392212,0.7105939984321594,0.3754844665527344,-0.26072508096694946,-0.9839293956756592,-0.7683223485946655,-0.8198446035385132,-0.6900025606155396,-0.574840247631073,-0.3658708930015564,0.6797792911529541,0.9915593266487122,1.2356423139572144,1.4846069812774658,1.332083821296692,1.5895154476165771,2.0062665939331055,1.9574635028839111,1.525919795036316,1.5014660358428955,2.0221948623657227,1.9390285015106201,1.5294790267944336,1.3913447856903076,1.5671480894088745,0.7404392957687378,-0.10270296782255173,0.9718418717384338,2.430514335632324,2.1184728145599365,1.1600837707519531,0.9566734433174133,-0.20993733406066895,-0.6388677358627319,1.198146939277649,0.9298445582389832,-0.37397488951683044,1.1200343370437622,1.337801456451416,1.22255277633667,1.456405520439148
1.8742802143096924,1.4851338863372803,0.9611063003540039,0.4929518699645996,0.3531225025653839,-0.3442871570587158,-1.0449635982513428,-1.0154539346694946,-0.5485784411430359,-0.4132979214191437,-0.32372474670410156,0.458157479763031,0.7510576248168945,1.0208802223205566,1.2133965492248535,1.3713970184326172,1.9596558809280396,2.0229153633117676,1.4633588790893555,1.1646662950515747,1.470388650894165,2.016822338104248,2.027031421661377,1.6551966667175293,1.3839492797851562,1.2778739929199219,0.948859691619873,0.07797160744667053,0.21926894783973694,2.2763209342956543,1.9444539546966553,-0.4147821068763733,-0.6311326622962952,0.14895997941493988,0.3646775484085083,0.7831200361251831,0.5527867674827576,0.48302218317985535,1.1692423820495605,0.7667999267578125,1.3064990043640137,1.2760504484176636
1.85479736328125,1.5184416770935059,1.0938760042190552,0.5929532051086426,0.5769459009170532,0.21554987132549286,-0.7413526177406311,-1.0528346300125122,-0.7441240549087524,-0.5216457843780518,-0.31072959303855896,-0.1463727056980133,0.19336412847042084,0.5322971940040588,0.8454453945159912,1.7209442853927612,1.7613065242767334,1.234877109527588,1.2392183542251587,1.7991893291473389,1.976619005203247,1.5002456903457642,1.4346843957901,1.6371277570724487,1.5269322395324707,1.4643974304199219,1.3508422374725342,0.47645992040634155,0.0087794940918684,1.2766836881637573,2.63810396194458,1.772257685661316,0.22523818910121918,-0.16496747732162476,0.5850818157196045,1.082888126373291,0.3738107681274414,0.3430745303630829,0.31512612104415894,0.4715560972690582,1.0630131959915161,1.613147258758545
1.7819033861160278,1.4592652320861816,1.0801258087158203,0.8373292088508606,0.6941068172454834,0.6282138824462891,0.13108575344085693,-0.4353856146335602,-0.16168218851089478,0.09969405829906464,-0.36130696535110474,-0.9421981573104858,-0.6050451993942261,0.06811725348234177,0.9030010104179382,1.4863548278808594,1.3204234838485718,1.4949071407318115,1.8112235069274902,2.246354103088379,2.1480417251586914,0.873536229133606,0.5404660105705261,1.1563631296157837,1.6770609617233276,1.8821353912353516,1.582978367805481,1.255050778388977,0.5799950957298279,0.6513473987579346,1.7160841226577759,2.4631710052490234,2.14538311958313,1.1949708461761475,1.3097448348999023,1.3372443914413452,0.4500799775123596,-0.02087392844259739,-0.388831228017807,-0.08267524838447571,0.5589796900749207,1.9188605546951294
