demo/1300-wind-surface-level-gfs-1.0.json
{"header": {"productDefinitionTemplate": 0, "surface1Type": 103, "productStatus": 0, "disciplineName": "Meteorological products", "subDivisions": 0, "winds": "true", "parameterNumberName": "V-component_of_wind", "discipline": 0, "surface2Value": 0, "significanceOfRTName": "Start of forecast", "surface2TypeName": "Missing", "surface2Type": 255, "productTypeName": "Forecast products", "dx": 0.024617210030555725, "dy": 0.01798853650689125, "numberPoints": 65160, "productStatusName": "Operational products", "gribEdition": 2, "parameterUnit": "m.s-1", "forecastTime": 0, "refTime": "2020-09-30T11:00:00.000Z", "productType": 1, "genProcessTypeName": "Forecast", "scanMode": 0, "genProcessType": 2, "gribLength": 11338.0, "significanceOfRT": 1, "productDefinitionTemplateName": "Analysis/forecast at horizontal level/layer at a point in time", "centerName": "WRF OUTPUT", "la1": 43.66691207885742, "la2": 42.426788330078125, "lo2": 13.70867919921875, "gridUnits": "degrees", "surface1Value": 10, "shapeName": "Earth spherical with radius of 6,371,229.0 m", "surface1TypeName": "Specified height level above ground", "nx": 70.0, "ny": 70.0, "lo1": 12.008544921875, "basicAngle": 0, "gridDefinitionTemplate": 0, "shape": 6, "parameterNumber": 3, "subcenter": 0, "parameterCategoryName": "Momentum", "parameterCategory": 2, "center": 0, "gridDefinitionTemplateName": "Latitude_Longitude", "resolution": 48}, "data":
[rows 0 to 18 of 70, columns 0 to 41 of 70]
2.745950222015381,2.8515772819519043,2.885528802871704,2.9900131225585938,2.5187530517578125,1.6559218168258667,2.352884292602539,2.505835771560669,1.517521619796753,0.6880327463150024,0.11637800186872482,-0.05702603608369827,-0.3155345320701599,-0.6214044690132141,-0.9207699298858643,-1.2769415378570557,-1.7622888088226318,-2.037712574005127,-2.1660280227661133,-2.2537784576416016,-2.2443087100982666,-2.3043267726898193,-2.31365966796875,-2.264761447906494,-2.057328224182129,-1.752841830253601,-1.5254991054534912,-1.3197135925292969,-1.1974810361862183,-1.0859559774398804,-1.2564681768417358,-1.3367562294006348,-1.439763069152832,-1.439724326133728,-1.4418176412582397,-1.304975986480713,-1.2777408361434937,-1.1439080238342285,-0.7516630291938782,-0.39539438486099243,-0.6646637320518494,-1.103302240371704
2.7212836742401123,2.7112481594085693,2.739560842514038,2.7978127002716064,2.35315203666687,1.506892442703247,2.0968775749206543,2.3179023265838623,1.365680456161499,0.6559515595436096,0.265013188123703,0.282055139541626,0.09563878178596497,-0.22395171225070953,-0.6278610825538635,-1.1798272132873535,-1.760104775428772,-2.0664384365081787,-2.1525115966796875,-2.2010114192962646,-2.04257869720459,-2.089493989944458,-2.094114065170288,-2.0902535915374756,-1.8947030305862427,-1.650465965270996,-1.395196557044983,-1.1565495729446411,-0.9889809489250183,-0.8605908155441284,-1.0514010190963745,-1.1298502683639526,-1.2514657974243164,-1.260784387588501,-1.2825689315795898,-1.180458664894104,-1.191886305809021,-1.0741655826568604,-0.6392814517021179,-0.2671878933906555,-0.634221076965332,-1.2284369468688965
2.552241563796997,2.52942156791687,2.5030641555786133,2.310751438140869,2.1091184616088867,1.7248560190200806,1.311497449874878,1.1880364418029785,0.9032948017120361,0.7215803861618042,0.6560987234115601,0.6860987544059753,0.5567406415939331,0.3108370006084442,-0.04566068574786186,-0.5032752156257629,-0.831447422504425,-0.9696367383003235,-0.9900614023208618,-0.9938865900039673,-0.7889030575752258,-0.7728319764137268,-0.786466121673584,-0.851178765296936,-0.8585585951805115,-0.8704598546028137,-0.813183069229126,-0.7911167144775391,-0.8065444231033325,-0.8423269987106323,-0.9820448756217957,-1.0435633659362793,-1.1618046760559082,-1.1670407056808472,-1.2210485935211182,-1.3031748533248901,-1.3208047151565552,-1.3125907182693481,-1.2184278964996338,-1.1334878206253052,-1.1676160097122192,-1.3149049282073975
2.3706908226013184,2.198556900024414,2.094897747039795,1.9018659591674805,1.4907490015029907,1.2968308925628662,1.1348384618759155,1.1394222974777222,1.0801777839660645,0.9890585541725159,0.8271622061729431,0.7559663653373718,0.528957724571228,0.1983797699213028,-0.162444606423378,-0.5594415068626404,-0.8294094204902649,-0.8545199632644653,-0.8153177499771118,-0.6676911115646362,-0.4274785816669464,-0.37362009286880493,-0.32115885615348816,-0.5869112014770508,-0.5336413383483887,-0.4662633240222931,-0.19275115430355072,-0.16496090590953827,-0.4966416656970978,-1.010697364807129,-1.2641363143920898,-1.3905619382858276,-1.193363904953003,-0.9420375227928162,-1.3249800205230713,-1.672662615776062,-1.6095354557037354,-1.428289771080017,-1.330298662185669,-1.344282627105713,-1.4406406879425049,-1.5079187154769897
2.0662918090820312,1.9066225290298462,1.8394938707351685,1.7254878282546997,1.2903703451156616,1.3303320407867432,1.5096646547317505,1.3306244611740112,1.397215723991394,1.2777291536331177,1.1002867221832275,1.0542986392974854,0.8433560132980347,0.4068339467048645,0.0477081798017025,-0.43520328402519226,-0.44607093930244446,-0.4327735900878906,-0.2934515178203583,0.009601043537259102,0.2916580140590668,0.43881845474243164,0.19745780527591705,0.02960020676255226,0.1369180530309677,0.17825287580490112,-0.27242255210876465,-0.7212420105934143,-0.6532692313194275,-0.6289288997650146,-0.5556466579437256,-0.6320115923881531,-1.3193185329437256,-1.6212215423583984,-1.7686841487884521,-1.6182655096054077,-1.7066136598587036,-1.3662046194076538,-1.2021313905715942,-1.1700881719589233,-1.3184932470321655,-1.4521863460540771
1.7010375261306763,1.57050621509552,1.5286989212036133,1.4963853359222412,1.3830149173736572,1.5382285118103027,1.7006936073303223,1.617689609527588,1.4188779592514038,1.3030481338500977,1.4889124631881714,1.353041648864746,1.1463152170181274,0.7873185873031616,0.6094456315040588,0.7463893294334412,1.1465412378311157,0.9544938206672668,0.9147030711174011,0.9854891896247864,1.0130387544631958,0.47170013189315796,-0.11973772197961807,-0.2179114669561386,-0.14069601893424988,-0.11756939440965652,-0.35084599256515503,-0.15210296213626862,0.4940020442008972,0.5945973992347717,0.717138409614563,0.32330456376075745,-0.5042299032211304,-0.8064082264900208,-0.0818910002708435,0.5021016001701355,-0.6911913156509399,-1.2191293239593506,-1.2109042406082153,-1.246730089187622,-1.258692979812622,-1.4026927947998047
1.2994345426559448,1.149318814277649,1.17392098903656,1.2132842540740967,1.2948570251464844,1.3720300197601318,1.2937166690826416,1.4898165464401245,1.4039456844329834,1.3318017721176147,1.4285402297973633,1.3628226518630981,1.0857607126235962,0.8698230981826782,0.9850780963897705,1.3636491298675537,1.3212264776229858,1.1650272607803345,1.052952766418457,1.0682193040847778,0.5939240455627441,0.23356002569198608,0.07438796758651733,0.035714298486709595,0.03898955136537552,0.1967770904302597,0.5684546232223511,0.7055644989013672,0.5844801068305969,0.7226359844207764,0.832434892654419,0.6921423077583313,0.3927846848964691,0.12479079514741898,0.7073317766189575,0.6105996370315552,0.26110297441482544,-0.7579373717308044,-1.130596399307251,-1.3680479526519775,-1.4617339372634888,-1.5891520977020264
0.7641289830207825,0.6514010429382324,0.7076913714408875,0.8120904564857483,0.9033449292182922,1.1904182434082031,1.1472727060317993,1.1945701837539673,1.4514409303665161,1.353102445602417,1.2230405807495117,1.3523685932159424,1.2174022197723389,1.2021582126617432,1.3601064682006836,1.1978048086166382,1.057698130607605,1.04074227809906,1.0980521440505981,1.0181357860565186,0.8647860884666443,1.439033031463623,2.0222229957580566,2.0867371559143066,1.747754693031311,0.9156277775764465,0.7275697588920593,0.21647988259792328,-0.06501132994890213,0.7254847884178162,0.5973832607269287,0.755946695804596,0.052424367517232895,-0.5104683637619019,0.16226744651794434,0.024671273306012154,0.6946178078651428,-0.33426064252853394,-0.7969357371330261,-1.4398627281188965,-1.6840744018554688,-1.8764162063598633
0.31279534101486206,0.22480885684490204,0.30908888578414917,0.43610724806785583,0.6135972142219543,0.79824298620224,0.7769568562507629,0.936045229434967,0.9889697432518005,1.276322841644287,1.365756869316101,1.248134732246399,1.2249354124069214,1.5304739475250244,1.3981283903121948,1.2817192077636719,1.4036592245101929,1.1831225156784058,1.1050907373428345,1.0476857423782349,1.3445148468017578,1.4286447763442993,1.9084721803665161,1.8242257833480835,1.311322569847107,1.2581579685211182,1.280464768409729,0.5589557886123657,0.07636649906635284,-0.04246392473578453,-0.3483332395553589,-0.8366750478744507,-0.6264531016349792,-0.6455725431442261,-0.6188124418258667,-0.01688864827156067,0.6082548499107361,-0.7278763651847839,-0.921654999256134,-1.0390021800994873,-1.5463656187057495,-1.6740562915802002
0.08493951708078384,0.03388625383377075,0.04759444296360016,0.14179909229278564,0.34917154908180237,0.2960982024669647,0.305679053068161,0.7112133502960205,0.9340441226959229,0.9045032858848572,1.2507609128952026,1.1867278814315796,1.2237471342086792,1.6488585472106934,1.467265248298645,1.4174294471740723,1.2258944511413574,0.9281245470046997,0.9581702947616577,1.0905532836914062,1.3337788581848145,1.1590197086334229,0.7719341516494751,0.021894065663218498,1.0697838068008423,2.6212587356567383,2.2824580669403076,0.4042496085166931,-0.8501482605934143,-0.7384694218635559,-1.3038935661315918,-1.0292725563049316,0.8955334424972534,1.064824104309082,-0.6527086496353149,-0.3127555251121521,0.4633134603500366,0.5434019565582275,-0.36467865109443665,-0.6207518577575684,-0.8652876615524292,-1.5577086210250854
0.004598263185471296,-0.04936395585536957,-0.05656759440898895,-0.024573275819420815,-0.008233197033405304,0.3172743320465088,-0.011600467376410961,0.1535383015871048,0.28459134697914124,0.21031491458415985,0.7337552905082703,0.9263275861740112,0.987597644329071,1.069806694984436,0.9062728881835938,0.7741464972496033,0.5537768602371216,0.8644341230392456,1.519840955734253,1.375372290611267,1.1885510683059692,1.1770858764648438,0.8023813962936401,-0.14297828078269958,0.26394781470298767,1.0621603727340698,1.0533647537231445,1.3821529150009155,-0.7662488222122192,-1.0065091848373413,-0.8398459553718567,0.07909300923347473,0.5980666875839233,0.996119499206543,1.293761968612671,1.4243130683898926,1.2218347787857056,1.1571540832519531,0.8489925861358643,-0.678544819355011,-1.1551411151885986,-1.6287111043930054
0.05683570355176926,-0.03349895402789116,-0.03232461214065552,0.05011643469333649,0.3304227888584137,0.24047881364822388,-0.4582846462726593,-0.42728304862976074,-0.8161749839782715,-0.0016043228097259998,0.7360638380050659,1.0734586715698242,1.034930944442749,0.7554835081100464,0.5954669713973999,0.49262940883636475,0.558939516544342,1.3472827672958374,1.8524727821350098,1.323121190071106,1.0074306726455688,1.1443525552749634,1.4437857866287231,1.373000144958496,-0.5488430857658386,-1.1447876691818237,0.25572270154953003,2.0749974250793457,0.9076278209686279,-0.9383771419525146,-0.6359977126121521,-0.7660527229309082,-1.4747326374053955,-0.5531409978866577,0.9113625288009644,1.3579237461090088,1.485297441482544,0.9331644773483276,1.0147043466567993,0.4588247835636139,-1.4238823652267456,-0.6519349813461304
0.34610068798065186,0.2005363255739212,0.15764120221138,0.1186409518122673,-0.1939956247806549,-0.4776153266429901,-0.39433395862579346,-0.5158777832984924,-0.3360833525657654,0.2571510970592499,0.6261004209518433,0.8271955847740173,0.659708559513092,0.6081002354621887,0.5081496238708496,0.8744944930076599,1.3828974962234497,1.6341533660888672,1.3501242399215698,1.1637825965881348,1.2068896293640137,1.5858995914459229,1.791679859161377,1.6186636686325073,0.8800891637802124,0.2428312450647354,0.20719587802886963,0.30461251735687256,1.309457778930664,1.3252657651901245,0.7653847336769104,-0.7905160188674927,-0.8618431091308594,0.4401482045650482,0.26580891013145447,0.404604434967041,0.6717691421508789,1.0911619663238525,1.5370299816131592,1.4744620323181152,-0.04705619812011719,0.2906966209411621
0.7194423675537109,0.5565513968467712,0.45978879928588867,0.3398585915565491,0.03757231682538986,-0.03645068407058716,0.1429043561220169,0.4602910876274109,1.026616096496582,0.9364539384841919,0.575255811214447,0.7227903604507446,0.8222799897193909,1.1996874809265137,1.2428638935089111,1.7377946376800537,1.8151544332504272,1.3548485040664673,1.1072502136230469,1.2779197692871094,1.5630321502685547,1.5949645042419434,1.304305911064148,0.861061692237854,1.1516003608703613,0.7866052985191345,-0.3590424954891205,0.20708228647708893,1.354737639427185,2.1423377990722656,1.767656683921814,0.9806970357894897,1.162067174911499,1.4146652221679688,0.833552896976471,0.3294210135936737,-0.5776463150978088,0.5779811143875122,1.494241714477539,0.6022810339927673,0.8669650554656982,1.054842233657837
0.9760210514068604,0.8498833179473877,0.701461672782898,0.6250905394554138,0.7270264625549316,0.6193812489509583,0.6351463794708252,0.6434834599494934,1.193619966506958,0.9434375762939453,0.5808270573616028,0.7102360129356384,1.029927372932434,1.4087307453155518,1.3789794445037842,1.6822476387023926,1.3955092430114746,1.149511456489563,1.138880729675293,1.2349460124969482,1.5533580780029297,1.2842715978622437,0.7428302764892578,0.5056861042976379,0.44041159749031067,0.3142786920070648,0.3121681213378906,1.886345386505127,2.2058961391448975,1.2521220445632935,0.2760072350502014,0.6610838770866394,1.166154146194458,0.8552799224853516,0.9623235464096069,0.6573840975761414,-0.4811447262763977,0.6294777989387512,0.3349602222442627,-0.19305936992168427,0.6110904812812805,0.2616802752017975
1.2568445205688477,1.1170750856399536,0.9367997050285339,0.8329865336418152,0.8300467729568481,0.540798544883728,0.6700801849365234,0.6298326253890991,0.7384907603263855,0.544914960861206,0.4551711976528168,0.5122185945510864,0.726740837097168,0.8944810628890991,0.9687885642051697,1.210010290145874,0.995671272277832,0.7910131216049194,0.7309199571609497,1.0964245796203613,1.4490634202957153,1.1692065000534058,1.0391664505004883,0.9234268069267273,0.8708229660987854,1.0724600553512573,1.569205641746521,2.113412380218506,2.1566174030303955,1.7332491874694824,-0.04900559037923813,-0.9131684899330139,-0.330141544342041,0.5491819381713867,0.8556245565414429,1.0465974807739258,1.1698579788208008,1.5442607402801514,0.6594066619873047,0.42289453744888306,0.8062965273857117,-0.5878012776374817
1.4981714487075806,1.3288185596466064,1.1684656143188477,1.0647886991500854,1.0612140893936157,0.7871079444885254,0.5187551975250244,0.6146852970123291,0.5434432625770569,0.5799335241317749,0.4830329120159149,0.3983660638332367,0.5268429517745972,0.46843698620796204,0.8798763751983643,0.9142701625823975,0.295104444026947,0.254001647233963,0.9046035408973694,1.2390254735946655,0.8714642524719238,0.9064426422119141,1.571693778038025,1.5665369033813477,1.4355822801589966,1.517844796180725,1.7243139743804932,1.5911744832992554,1.9026896953582764,2.131779909133911,1.371225357055664,-0.41260477900505066,-0.5195779800415039,0.7319130301475525,1.2590101957321167,1.2714332342147827,1.7534294128417969,1.6874198913574219,1.3942935466766357,1.8237981796264648,1.827686071395874,1.2267372608184814
1.6678043603897095,1.5117323398590088,1.419951319694519,1.3058886528015137,0.9329749345779419,0.9896525740623474,0.9696575999259949,0.6506429314613342,0.2843599021434784,-0.09954192489385605,-0.5051476955413818,-0.37623530626296997,0.12936830520629883,0.3555453419685364,0.6693520545959473,0.42869672179222107,0.5176841020584106,1.2293851375579834,1.4553823471069336,1.075653314590454,0.14131039381027222,-0.0021065627224743366,0.8117866516113281,1.3606157302856445,1.6249874830245972,1.6586883068084717,1.4347549676895142,1.4272897243499756,1.258147954940796,1.4460402727127075,2.2057366371154785,1.6684291362762451,0.045220162719488144,0.23836222290992737,1.089047908782959,0.9935792088508606,0.8997265100479126,0.8697963356971741,1.2804502248764038,1.8609668016433716,1.9901442527770996,1.9763267040252686
1.8099639415740967,1.7083324193954468,1.6784193515777588,1.6200947761535645,1.3995617628097534,1.3054543733596802,1.292029619216919,1.2741069793701172,0.9530105590820312,-0.061846788972616196,-0.7389177083969116,-0.6295341849327087,-0.405178427696228,0.2960842549800873,0.4708423912525177,0.6859404444694519,1.4088499546051025,1.3908213376998901,0.5270446538925171,0.09468084573745728,-0.017789728939533234,-0.5093023180961609,-0.40098896622657776,0.31568095088005066,1.0851856470108032,1.404500126838684,1.3080713748931885,1.4678239822387695,0.9304075837135315,0.6796730160713196,1.4621329307556152,1.9218791723251343,1.2848327159881592,1.078050971031189,1.0301975011825562,0.9117665886878967,0.1201523020863533,0.01902165077626705,-0.03826949745416641,0.1921554058790207,0.9404985308647156,1.2301201820373535
