demo/1400-wind-surface-level-gfs-1.0.json
{"header": {"productDefinitionTemplate": 0, "surface1Type": 103, "productStatus": 0, "disciplineName": "Meteorological products", "subDivisions": 0, "winds": "true", "parameterNumberName": "U-component_of_wind", "discipline": 0, "surface2Value": 0, "significanceOfRTName": "Start of forecast", "surface2TypeName": "Missing", "surface2Type": 255, "productTypeName": "Forecast products", "dx": 0.024617210030555725, "dy": 0.01798853650689125, "numberPoints": 65160, "productStatusName": "Operational products", "gribEdition": 2, "parameterUnit": "m.s-1", "forecastTime": 0, "refTime": "2020-09-01T14:00:00.000Z", "productType": 1, "genProcessTypeName": "Forecast", "scanMode": 0, "genProcessType": 2, "gribLength": 11338.0, "significanceOfRT": 1, "productDefinitionTemplateName": "Analysis/forecast at horizontal level/layer at a point in time", "centerName": "WRF OUTPUT", "la1": 43.66691207885742, "la2": 42.426788330078125, "lo2": 13.70867919921875, "gridUnits": "degrees", "surface1Value": 10, "shapeName": "Earth spherical with radius of 6,371,229.0 m", "surface1TypeName": "Specified height level above ground", "nx": 70.0, "ny": 70.0, "lo1": 12.008544921875, "basicAngle": 0, "gridDefinitionTemplate": 0, "shape": 6, "parameterNumber": 2, "subcenter": 0, "parameterCategoryName": "Momentum", "parameterCategory": 2, "center": 0, "gridDefinitionTemplateName": "Latitude_Longitude", "resolution": 48}, "data":
[rows 38 to 56 of 70, columns 0 to 42 of 70]
2.9354543685913086,2.3842577934265137,0.8551422357559204,-1.7674232721328735,-2.6024584770202637,-2.2777810096740723,-1.774242639541626,-0.03564151003956795,1.3481184244155884,2.05049729347229,2.4104888439178467,2.787604331970215,3.2269136905670166,2.978511333465576,2.718562602996826,2.7152340412139893,2.6945741176605225,2.4040322303771973,2.1802115440368652,2.1428403854370117,2.3104748725891113,2.1872403621673584,1.9610120058059692,2.2370193004608154,2.2433314323425293,2.3055033683776855,2.1733973026275635,1.5271389484405518,1.7531131505966187,2.182236671447754,2.121563673019409,1.799163579940796,2.006757974624634,2.1503195762634277,1.9164353609085083,2.27191424369812,2.409824848175049,2.152737855911255,2.196837902069092,2.8305845260620117,2.507628917694092,0.3429597318172455,-0.6812072992324829
3.170809507369995,2.6257858276367188,1.0289890766143799,-1.6057024002075195,-2.3619942665100098,-2.015923500061035,-1.5119751691818237,0.14979739487171173,1.3283846378326416,2.0925827026367188,2.4649462699890137,2.756024122238159,2.8997159004211426,2.718667507171631,2.664834976196289,2.7012009620666504,2.6372222900390625,2.4218966960906982,2.28176212310791,2.2055413722991943,2.201050043106079,1.8694403171539307,1.824047565460205,2.1397294998168945,2.0958516597747803,2.046942949295044,1.7807097434997559,1.7633795738220215,2.321054220199585,2.264002799987793,1.4517992734909058,0.5259608626365662,1.0653984546661377,2.5431008338928223,2.107391119003296,0.91395103931427,1.6192206144332886,2.601998805999756,2.3581831455230713,2.3552584648132324,2.412010669708252,0.2098257690668106,-0.9539298415184021
3.550549030303955,3.028174638748169,1.2955876588821411,-1.3134150505065918,-2.076115369796753,-1.7725696563720703,-1.33523428440094,0.2566981017589569,1.5200904607772827,2.3606297969818115,2.8499362468719482,2.930054187774658,2.9472851753234863,2.845022201538086,2.7868404388427734,2.86505126953125,2.913616418838501,2.7866203784942627,2.219559669494629,1.733446717262268,1.5887471437454224,1.7496062517166138,1.8241784572601318,1.8598408699035645,1.842727780342102,1.7030549049377441,1.815256118774414,2.2609827518463135,2.415696144104004,2.2781286239624023,1.872740387916565,1.440445065498352,1.7369239330291748,2.2971556186676025,1.6325263977050781,0.8822111487388611,1.9431514739990234,2.652592182159424,1.6440765857696533,1.6744047403335571,2.355271339416504,0.3833261728286743,-0.8505984544754028
3.83813738822937,3.419416904449463,1.735521674156189,-0.8917765021324158,-1.638061761856079,-1.3728814125061035,-1.0654271841049194,0.5778467655181885,1.984780192375183,2.6221938133239746,2.89853835105896,2.824159622192383,2.7076547145843506,2.7619848251342773,2.885481834411621,2.9420950412750244,2.482941150665283,1.7802096605300903,1.1817275285720825,1.0515244007110596,1.2436027526855469,1.6616830825805664,2.2071971893310547,2.1350810527801514,1.745630145072937,1.72036612033844,2.0015809535980225,2.311744213104248,2.249014139175415,2.2515931129455566,2.2017133235931396,1.8200628757476807,1.8458302021026611,2.307159423828125,2.198791742324829,1.8287336826324463,2.215226888656616,2.282301902770996,1.7847321033477783,2.4351515769958496,2.3116631507873535,0.0214547012001276,-0.5278446078300476
3.9342031478881836,3.542003631591797,2.006636142730713,-0.5145480036735535,-1.2624400854110718,-0.8393197059631348,-0.5835453867912292,0.8709924817085266,2.222715377807617,2.6020236015319824,2.5703203678131104,2.4386963844299316,2.329601526260376,2.441335439682007,2.8937559127807617,2.6535327434539795,1.929111361503601,1.38304603099823,1.2243871688842773,1.374322533607483,1.6795212030410767,2.0249295234680176,2.268065929412842,2.107975482940674,1.6703153848648071,1.754917860031128,2.1879842281341553,2.185001850128174,2.0320117473602295,2.295344352722168,2.206321954727173,1.4077228307724,1.5194599628448486,2.338834762573242,2.355854034423828,2.1835029125213623,2.1574277877807617,1.980167031288147,1.762711763381958,2.5676889419555664,1.3412525653839111,-0.4583013653755188,0.0433213897049427
3.8850557804107666,3.5533831119537354,2.2226221561431885,0.11014220118522644,-0.328191876411438,1.0239381790161133,1.556806206703186,1.7022310495376587,1.83659827709198,1.9931913614273071,2.1576967239379883,1.9846709966659546,1.8939307928085327,2.077641487121582,2.4694738388061523,1.823164939880371,0.648269772529602,0.7537524104118347,1.2299063205718994,1.5180174112319946,1.784697413444519,2.0863444805145264,2.211277961730957,1.7824856042861938,1.260460376739502,1.6863774061203003,1.926989197731018,1.742056965827942,1.410117506980896,1.8569546937942505,1.8741610050201416,0.3522278964519501,0.7033937573432922,2.856294870376587,2.7135117053985596,2.0380704402923584,2.161426067352295,1.3322186470031738,1.8796184062957764,1.7202110290527344,-0.8855645060539246,-0.5053098201751709,0.9052010178565979
3.8295273780822754,3.5333805084228516,2.4461042881011963,1.5717304944992065,1.2641066312789917,1.6460739374160767,2.0394349098205566,1.7834351062774658,1.5908554792404175,1.8564599752426147,1.8885650634765625,1.9469029903411865,2.161609172821045,2.37068772315979,1.9925589561462402,0.33313462138175964,-0.5920243263244629,0.3958015441894531,1.3275212049484253,1.7110475301742554,1.6471589803695679,1.6988188028335571,2.0494155883789062,1.6637762784957886,1.2535264492034912,1.8721879720687866,1.5614497661590576,1.103003740310669,1.4359550476074219,2.0889506340026855,1.7851331233978271,0.5068013072013855,1.0773138999938965,2.7802159786224365,2.3960647583007812,1.564656376838684,1.7330749034881592,1.1962385177612305,1.0128402709960938,0.13410064578056335,-0.8687958121299744,-0.03480001166462898,0.6486049890518188
3.572315216064453,3.3560867309570312,2.565157651901245,1.9418665170669556,1.9052995443344116,1.9906034469604492,1.8529616594314575,1.744202733039856,1.66724693775177,2.0257513523101807,1.9945011138916016,1.5445151329040527,1.6796609163284302,1.7336570024490356,1.8990246057510376,1.3370118141174316,0.5383168458938599,0.8341487050056458,1.1156821250915527,1.3641414642333984,1.8901612758636475,2.0997729301452637,1.978293776512146,1.7070118188858032,1.5520424842834473,1.6415996551513672,1.388089656829834,1.3591138124465942,1.7542847394943237,1.9561913013458252,1.7761995792388916,0.9224255084991455,1.6728465557098389,3.2432351112365723,2.578212022781372,1.7263413667678833,1.7266061305999756,1.3662009239196777,1.0344032049179077,0.47716036438941956,0.5040683150291443,0.47612881660461426,0.5249751806259155
3.466125249862671,3.327342987060547,2.7335398197174072,2.127211809158325,1.9678798913955688,1.978035807609558,1.9632930755615234,1.7591655254364014,1.6075572967529297,2.3608574867248535,2.393571376800537,1.8970153331756592,1.8420333862304688,1.3341292142868042,0.9704616069793701,0.8831046223640442,0.8881769180297852,1.3712730407714844,1.7540074586868286,1.781222939491272,1.9247536659240723,2.0676467418670654,2.129863977432251,1.8631312847137451,0.938734769821167,0.749384880065918,1.1576049327850342,1.6162866353988647,2.029693365097046,2.0145530700683594,1.7458133697509766,1.458760142326355,2.4877939224243164,2.82804012298584,1.9722113609313965,1.8657307624816895,1.7306177616119385,1.501973271369934,0.9091640114784241,0.3258940279483795,0.6102941036224365,0.49474120140075684,0.7921794056892395
3.301119327545166,3.2098727226257324,2.7504608631134033,2.216055393218994,2.0384435653686523,2.002594470977783,1.9495168924331665,1.6908456087112427,1.3273712396621704,1.7977365255355835,1.9539990425109863,1.7030818462371826,1.0219429731369019,-0.7249104380607605,-0.8678305745124817,0.15183444321155548,0.7911220788955688,1.7540327310562134,2.3685479164123535,2.678971767425537,2.5728278160095215,1.9095162153244019,1.6537235975265503,1.2794727087020874,0.9976133108139038,1.3641517162322998,1.5963449478149414,1.8551914691925049,2.057689905166626,1.8009990453720093,1.4826210737228394,1.8627042770385742,2.848064422607422,2.766779899597168,2.136901378631592,2.2112185955047607,1.8568289279937744,1.5299996137619019,0.8976650238037109,0.6897217631340027,1.183517336845398,1.0316375494003296,1.3067084550857544
3.118051528930664,2.924294948577881,2.573854446411133,2.2710187435150146,1.8598817586898804,1.7495793104171753,1.6915427446365356,1.4228423833847046,1.3336907625198364,0.3424678146839142,-0.37275052070617676,0.5315157175064087,0.8787327408790588,-0.03410572186112404,-0.4735608696937561,0.21633881330490112,1.1846784353256226,1.7040950059890747,1.863276720046997,2.3970162868499756,2.371425151824951,1.443293809890747,0.831138014793396,0.8587133884429932,1.3132072687149048,1.8090602159500122,2.4143688678741455,2.7915284633636475,2.3846309185028076,1.9546369314193726,1.7970565557479858,2.2024543285369873,2.407832622528076,2.0611157417297363,2.0125741958618164,2.5143635272979736,2.002767562866211,1.4401814937591553,0.8369548916816711,1.0695924758911133,1.5789546966552734,1.4635460376739502,2.019294261932373
3.0002901554107666,2.7401814460754395,2.4481475353240967,2.239672899246216,1.8786795139312744,1.5872639417648315,1.186747670173645,0.8707138895988464,0.4888859987258911,-0.2873038053512573,-0.6081355810165405,-0.4989749491214752,0.207746222615242,0.9397246241569519,0.8264544606208801,0.408568412065506,0.9713438153266907,1.898781657218933,2.262052059173584,2.0592195987701416,2.3583168983459473,1.5714374780654907,0.03286664932966232,0.12432533502578735,1.0604475736618042,1.9104914665222168,2.6276304721832275,2.7108020782470703,2.3056416511535645,1.5804991722106934,1.4283279180526733,2.387270927429199,2.57125186920166,1.8521009683609009,1.5193597078323364,1.7922425270080566,1.8256726264953613,1.3317227363586426,1.0225005149841309,1.6510080099105835,1.8267760276794434,1.5778182744979858,2.7144663333892822
2.9185454845428467,2.596431255340576,2.2532620429992676,1.759832739830017,1.587111473083496,1.2483667135238647,0.17489217221736908,0.21711261570453644,0.8469440340995789,1.1824930906295776,0.8794766068458557,-0.4792575240135193,-0.5959709286689758,0.5543991923332214,1.1606978178024292,0.7391425371170044,0.6862554550170898,1.6108781099319458,2.2478628158569336,2.4576058387756348,2.118283748626709,1.050754189491272,0.6483387351036072,1.1132714748382568,1.7184743881225586,2.3638839721679688,2.516402006149292,2.3321869373321533,1.3243701457977295,0.4649846851825714,1.3515679836273193,2.9455721378326416,2.6981823444366455,1.2582905292510986,0.6843386888504028,0.44903478026390076,0.6837097406387329,0.766544759273529,1.225507378578186,1.399895191192627,0.6561782360076904,0.6566756367683411,2.6085782051086426
2.8762199878692627,2.5037384033203125,2.081937551498413,1.6437621116638184,1.5409671068191528,0.4140298664569855,-0.7039625644683838,0.14655032753944397,1.3404606580734253,1.4592314958572388,1.0609179735183716,-0.019868262112140656,-0.21147993206977844,0.2989147901535034,1.3806705474853516,1.9066725969314575,1.1147315502166748,0.9559547305107117,1.2365877628326416,1.9874849319458008,1.9596467018127441,1.389258861541748,1.554323673248291,2.0088651180267334,2.4544222354888916,2.3586630821228027,2.062084197998047,1.6105936765670776,0.15906019508838654,0.5507869124412537,2.679279088973999,3.130098342895508,1.9925832748413086,0.7133288979530334,-0.12461695075035095,-0.0671863779425621,0.9073920845985413,0.8891962170600891,1.4233918190002441,0.9212726950645447,-0.8297979831695557,0.22688503563404083,2.5631985664367676
2.77565598487854,2.356846332550049,1.9028431177139282,1.4393845796585083,0.641499936580658,-1.009414792060852,-1.3470878601074219,-0.34140822291374207,1.1374591588974,1.2119675874710083,0.3048153519630432,0.27933406829833984,0.692825436592102,0.981665313243866,1.0669301748275757,1.9683772325515747,1.182656168937683,-0.4858953058719635,0.1369379162788391,1.6895484924316406,2.1645665168762207,2.1467204093933105,2.3377528190612793,2.591912269592285,2.2285871505737305,1.7295477390289307,1.681183099746704,0.7511076331138611,-0.052662044763565063,1.5769758224487305,3.2859787940979004,2.026994466781616,0.2645335793495178,-0.24977335333824158,-0.7925499677658081,0.4396761357784271,1.2318800687789917,0.5412236452102661,1.4781283140182495,1.0269757509231567,-0.48011165857315063,1.279558777809143,2.2137084007263184
2.673021078109741,2.1534581184387207,1.6806281805038452,1.1126381158828735,0.031575534492731094,-0.8006554841995239,-0.8058314919471741,-0.7753830552101135,0.3745723068714142,0.9069381952285767,0.23464368283748627,0.6472864151000977,0.8170924782752991,1.0655673742294312,1.4489866495132446,1.3241791725158691,1.572496771812439,0.7743171453475952,0.04270055517554283,0.6210940480232239,1.5551834106445312,2.4564943313598633,2.8262531757354736,2.448136568069458,1.8458324670791626,1.8637603521347046,1.7353180646896362,0.9121346473693848,1.112959623336792,2.9199469089508057,2.3782548904418945,0.6690613627433777,0.9696818590164185,0.5263307690620422,-0.22639200091362,1.0297067165374756,1.6280606985092163,0.9385964870452881,1.6086851358413696,1.2385408878326416,0.46341776847839355,1.936958909034729,1.6656731367111206
2.64631986618042,2.036383867263794,1.4429364204406738,0.6599439382553101,-0.15429747104644775,-0.12405512481927872,-0.19675813615322113,-0.9835631251335144,-0.9355494379997253,-0.31971848011016846,0.3197356164455414,1.1374553442001343,1.0221662521362305,0.7442132234573364,1.2094732522964478,1.0391384363174438,1.0754956007003784,1.5535857677459717,1.1951006650924683,0.6836711168289185,0.951263964176178,1.8617852926254272,2.452244758605957,1.87034010887146,1.433801293373108,1.9242920875549316,1.7708079814910889,1.2106367349624634,1.954938292503357,2.410067558288574,1.5778636932373047,1.3814469575881958,1.7459585666656494,0.32191088795661926,-0.3611704707145691,1.448355793952942,1.887040376663208,1.017780065536499,1.502250075340271,2.112325668334961,1.8718252182006836,1.6427080631256104,0.7853376865386963
2.720250368118286,2.0732576847076416,1.2124766111373901,0.14417517185211182,-0.6395866274833679,-0.5095994472503662,-0.347452312707901,-0.47470352053642273,-1.2496349811553955,-1.0921299457550049,0.21371063590049744,1.2025117874145508,1.1921931505203247,0.9291338920593262,1.08918297290802,0.6662795543670654,0.810640275478363,1.511388897895813,1.6191760301589966,1.2961933612823486,1.2829842567443848,1.7634303569793701,2.1476759910583496,1.7135350704193115,1.7994186878204346,1.9217445850372314,1.0256582498550415,0.67093425989151,1.4195398092269897,1.904163122177124,2.2662758827209473,2.5384891033172607,1.598078966140747,-0.2526398003101349,-0.21962720155715942,1.6193978786468506,2.002897024154663,1.7094627618789673,1.8360629081726074,1.9719734191894531,1.0251319408416748,-0.9147750735282898,-1.218463659286499
2.68634295463562,1.9378072023391724,1.0761078596115112,-0.08277655392885208,-1.149887204170227,-0.8955516815185547,0.5580753087997437,0.07581274211406708,-1.5253140926361084,-1.3095816373825073,-0.04070217162370682,1.661667823791504,1.552893042564392,0.7385892868041992,0.8923631310462952,0.6839625239372253,0.896798312664032,1.2740676403045654,1.3845632076263428,1.5721230506896973,1.7484660148620605,1.8286155462265015,1.9862534999847412,2.0676658153533936,1.7648972272872925,0.5548064112663269,-0.2990463972091675,0.4515068233013153,2.0384843349456787,2.5660672187805176,2.3229360580444336,2.030278205871582,0.24281686544418335,-1.012600064277649,0.13266143202781677,1.5330908298492432,1.9632928371429443,2.2049551010131836,2.173272132873535,1.7148243188858032,-0.5662477612495422,-2.4632413387298584,-0.6960659027099609
