demo/1400-wind-surface-level-gfs-1.0.json
{"header": {"discipline": 0, "disciplineName": "Meteorological products", "gribEdition": 2, "gribLength": 11338.0, "center": 0, "centerName": "WRF OUTPUT", "subcenter": 0, "refTime": "2020-10-06T12:00:00.000Z", "significanceOfRT": 1, "significanceOfRTName": "Start of forecast", "productStatus": 0, "productStatusName": "Operational products", "productType": 1, "productTypeName": "Forecast products", "productDefinitionTemplate": 0, "productDefinitionTemplateName": "Analysis/forecast at horizontal level/layer at a point in time", "parameterCategory": 2, "parameterCategoryName": "Momentum", "parameterNumber": 2, "parameterNumberName": "U-component_of_wind", "parameterUnit": "m.s-1", "genProcessType": 2, "genProcessTypeName": "Forecast", "forecastTime": 0, "surface1Type": 103, "surface1TypeName": "Specified height level above ground", "surface1Value": 10, "surface2Type": 255, "surface2TypeName": "Missing", "surface2Value": 0, "gridDefinitionTemplate": 0, "gridDefinitionTemplateName": "Latitude_Longitude", "numberPoints": 65160, "shape": 6, "shapeName": "Earth spherical with radius of 6,371,229.0 m", "gridUnits": "degrees", "resolution": 48, "winds": "true", "scanMode": 0, "nx": 70.0, "ny": 70.0, "basicAngle": 0, "subDivisions": 0, "lo1": 12.008544921875, "la1": 43.66691207885742, "lo2": 13.70867919921875, "la2": 42.426788330078125, "dx": 0.024617210030555725, "dy": 0.01798853650689125}, "data":
[rows 19 to 37 of 70, columns 0 to 42 of 70]
3.99519681930542,3.5839738845825195,3.238100528717041,2.9090917110443115,2.6540493965148926,2.3610637187957764,1.9647890329360962,1.8655496835708618,2.1101043224334717,2.1886284351348877,2.302558422088623,2.442429542541504,2.7423794269561768,3.5909080505371094,3.8327534198760986,2.9761054515838623,2.6466760635375977,2.9399867057800293,3.2951767444610596,3.6676993370056152,3.8264408111572266,3.488776445388794,2.879877805709839,2.56838059425354,2.8166468143463135,3.5041821002960205,3.884578227996826,3.7259812355041504,3.1686336994171143,2.9704368114471436,3.9506547451019287,5.399585723876953,4.845231533050537,3.377310276031494,3.153017044067383,3.4190943241119385,3.535041332244873,3.9842991828918457,4.40367317199707,4.097625255584717,3.6182358264923096,3.5651941299438477,4.4060235023498535
3.813669204711914,3.4189207553863525,3.1263575553894043,2.8558011054992676,2.6220951080322266,2.1717634201049805,1.8267897367477417,2.075862407684326,2.2608158588409424,2.024176836013794,2.164984703063965,2.861142158508301,3.239051580429077,3.1167187690734863,2.573345422744751,2.411398410797119,2.824324607849121,2.99727201461792,3.230841636657715,3.4412479400634766,3.5891470909118652,3.1407017707824707,2.4791407585144043,2.239928960800171,2.5720720291137695,3.1802611351013184,3.907841205596924,4.0235981941223145,3.474330425262451,3.007108688354492,3.5308268070220947,4.815927028656006,4.828061103820801,3.660045862197876,3.0087931156158447,3.532198190689087,3.691652297973633,3.528728723526001,3.609144687652588,3.2909703254699707,2.5644264221191406,2.244767189025879,3.179884672164917
3.604841947555542,3.2964401245117188,2.9997568130493164,2.571371078491211,2.239989757537842,1.9550492763519287,1.8010756969451904,2.089340925216675,2.1183271408081055,2.072000741958618,2.351952314376831,3.164320230484009,3.639636993408203,2.830108880996704,1.904802680015564,2.1181840896606445,2.8406426906585693,2.9782793521881104,2.9987001419067383,3.0732808113098145,2.8589677810668945,2.619682788848877,2.475499391555786,2.529512882232666,2.6700022220611572,2.9116861820220947,3.4842567443847656,3.893543004989624,3.5641555786132812,3.1081905364990234,3.252758026123047,4.557014465332031,4.900543212890625,3.944016933441162,3.3880343437194824,4.089766502380371,3.573962688446045,2.6815664768218994,2.2877440452575684,2.2147672176361084,2.1662802696228027,2.375152826309204,3.1888697147369385
3.431835889816284,3.2444427013397217,2.8983469009399414,2.485182046890259,2.087810516357422,1.8785090446472168,2.0246176719665527,1.9007022380828857,1.7645506858825684,2.3738622665405273,2.6537156105041504,2.594724416732788,2.7642037868499756,2.302039384841919,1.8151358366012573,2.007967472076416,2.58872652053833,2.942847728729248,2.762605667114258,2.4877352714538574,2.6819047927856445,2.5614116191864014,2.256431818008423,2.2175650596618652,2.4121150970458984,2.9058279991149902,3.256309747695923,3.5315001010894775,3.6907215118408203,3.01908278465271,2.816589593887329,3.9901621341705322,5.103845119476318,4.678652763366699,3.559056043624878,3.406414270401001,2.938453197479248,2.0475645065307617,1.7519408464431763,2.0864367485046387,2.660400867462158,3.0309078693389893,3.4228103160858154
3.1876230239868164,3.0475969314575195,2.737671375274658,2.367072582244873,2.0361275672912598,2.036485195159912,1.9395991563796997,1.4425963163375854,1.5507584810256958,2.382894515991211,2.5007965564727783,2.594146251678467,2.967562675476074,2.5351760387420654,2.064800500869751,2.0927586555480957,2.100224733352661,1.9357424974441528,1.7391011714935303,1.9299883842468262,2.1713814735412598,2.29841685295105,2.495079278945923,2.889759063720703,3.0647425651550293,2.9628493785858154,2.925638437271118,3.2947607040405273,3.5956528186798096,2.8858847618103027,2.733055830001831,3.113524913787842,4.124977111816406,4.586797714233398,3.4805474281311035,2.527186155319214,2.4495677947998047,2.0258679389953613,1.950607419013977,2.578024387359619,3.2601373195648193,3.5661447048187256,3.711150646209717
2.9299464225769043,2.8398947715759277,2.557771682739258,2.2241857051849365,2.142916440963745,2.3560826778411865,2.024155616760254,1.3420798778533936,1.4684083461761475,2.008854866027832,2.292257308959961,2.757963180541992,2.6296939849853516,2.2825064659118652,2.4942831993103027,2.218095302581787,1.4568707942962646,1.2887839078903198,1.5438330173492432,1.8032944202423096,2.0467991828918457,2.3062121868133545,2.6537556648254395,2.8071742057800293,2.9295859336853027,3.2836058139801025,3.5191149711608887,3.376803398132324,3.184410333633423,2.8012287616729736,3.185558795928955,3.238943576812744,4.109890937805176,5.408858299255371,3.817004919052124,1.9479893445968628,2.485076665878296,2.2554826736450195,2.271731376647949,3.123443841934204,3.5325839519500732,3.671811819076538,3.7548277378082275
2.7165966033935547,2.821838855743408,2.557434320449829,2.5949878692626953,2.6001219749450684,2.520219087600708,2.0908455848693848,1.5283445119857788,1.5364080667495728,1.9932829141616821,2.4557995796203613,2.8732094764709473,2.5978708267211914,2.785583734512329,3.070185899734497,2.091010570526123,0.9099780321121216,0.8714607954025269,1.1977903842926025,1.6135139465332031,1.903975248336792,2.31477427482605,2.850511074066162,2.8138108253479004,2.5715200901031494,3.389491081237793,3.7131011486053467,3.251387357711792,3.192204236984253,3.345825672149658,3.51973819732666,3.0990793704986572,3.5102169513702393,4.549251079559326,3.2812647819519043,2.0301098823547363,2.608138084411621,2.407289981842041,2.87884259223938,3.900562047958374,3.579336404800415,3.0267677307128906,3.3273661136627197
2.518751621246338,2.68450927734375,2.5929901599884033,2.927044153213501,3.0334160327911377,2.6160576343536377,2.2207393646240234,1.9773368835449219,1.7464473247528076,1.8727034330368042,2.6131396293640137,2.837205648422241,2.4212636947631836,2.891274929046631,3.4670331478118896,2.183773994445801,0.688574492931366,0.5178165435791016,0.8945144414901733,1.483247995376587,1.9925631284713745,2.535820722579956,3.06650972366333,2.9845309257507324,2.7746992111206055,3.561809539794922,3.8116567134857178,3.2687995433807373,2.720369577407837,2.8951058387756348,3.427811622619629,3.128544330596924,2.9523589611053467,3.8400168418884277,3.4278621673583984,2.7386670112609863,2.8589367866516113,2.871426582336426,3.3160197734832764,4.463430404663086,4.021031379699707,2.982855796813965,3.119920015335083
2.333085060119629,2.514988899230957,2.5619866847991943,2.792341947555542,2.735499620437622,2.584218978881836,2.311734437942505,1.8896892070770264,1.7999238967895508,2.0885684490203857,2.9752964973449707,3.238264560699463,2.821223497390747,3.126410484313965,3.642772674560547,2.510648250579834,0.9339852929115295,0.4523882567882538,0.7649382948875427,1.375893235206604,1.8463362455368042,2.5191490650177,3.116856336593628,2.9170985221862793,2.924867630004883,3.5708870887756348,3.70139741897583,3.0162930488586426,2.4671714305877686,3.047415018081665,3.851810932159424,3.0556387901306152,2.1483535766601562,2.856112003326416,3.3840889930725098,2.8895785808563232,2.928210735321045,3.1236207485198975,3.1349291801452637,3.7290563583374023,3.5788326263427734,2.935809850692749,2.726240873336792
2.075148105621338,2.2643930912017822,2.3317482471466064,2.4709725379943848,2.4214892387390137,2.2623820304870605,1.8613449335098267,1.4781876802444458,1.644892930984497,2.469177484512329,3.394717216491699,3.1566951274871826,2.820007562637329,3.029278039932251,2.906949996948242,2.1948680877685547,1.2992773056030273,0.7537506818771362,0.7550904750823975,1.2759507894515991,1.8737202882766724,2.532700300216675,3.072908878326416,3.164335012435913,3.2457079887390137,3.352654457092285,3.1008856296539307,2.6278085708618164,2.4227232933044434,3.322800874710083,3.831743001937866,2.2085535526275635,1.6439841985702515,3.2041680812835693,3.4776899814605713,2.685614585876465,3.24833083152771,3.5232431888580322,3.139630079269409,3.2308051586151123,3.3804421424865723,2.508774518966675,2.0508317947387695
1.8762187957763672,2.034182548522949,2.012758731842041,2.117629051208496,2.0551540851593018,2.021320343017578,1.8631601333618164,1.6540966033935547,2.0421178340911865,2.8220298290252686,2.8498404026031494,2.4864513874053955,2.671698570251465,2.518247604370117,2.131592273712158,1.8244317770004272,1.4711287021636963,1.0194473266601562,0.8485501408576965,1.3899133205413818,2.0256705284118652,2.5384020805358887,2.9960672855377197,3.2669811248779297,3.143242597579956,2.633086681365967,2.0596866607666016,2.030465841293335,2.8432528972625732,3.975882053375244,3.0902397632598877,1.2045583724975586,1.5614136457443237,3.1705613136291504,3.0513792037963867,2.3048784732818604,3.3454413414001465,4.165278434753418,3.2929224967956543,2.83752703666687,3.0697240829467773,2.3243284225463867,2.054119110107422
1.686013102531433,1.719970464706421,1.7427268028259277,1.8036311864852905,1.8580834865570068,1.8154293298721313,1.7417892217636108,1.8655622005462646,2.563844680786133,2.7261102199554443,1.9675705432891846,2.1291611194610596,2.662562847137451,2.311099052429199,1.8708878755569458,1.741525411605835,1.3455010652542114,0.731449544429779,0.8372390866279602,1.5600194931030273,2.241184949874878,2.6936402320861816,3.091128349304199,3.274362802505493,2.776628017425537,2.1610727310180664,1.573787808418274,1.7855054140090942,3.365208148956299,3.6951065063476562,1.8810275793075562,0.7136312127113342,1.6802120208740234,3.083383798599243,3.3693180084228516,3.0575437545776367,3.483116865158081,3.884821891784668,3.5644564628601074,3.340775728225708,2.884202003479004,2.0696959495544434,2.3706297874450684
1.575790286064148,1.5930858850479126,1.6222436428070068,1.6622129678726196,1.7451077699661255,1.7232592105865479,1.6680197715759277,1.8581938743591309,2.428555965423584,2.1116886138916016,1.4970643520355225,2.2118866443634033,2.9049017429351807,2.286716938018799,1.9370428323745728,1.8299520015716553,1.2868130207061768,0.6649632453918457,0.8306065201759338,1.5870131254196167,2.3622353076934814,2.873175859451294,2.8566830158233643,2.7488574981689453,2.531184673309326,1.9063446521759033,1.5844252109527588,2.276597738265991,3.6106760501861572,3.0454442501068115,1.1961370706558228,0.9668464660644531,2.137328863143921,2.812281847000122,3.065899133682251,3.5829615592956543,3.717660903930664,3.3412816524505615,2.935080051422119,3.241718053817749,2.9897546768188477,2.4363150596618652,2.8670573234558105
1.5862280130386353,1.6743710041046143,1.591951608657837,1.561623215675354,1.5197340250015259,1.536836862564087,1.5289396047592163,1.5285311937332153,1.8836644887924194,1.934316873550415,1.7012302875518799,2.359524726867676,2.7093231678009033,2.1725099086761475,1.9934664964675903,1.7938218116760254,1.0480926036834717,0.7127224206924438,1.1696007251739502,1.9285364151000977,2.5259053707122803,2.7292683124542236,2.415602445602417,2.435913324356079,2.6780784130096436,2.2838802337646484,2.1743385791778564,2.7430529594421387,2.9438822269439697,1.834740161895752,0.8614243865013123,1.6259046792984009,2.6894595623016357,2.7088277339935303,2.9758548736572266,3.927642583847046,4.392785549163818,3.8279504776000977,3.109934091567993,3.199734687805176,3.3969950675964355,3.361649513244629,3.2732112407684326
1.5908526182174683,1.708164930343628,1.501293659210205,1.451738715171814,1.3164256811141968,1.2056852579116821,1.1995824575424194,1.3664875030517578,1.806550145149231,1.9206475019454956,1.8473562002182007,2.5226571559906006,2.4592418670654297,1.7478967905044556,1.978817105293274,1.752568244934082,0.7468239068984985,0.7748032212257385,1.6357866525650024,2.426882743835449,2.537158250808716,2.0702106952667236,1.8904409408569336,2.2427825927734375,2.327946901321411,1.8570894002914429,2.433717966079712,3.085297107696533,1.8763481378555298,0.7889713048934937,1.0456186532974243,2.028028964996338,2.801374912261963,2.677111864089966,2.7803666591644287,3.5320329666137695,3.959681987762451,3.980867385864258,3.620393753051758,3.2003092765808105,3.4078361988067627,3.552586078643799,2.7934882640838623
1.534718632698059,1.6413904428482056,1.374954342842102,1.3027948141098022,1.2110176086425781,1.2469589710235596,1.353708028793335,1.5258514881134033,1.7969038486480713,1.6499520540237427,1.899770975112915,2.832489252090454,2.3619067668914795,1.7501308917999268,1.9582350254058838,1.1807961463928223,0.4464099705219269,0.8725834488868713,1.7952182292938232,2.4206185340881348,2.394850969314575,2.236309289932251,2.36142635345459,2.3724911212921143,2.0323829650878906,1.4430334568023682,2.235790252685547,3.1407856941223145,1.69303560256958,0.6420066952705383,1.1200190782546997,1.8491166830062866,2.7634031772613525,3.4138879776000977,3.405535936355591,3.4881913661956787,3.8187193870544434,3.9701855182647705,4.208874702453613,4.255192279815674,3.7441468238830566,2.7892489433288574,1.7539006471633911
1.1600499153137207,1.286555290222168,1.2342246770858765,1.1927810907363892,1.156235933303833,1.1844961643218994,1.3582104444503784,1.7389427423477173,1.8471896648406982,1.5451252460479736,2.0598113536834717,2.852769374847412,1.9740275144577026,1.6179929971694946,1.7932000160217285,0.7920231223106384,0.3366900086402893,1.0447107553482056,1.9663954973220825,2.370898485183716,2.1546876430511475,2.014543056488037,2.1967310905456543,2.277327537536621,1.9312787055969238,1.2620502710342407,1.6649169921875,2.6650502681732178,2.31185245513916,1.4170470237731934,1.3400245904922485,1.827470302581787,2.908803939819336,3.762183904647827,3.7790791988372803,3.6056113243103027,3.7734575271606445,3.8466758728027344,4.180081367492676,4.0512542724609375,2.7979187965393066,1.5078519582748413,1.5072505474090576
1.0692094564437866,1.1919081211090088,1.0825997591018677,0.9897327423095703,0.9960635900497437,1.1393533945083618,1.4610707759857178,1.7634378671646118,1.6693482398986816,1.532532811164856,2.213707447052002,2.568772554397583,1.5126018524169922,1.6335803270339966,1.7131024599075317,0.480157732963562,0.3009410500526428,1.2613420486450195,2.0704102516174316,2.0335752964019775,1.6813849210739136,1.787791132926941,2.1282527446746826,2.141850709915161,1.8892948627471924,1.620316505432129,1.802488923072815,2.2059717178344727,2.3313071727752686,1.9922473430633545,1.8708248138427734,2.432872772216797,2.980684757232666,3.5087730884552,3.7634668350219727,3.844292163848877,3.8699238300323486,3.78774094581604,3.6365365982055664,3.4859957695007324,2.5002942085266113,1.6694036722183228,1.7452173233032227
0.8938640356063843,1.037442922592163,1.0495628118515015,0.9971352219581604,1.00218665599823,1.2396711111068726,1.5974103212356567,1.4884088039398193,1.4004323482513428,1.6028765439987183,2.0828583240509033,2.177461862564087,1.4789389371871948,1.8307825326919556,1.5554563999176025,0.2169037014245987,0.29010045528411865,1.33431875705719,1.9197924137115479,1.5296251773834229,1.386533498764038,1.7026026248931885,1.9841824769973755,1.9335367679595947,1.8949283361434937,1.9839563369750977,2.014500379562378,1.8027511835098267,2.065295934677124,2.0493645668029785,1.9313385486602783,2.616976499557495,2.703800678253174,3.0415141582489014,3.6795291900634766,4.013872146606445,3.6333959102630615,3.171412706375122,3.1695218086242676,3.015885353088379,2.5168089866638184,2.162944793701172,1.8501958847045898
