demo/1400-wind-surface-level-gfs-1.0.json
{"header": {"productDefinitionTemplate": 0, "surface1Type": 103, "productStatus": 0, "disciplineName": "Meteorological products", "subDivisions": 0, "winds": "true", "parameterNumberName": "V-component_of_wind", "discipline": 0, "surface2Value": 0, "significanceOfRTName": "Start of forecast", "surface2TypeName": "Missing", "surface2Type": 255, "productTypeName": "Forecast products", "dx": 0.024617210030555725, "dy": 0.01798853650689125, "numberPoints": 65160, "productStatusName": "Operational products", "gribEdition": 2, "parameterUnit": "m.s-1", "forecastTime": 0, "refTime": "2020-09-30T12:00:00.000Z", "productType": 1, "genProcessTypeName": "Forecast", "scanMode": 0, "genProcessType": 2, "gribLength": 11338.0, "significanceOfRT": 1, "productDefinitionTemplateName": "Analysis/forecast at horizontal level/layer at a point in time", "centerName": "WRF OUTPUT", "la1": 43.66691207885742, "la2": 42.426788330078125, "lo2": 13.70867919921875, "gridUnits": "degrees", "surface1Value": 10, "shapeName": "Earth spherical with radius of 6,371,229.0 m", "surface1TypeName": "Specified height level above ground", "nx": 70.0, "ny": 70.0, "lo1": 12.008544921875, "basicAngle": 0, "gridDefinitionTemplate": 0, "shape": 6, "parameterNumber": 3, "subcenter": 0, "parameterCategoryName": "Momentum", "parameterCategory": 2, "center": 0, "gridDefinitionTemplateName": "Latitude_Longitude", "resolution": 48}, "data":
[rows 19 to 37 of 70, columns 0 to 42 of 70]
1.719473958015442,1.6925181150436401,1.685402512550354,1.7467889785766602,1.6695780754089355,1.5059235095977783,1.494287133216858,1.8785908222198486,1.678613305091858,1.433502197265625,1.943207025527954,1.7214843034744263,0.9853774309158325,0.6301946640014648,0.4976423382759094,1.0406060218811035,1.1073193550109863,0.21979714930057526,-0.2744249701499939,-0.15272030234336853,0.24510353803634644,0.2646940350532532,-0.08683651685714722,-0.7576202750205994,-0.7858362197875977,0.3130073845386505,1.219660758972168,1.345545768737793,1.1195290088653564,1.3304831981658936,1.4805721044540405,1.5130568742752075,1.4711284637451172,1.4390491247177124,1.1745928525924683,0.9410929679870605,0.5589882731437683,0.1068435087800026,-0.6070534586906433,-0.6635132431983948,-0.9226338267326355,-0.43834736943244934,0.1109420657157898
1.7850983142852783,1.7653177976608276,1.8256248235702515,1.8840378522872925,1.8765603303909302,1.825250267982483,1.7858977317810059,2.140148878097534,1.9331004619598389,1.680631160736084,1.8319352865219116,1.3886874914169312,1.0105602741241455,0.5220744609832764,0.4904184639453888,0.6957013607025146,0.423271119594574,0.2494799941778183,0.5109133124351501,0.7686626315116882,0.6932162046432495,0.721879243850708,0.8402860760688782,0.05522022023797035,-0.27881598472595215,0.07291723787784576,0.5317502617835999,0.8615401387214661,1.277786135673523,1.6233270168304443,1.5815107822418213,1.4589300155639648,0.9730298519134521,0.7578692436218262,0.6065359711647034,0.32283514738082886,-0.08531757444143295,-0.6474790573120117,-0.9097389578819275,-1.0692110061645508,-1.657036542892456,-1.6610156297683716,-0.2550702691078186
1.839312195777893,1.860945463180542,1.9484155178070068,1.9177062511444092,1.897438883781433,1.85587477684021,2.0108535289764404,2.155078411102295,1.8689005374908447,1.6106672286987305,0.6784509420394897,0.42516809701919556,0.5839235782623291,0.27317389845848083,-0.3640637695789337,0.03776378557085991,0.5773963928222656,1.2074452638626099,1.2944011688232422,1.3298587799072266,1.2508362531661987,1.3944926261901855,1.328667402267456,0.6610834002494812,0.33299675583839417,0.25848349928855896,0.46413224935531616,1.2852863073349,1.7827857732772827,1.6206227540969849,1.268040418624878,0.8929502367973328,0.4457187056541443,0.010265946388244629,-0.2820250988006592,-0.674197256565094,-0.6991216540336609,-0.9794252514839172,-1.3030961751937866,-1.2375261783599854,-1.8548357486724854,-2.035207748413086,-0.6769964098930359
1.8390882015228271,1.9428614377975464,2.050405740737915,1.9338964223861694,1.9900366067886353,1.9778764247894287,2.2495901584625244,1.8400307893753052,1.4659620523452759,1.334309697151184,0.5291351079940796,0.5698410868644714,0.7596856355667114,1.2433947324752808,0.23851847648620605,0.12683583796024323,1.0171133279800415,1.7773683071136475,1.6621599197387695,1.7467637062072754,1.8554248809814453,1.6296509504318237,1.5882951021194458,1.4251281023025513,1.450326919555664,1.741131067276001,1.7834622859954834,2.027401924133301,1.855880856513977,1.0650453567504883,0.5725383758544922,0.3902497887611389,0.7328373193740845,0.3648756444454193,-0.41475462913513184,-0.7588490843772888,-0.12037062644958496,-0.7446566224098206,-1.4879640340805054,-1.5084575414657593,-1.8149068355560303,-1.834164023399353,-1.2180689573287964
1.8469080924987793,1.9803904294967651,2.024944305419922,1.9251925945281982,1.895310878753662,2.0004262924194336,1.8693970441818237,1.6274603605270386,1.6004669666290283,1.4265977144241333,0.6957311630249023,0.5757038593292236,0.8414703011512756,1.2153432369232178,0.5060721635818481,0.6896376609802246,1.3431271314620972,1.530943751335144,1.5323708057403564,1.5635138750076294,1.390521764755249,1.5119096040725708,1.6951794624328613,2.0030996799468994,2.2363574504852295,1.9974874258041382,1.7292168140411377,1.6882565021514893,1.2727726697921753,0.7546395063400269,0.5991680026054382,0.694607675075531,1.2709814310073853,1.0804715156555176,0.2433808445930481,0.3368854224681854,0.856925904750824,-0.2632695734500885,-1.6219501495361328,-1.685059905052185,-1.7877806425094604,-1.6208943128585815,-1.2625385522842407
1.8333194255828857,1.9374539852142334,2.0068914890289307,1.9522817134857178,1.8872480392456055,1.9289836883544922,1.5767161846160889,1.866395115852356,1.8062527179718018,1.3772172927856445,0.6961184740066528,0.5566427111625671,1.2942938804626465,1.1160099506378174,0.25421664118766785,0.47747692465782166,0.8770307302474976,0.8992691040039062,0.9847777485847473,1.0497537851333618,1.2456245422363281,1.664891004562378,1.574027180671692,1.3968820571899414,1.5983524322509766,1.6412004232406616,1.5496997833251953,1.4994746446609497,1.1587865352630615,0.9263250827789307,0.8770900368690491,0.7007023096084595,0.7840540409088135,0.8066188097000122,0.22671937942504883,0.22716869413852692,0.27397605776786804,-0.10101185739040375,-1.1351048946380615,-2.190599203109741,-1.8239179849624634,-1.3003953695297241,-1.2274309396743774
1.7437649965286255,1.8434914350509644,1.9172115325927734,1.9590531587600708,1.8750749826431274,1.6963995695114136,1.912398338317871,2.279819965362549,1.6567832231521606,1.0090433359146118,0.8825963139533997,0.8958218097686768,1.8499091863632202,1.8169302940368652,0.4935265779495239,-0.32380399107933044,0.04690193012356758,0.5051200985908508,0.8800414204597473,1.2309887409210205,1.3360167741775513,1.2758409976959229,1.271468162536621,1.2621378898620605,1.6616401672363281,1.8515526056289673,1.6292693614959717,1.199629306793213,0.9179520010948181,0.6022655963897705,0.33383241295814514,-0.2747449576854706,-0.47914355993270874,0.05195027217268944,0.4639730751514435,0.3144497871398926,0.6740639805793762,1.1648955345153809,1.507051944732666,-1.0337660312652588,-2.19271183013916,-1.094473123550415,-0.5517556667327881
1.555267333984375,1.6404956579208374,1.7174080610275269,1.7176066637039185,1.5919160842895508,1.6580561399459839,1.8768051862716675,1.9430843591690063,1.2836992740631104,0.8468453884124756,1.1322758197784424,1.5928938388824463,2.066333532333374,1.4060885906219482,1.1193369626998901,-0.0264473557472229,-0.16240696609020233,0.5437090992927551,1.1384758949279785,1.3814245462417603,1.2947965860366821,1.3512139320373535,1.3907999992370605,1.3972783088684082,1.6366856098175049,1.6719666719436646,1.4693682193756104,1.0477622747421265,0.7582323551177979,0.3661443293094635,0.2511798143386841,-0.10844562947750092,-0.7782490849494934,-0.15497185289859772,0.9332876205444336,1.4527881145477295,1.8751744031906128,1.9703843593597412,1.7936538457870483,1.4182385206222534,-1.0855554342269897,-1.2720398902893066,-0.6142363548278809
1.2447996139526367,1.3124706745147705,1.3152626752853394,1.2217459678649902,0.965101957321167,0.9481702446937561,0.8063806295394897,0.6095389723777771,0.4002682566642761,0.573961079120636,0.9707903861999512,1.5066274404525757,1.2107245922088623,0.9552973508834839,1.2427868843078613,1.0061476230621338,0.29290133714675903,0.8654443025588989,1.0290255546569824,1.2405316829681396,1.4036825895309448,1.4799919128417969,1.34474778175354,1.4805169105529785,1.6432228088378906,1.567668080329895,1.373624563217163,1.0138709545135498,0.6272762417793274,0.35826581716537476,0.4710952639579773,0.6754165887832642,-0.0586068294942379,-0.0507575124502182,0.6503400206565857,1.2252806425094604,1.2960759401321411,0.4477090537548065,-0.7942582368850708,0.3299678564071655,-0.08315831422805786,-1.4183934926986694,-1.1353130340576172
0.9147289991378784,0.9392163753509521,0.8935229778289795,0.7800123691558838,0.592501163482666,0.30499088764190674,0.027988441288471222,-0.3993787169456482,-0.03868197277188301,0.3182007074356079,0.6680939793586731,1.2293535470962524,0.8133532404899597,0.20987257361412048,0.007854880765080452,0.4059724807739258,0.978052020072937,1.7088080644607544,1.1922497749328613,1.1300647258758545,1.1763864755630493,1.0721317529678345,1.313420295715332,1.5110961198806763,1.3514597415924072,0.9525671601295471,0.7160813808441162,0.5688024759292603,0.323483943939209,0.07837386429309845,0.19336317479610443,0.6682615876197815,0.6660130620002747,0.2661401331424713,0.03040243312716484,-0.15356236696243286,-0.4134764075279236,-0.6962143778800964,-1.4559557437896729,-1.5176644325256348,-0.981554388999939,-1.4693732261657715,-1.35367751121521
0.7360590100288391,0.6915593147277832,0.5738731622695923,0.448308527469635,0.3731766641139984,0.1363539844751358,-0.27789565920829773,-0.840880811214447,-0.4779644012451172,-0.2668783664703369,0.5669995546340942,1.111196517944336,0.4712047874927521,-0.37959861755371094,-0.22243671119213104,0.4987625479698181,1.541143536567688,2.094940662384033,1.6846811771392822,1.3121211528778076,1.0193225145339966,1.0443930625915527,1.2518651485443115,1.1953868865966797,0.6733245849609375,0.21780802309513092,-0.06908609718084335,-0.16325603425502777,0.2382536232471466,0.06020040810108185,-0.07585301995277405,0.1953592747449875,0.3046373128890991,0.006415516138076782,-0.33357879519462585,-0.5588675141334534,-0.6022719740867615,-0.2781141400337219,-0.48622143268585205,-0.8908114433288574,-1.3276175260543823,-1.2964282035827637,-1.256203055381775
0.6622463464736938,0.5993049144744873,0.43612512946128845,0.1281639188528061,-0.2688983082771301,-0.5867289900779724,-0.8388003706932068,-1.2357063293457031,-0.7241112589836121,-0.8929675221443176,0.14129261672496796,0.5188791751861572,0.6883434057235718,0.8772035837173462,1.2469935417175293,1.571000099182129,1.4601898193359375,1.7141263484954834,1.550087332725525,1.3563463687896729,1.2574199438095093,1.2369167804718018,1.0492266416549683,0.9312433004379272,0.6885910630226135,0.6216719150543213,0.381661981344223,0.8784414529800415,1.3646403551101685,0.7872656583786011,0.39936143159866333,0.907896101474762,0.6492682695388794,0.5809859037399292,0.82464200258255,0.8279483318328857,0.11653026938438416,-0.11763700842857361,0.2924111485481262,0.1332785189151764,-1.0037646293640137,-0.6270071268081665,-0.6257103681564331
0.664928674697876,0.6440010070800781,0.45104286074638367,0.02534886822104454,-0.6010873317718506,-1.0514905452728271,-1.2818843126296997,-1.7906583547592163,-1.1967591047286987,-0.45355483889579773,0.3107913136482239,0.34063053131103516,1.1226282119750977,1.5369750261306763,1.5932914018630981,1.4545776844024658,1.7076349258422852,1.8549604415893555,1.6917402744293213,1.3340861797332764,1.362086534500122,1.0438423156738281,0.6738911867141724,0.7669516205787659,1.176112174987793,1.5331405401229858,1.4952354431152344,1.7726480960845947,1.4739583730697632,0.6346244215965271,1.0864542722702026,1.5094724893569946,0.7126490473747253,0.3818739652633667,0.6342883110046387,0.7244216799736023,0.11306385695934296,-0.6017947196960449,-0.6580177545547485,0.33910250663757324,-0.3200800120830536,-0.7161030173301697,-0.9845979809761047
0.7062523365020752,0.6554521322250366,0.45898008346557617,-0.08477672934532166,-1.4020265340805054,-1.6983574628829956,-1.9695008993148804,-1.7817497253417969,-0.6235976815223694,0.7001838684082031,0.8348044157028198,0.6815110445022583,0.8344301581382751,0.6352403163909912,1.0317063331604004,1.4985023736953735,1.809067726135254,1.9032171964645386,1.7756080627441406,1.1966701745986938,0.9053911566734314,0.49898257851600647,0.13833050429821014,0.46858111023902893,0.9398016333580017,1.4728025197982788,1.3156683444976807,-0.011391756124794483,-0.5957911014556885,-0.12196473777294159,1.5061298608779907,1.7053838968276978,0.6618967056274414,-0.4228564202785492,-0.825208306312561,-0.76547771692276,-0.27471113204956055,-0.09432229399681091,-1.1268947124481201,-0.23721981048583984,0.4889475405216217,-1.0175813436508179,-1.3033369779586792
0.7877561450004578,0.639646053314209,0.49233150482177734,0.07696226984262466,-1.1950572729110718,-1.5212078094482422,-1.4322930574417114,-1.0075405836105347,0.5021443367004395,0.7824064493179321,0.8386473655700684,0.9413034915924072,0.5703448057174683,0.5747129321098328,1.0731137990951538,1.1771637201309204,1.4187591075897217,1.462385892868042,1.0949571132659912,0.6444804668426514,0.16961246728897095,0.3783456087112427,0.7126391530036926,0.9094130396842957,0.9154640436172485,1.0684794187545776,0.9263049364089966,-0.3754767179489136,-1.538246512413025,-0.369614839553833,1.703301191329956,2.1111836433410645,1.4256969690322876,0.5568771362304688,-0.2449827343225479,-0.7474533915519714,-0.4471732974052429,0.5702072381973267,0.41167107224464417,-0.3910604417324066,0.029597964137792587,-0.09513039141893387,-0.4649560749530792
0.871207594871521,0.67160564661026,0.5630825757980347,0.4290032982826233,0.03296768292784691,-0.39306914806365967,0.24295780062675476,0.4821132719516754,0.7597532272338867,0.23652195930480957,0.517941415309906,0.5757240653038025,0.4758918285369873,0.7131184339523315,0.7913119792938232,1.0101133584976196,1.2369250059127808,0.9936724305152893,0.6422134637832642,0.5736438035964966,0.5115637183189392,0.489687442779541,0.5270406007766724,0.40809425711631775,0.3439582586288452,0.30836978554725647,0.8253915905952454,1.0941768884658813,-0.39746007323265076,0.4012014865875244,2.0867369174957275,2.161132335662842,1.7620725631713867,1.5265257358551025,0.9751986861228943,0.333746999502182,0.12680038809776306,0.5986049771308899,0.890170156955719,-0.16973859071731567,-1.0106476545333862,-0.42323413491249084,-0.7966036200523376
0.9604267477989197,0.7511029839515686,0.642598569393158,0.5368856191635132,0.3487156927585602,0.14697566628456116,0.4356807768344879,0.7130374908447266,0.47283950448036194,0.16039754450321198,0.20529411733150482,0.2522448003292084,0.603446364402771,0.7566856741905212,0.7452753782272339,0.9034802317619324,0.9255243539810181,0.7399367094039917,0.2736331522464752,0.2498687505722046,0.5376489162445068,0.24214006960391998,-0.25065878033638,-0.2817912995815277,-0.06759639084339142,0.007017855532467365,0.4711005687713623,1.4145526885986328,1.4443013668060303,2.4991555213928223,2.966400384902954,2.272136926651001,1.5454256534576416,1.3052617311477661,1.0582852363586426,0.7626446485519409,0.5565729737281799,0.22278860211372375,-0.0703122690320015,0.0584435909986496,-0.855948805809021,-1.110579490661621,-0.7756519317626953
1.0515483617782593,0.8513134717941284,0.7263773679733276,0.5359244346618652,-0.04070187732577324,0.06586010009050369,0.05200020596385002,-0.007451494690030813,-0.18444998562335968,-0.1257912814617157,0.0762268528342247,0.5287621021270752,0.7450026869773865,0.6595215797424316,0.5251104235649109,0.6384844183921814,0.6680402159690857,0.654173731803894,-0.07418619096279144,-0.7593751549720764,-1.006222128868103,-0.5957639813423157,-0.3201373219490051,-0.18640638887882233,0.1237412840127945,-0.08250580728054047,-0.5191846489906311,0.5198464393615723,1.844466209411621,2.655932903289795,2.6444530487060547,1.6655347347259521,0.6708552241325378,0.47170376777648926,0.5371593236923218,0.46780136227607727,0.35466936230659485,0.032296597957611084,-0.42141807079315186,-0.2798365354537964,-0.8128610849380493,-1.0055304765701294,-0.9775234460830688
1.132173776626587,0.9646002054214478,0.8335506916046143,0.6752018928527832,0.035403985530138016,-0.313218891620636,-0.320316344499588,-0.1464626044034958,-0.5622097253799438,-0.6692890524864197,0.19332700967788696,0.6987931728363037,0.7356307506561279,0.34935006499290466,0.5223288536071777,0.9841768145561218,0.8345562815666199,0.6185420155525208,-0.19683711230754852,-1.095274806022644,-1.3571054935455322,-1.5768485069274902,-1.0986452102661133,-0.6246231198310852,-0.20667903125286102,0.03169681131839752,-0.5064924955368042,0.09988763183355331,0.9529046416282654,1.474989652633667,1.7241272926330566,1.1258070468902588,0.5040262937545776,0.36960020661354065,0.45683252811431885,0.4466046392917633,0.14359846711158752,0.06139318272471428,-0.5205413699150085,-0.6339226961135864,-0.6154208183288574,-1.072670340538025,-1.767655372619629
