demo/1400-wind-surface-level-gfs-1.0.json
{"header": {"productDefinitionTemplate": 0, "surface1Type": 103, "productStatus": 0, "disciplineName": "Meteorological products", "subDivisions": 0, "winds": "true", "parameterNumberName": "U-component_of_wind", "discipline": 0, "surface2Value": 0, "significanceOfRTName": "Start of forecast", "surface2TypeName": "Missing", "surface2Type": 255, "productTypeName": "Forecast products", "dx": 0.024617210030555725, "dy": 0.01798853650689125, "numberPoints": 65160, "productStatusName": "Operational products", "gribEdition": 2, "parameterUnit": "m.s-1", "forecastTime": 0, "refTime": "2020-09-01T14:00:00.000Z", "productType": 1, "genProcessTypeName": "Forecast", "scanMode": 0, "genProcessType": 2, "gribLength": 11338.0, "significanceOfRT": 1, "productDefinitionTemplateName": "Analysis/forecast at horizontal level/layer at a point in time", "centerName": "WRF OUTPUT", "la1": 43.66691207885742, "la2": 42.426788330078125, "lo2": 13.70867919921875, "gridUnits": "degrees", "surface1Value": 10, "shapeName": "Earth spherical with radius of 6,371,229.0 m", "surface1TypeName": "Specified height level above ground", "nx": 70.0, "ny": 70.0, "lo1": 12.008544921875, "basicAngle": 0, "gridDefinitionTemplate": 0, "shape": 6, "parameterNumber": 2, "subcenter": 0, "parameterCategoryName": "Momentum", "parameterCategory": 2, "center": 0, "gridDefinitionTemplateName": "Latitude_Longitude", "resolution": 48}, "data":
[rows 19 to 37 of 70, columns 0 to 42 of 70]
1.0060935020446777,1.1493604183197021,1.1980857849121094,1.3490450382232666,1.3025559186935425,0.9282340407371521,0.7546945214271545,1.5161843299865723,0.9438185095787048,-1.0729577541351318,-0.8602596521377563,0.16597598791122437,-0.46941325068473816,-1.4233884811401367,-1.4553567171096802,-0.5995272994041443,0.7635833621025085,1.2880492210388184,0.8947328925132751,1.2524268627166748,1.3973687887191772,1.2117060422897339,2.1546578407287598,0.8908358216285706,-1.3198392391204834,-0.9723252654075623,-0.2530641257762909,0.01144547387957573,-0.5306363105773926,-0.8337234854698181,0.23184867203235626,0.919836699962616,1.5589826107025146,2.3488168716430664,0.8224902749061584,-0.05665910243988037,1.9263269901275635,2.080559730529785,1.663710117340088,1.7335338592529297,1.215966820716858,1.2105481624603271,2.192044973373413
0.617658793926239,0.765500009059906,1.0610167980194092,1.1825485229492188,0.9494457244873047,1.1143181324005127,1.6482388973236084,2.1305909156799316,0.8458942174911499,-1.3776824474334717,-1.1946964263916016,0.7144323587417603,0.6990087032318115,-1.4200584888458252,-2.2038207054138184,-1.2251862287521362,0.523145854473114,1.1950554847717285,1.1482878923416138,1.516810655593872,1.3797725439071655,1.8280274868011475,1.7521802186965942,-0.6841143369674683,-1.7904202938079834,-0.9957215189933777,-0.7602594494819641,-0.3635289967060089,-0.340504914522171,-0.6242257952690125,-0.03071669116616249,0.5276790261268616,1.2192583084106445,2.2257187366485596,1.6062098741531372,0.41112059354782104,0.8269506692886353,1.5250773429870605,1.647087574005127,1.7221733331680298,2.044343948364258,2.453317165374756,2.6712396144866943
0.5186610817909241,0.7208337783813477,1.031260371208191,1.1716140508651733,1.2295888662338257,1.649143099784851,1.8611576557159424,1.3082395792007446,-0.6531486511230469,-1.6873496770858765,-0.8277507424354553,0.5256381034851074,0.5779565572738647,-1.2263356447219849,-2.3303632736206055,-1.6016818284988403,0.21810950338840485,1.1468865871429443,1.3161948919296265,1.2226308584213257,1.4747766256332397,1.9484156370162964,0.8300050497055054,-0.5853453874588013,-1.2801116704940796,-1.2643702030181885,-1.4339649677276611,-1.0720804929733276,-0.2192080318927765,-0.46955710649490356,-0.4645015001296997,0.4843960404396057,1.8280872106552124,2.374643564224243,2.7467150688171387,2.0030200481414795,-0.29928144812583923,0.0019635078497231007,1.949051022529602,2.7922897338867188,3.239436149597168,3.1320266723632812,2.206914186477661
0.47188276052474976,0.6637894511222839,1.0040178298950195,1.3978334665298462,1.4994367361068726,1.5074653625488281,1.083827257156372,0.619300901889801,-0.6080976724624634,-1.5082895755767822,-0.6987249255180359,0.5472581386566162,0.9317620396614075,-0.3697879910469055,-1.264958143234253,-1.1203805208206177,-0.018294798210263252,1.1889842748641968,1.0750830173492432,1.2247546911239624,1.5669389963150024,0.49540525674819946,-0.32159289717674255,0.10249140113592148,0.10879441350698471,-0.4301827847957611,-1.3775336742401123,-1.4034451246261597,-0.3984281122684479,-0.5534058809280396,-0.4067521393299103,1.3049319982528687,2.9465200901031494,2.9757511615753174,3.375467300415039,1.945431113243103,-1.554336667060852,-1.0391631126403809,1.8412593603134155,2.959345817565918,3.0326690673828125,2.3271472454071045,1.6599369049072266
0.3777468502521515,0.5643722414970398,0.9987210035324097,1.5269948244094849,1.706026315689087,1.3906432390213013,0.7695860266685486,0.6803989410400391,-0.05229354277253151,-1.233525276184082,-0.5900617241859436,1.0953730344772339,0.29859697818756104,-1.115066647529602,-0.2783738672733307,-0.19205725193023682,0.31652528047561646,1.3799453973770142,1.337438941001892,1.7984224557876587,0.8258355855941772,-0.9150312542915344,-0.5023623108863831,0.4702948331832886,0.2452353835105896,0.4452190697193146,-0.19593362510204315,-1.301094651222229,-0.6452053189277649,-0.5815043449401855,0.025421572849154472,2.2139031887054443,3.272336959838867,2.4778618812561035,2.3524627685546875,0.7517791390419006,-2.0606791973114014,-0.9972357749938965,1.5005817413330078,2.4914557933807373,2.345604658126831,2.130976438522339,1.939335823059082
0.4147503077983856,0.5849642157554626,0.9852368831634521,1.2792584896087646,1.288272500038147,1.1719502210617065,0.794450044631958,0.22200371325016022,-0.230158269405365,-1.1805696487426758,-0.734836220741272,0.45837002992630005,-1.036870002746582,-2.116973400115967,-0.7980380058288574,0.31257009506225586,1.3329006433486938,1.8766193389892578,1.2828036546707153,1.3790026903152466,0.31196510791778564,-1.305372714996338,-0.503034770488739,0.5737406611442566,0.5271497964859009,0.6097015738487244,0.3273043930530548,-0.4670559763908386,-0.3436254858970642,-0.05502539128065109,0.7676641345024109,2.670288324356079,3.1371243000030518,1.88340163230896,0.14279724657535553,-0.8425273895263672,-0.9538941383361816,0.17105652391910553,2.0550506114959717,2.3140106201171875,1.6458990573883057,1.3943936824798584,1.4180301427841187
0.5954574942588806,0.7510536909103394,1.0270406007766724,1.154415249824524,1.0389822721481323,1.1246967315673828,0.7184432148933411,-0.14073508977890015,0.18648892641067505,-0.7077110409736633,-1.2399795055389404,0.036652807146310806,-0.9350016117095947,-1.9792070388793945,-0.43502277135849,1.0762559175491333,1.7115304470062256,1.0883489847183228,0.11434131860733032,0.915860116481781,0.5800043344497681,-0.5333576202392578,0.220038503408432,0.5680254697799683,0.11446690559387207,0.23440265655517578,0.16309982538223267,-0.07983855903148651,0.07253234833478928,0.47308778762817383,1.1803686618804932,2.251056432723999,2.5687177181243896,2.355842351913452,0.9069392681121826,-0.1385279893875122,0.4137427806854248,1.0797659158706665,1.914864420890808,2.0977659225463867,1.1034444570541382,0.43590059876441956,1.4573397636413574
0.7081758379936218,0.8275772333145142,1.0189483165740967,0.7732471227645874,0.8943930864334106,1.1607149839401245,0.6112977862358093,0.05130244418978691,0.6810756921768188,-0.24109423160552979,-1.4631824493408203,0.04176061227917671,0.27810782194137573,-0.22944581508636475,0.28779172897338867,0.7565415501594543,0.7939801216125488,0.04412395507097244,0.3380221426486969,1.1412522792816162,0.1379784792661667,0.05788511410355568,0.9306201934814453,0.08854616433382034,-0.4376401901245117,0.15803328156471252,0.4287908673286438,0.3196983337402344,0.5897612571716309,0.8907505869865417,1.2409751415252686,2.049797534942627,2.6370890140533447,2.668440818786621,1.4192354679107666,0.33248743414878845,0.7119046449661255,1.4728902578353882,2.2267088890075684,2.619370222091675,1.911964774131775,0.9300451874732971,1.915496587753296
0.8254339098930359,0.8721513748168945,0.9872466325759888,0.673507034778595,0.8507232069969177,0.8566381335258484,0.41282954812049866,0.2110528200864792,0.9529306292533875,0.6024831533432007,-1.0514875650405884,-0.5507864952087402,0.2557149827480316,1.2074947357177734,0.7614029049873352,-0.5914231538772583,-0.133560910820961,0.2909165024757385,0.5130189061164856,0.39778071641921997,0.32850590348243713,1.4824873208999634,0.9159291982650757,-0.633413553237915,-0.4532054364681244,0.1740880161523819,0.6567642092704773,0.837038516998291,1.1858729124069214,1.1338220834732056,1.3837876319885254,2.329721689224243,2.8067028522491455,2.647158622741699,1.4186497926712036,0.22903914749622345,0.8922736644744873,1.8102258443832397,2.2267627716064453,2.5303101539611816,2.393125295639038,1.139122724533081,0.722015917301178
0.9998997449874878,0.9967806339263916,1.0054978132247925,0.7006797194480896,0.7682825326919556,0.6838536262512207,0.5434665679931641,0.5253490209579468,1.0633610486984253,0.5930179357528687,-0.905128538608551,-0.5092419385910034,0.7702159881591797,1.4876441955566406,-0.2692262828350067,-1.2470531463623047,-0.25730833411216736,0.2982836961746216,0.6956982016563416,0.30498915910720825,1.045449137687683,1.679145336151123,-0.16586339473724365,-1.0924384593963623,-0.34830358624458313,0.3056125342845917,0.9061439633369446,1.264574646949768,1.5309035778045654,1.4374330043792725,1.9590767621994019,2.6997947692871094,2.619399070739746,2.3663954734802246,0.9301283359527588,0.20058408379554749,1.4944349527359009,2.2112672328948975,2.4655184745788574,2.7037384510040283,2.6555938720703125,1.6826967000961304,-0.282868355512619
1.0170046091079712,0.9735406637191772,0.9888797998428345,0.8230197429656982,0.4868757426738739,0.31329983472824097,0.7914943099021912,0.9320008754730225,1.0175400972366333,0.6982008218765259,-0.584269642829895,-0.2474166303873062,1.3413662910461426,1.7796299457550049,-0.03583715483546257,-1.3545149564743042,-0.5494660139083862,0.5106700658798218,1.1938719749450684,0.8472175598144531,1.403247356414795,1.4169108867645264,-0.09908902645111084,-0.6883584856987,-0.26724985241889954,0.6192938685417175,1.08994722366333,1.3667830228805542,1.5228092670440674,1.583554983139038,2.203571319580078,2.61179256439209,2.5209264755249023,1.8188745975494385,0.8241990804672241,1.1353636980056763,2.3051419258117676,2.3840339183807373,2.518260955810547,2.9670233726501465,2.973532199859619,1.7703983783721924,-0.4356768727302551
0.9597368240356445,0.8950405716896057,1.032608985900879,0.8528512716293335,0.5977892875671387,0.5585214495658875,0.8408337831497192,0.7087225914001465,0.7733312249183655,0.838851809501648,0.08509364724159241,0.31564781069755554,1.124176025390625,1.2608815431594849,0.5308046936988831,-0.6810885667800903,-0.7595097422599792,0.4929286241531372,1.6931183338165283,1.4681739807128906,0.8738076686859131,0.3046758472919464,-0.0322178453207016,0.021424630656838417,0.25052404403686523,0.987914502620697,1.273962140083313,1.2700096368789673,1.3987467288970947,1.5468062162399292,1.7863456010818481,2.0832293033599854,1.9287471771240234,1.2799932956695557,1.3712645769119263,2.2173497676849365,2.548041343688965,2.4830386638641357,2.7254748344421387,2.8931641578674316,2.6379799842834473,1.1757246255874634,-0.36016666889190674
1.1274144649505615,1.0072678327560425,1.0566551685333252,0.958902895450592,0.7386000752449036,0.6799201965332031,0.7823596000671387,0.7570125460624695,0.9252687096595764,0.7970899939537048,0.7951847910881042,1.0099947452545166,0.7506271600723267,0.7350135445594788,0.8677776455879211,0.1949721723794937,-0.19331540167331696,0.5808897614479065,1.1212942600250244,1.101951241493225,0.8434044122695923,0.49579912424087524,0.4122818410396576,0.20539991557598114,0.5681982636451721,1.3136531114578247,1.262688159942627,1.1794763803482056,1.9213035106658936,2.167046070098877,1.8978551626205444,2.1942203044891357,2.006746768951416,1.8066725730895996,1.961613655090332,2.428285598754883,2.3837740421295166,2.29780912399292,2.645019054412842,2.6169228553771973,2.065833806991577,0.7533239722251892,-0.6494725942611694
1.3941123485565186,1.2309116125106812,1.097071886062622,0.7853298187255859,0.8648484945297241,1.0481516122817993,0.8688439130783081,0.8030456900596619,0.7315878868103027,0.7335134148597717,0.9778289198875427,0.921685516834259,0.8300257921218872,1.1412941217422485,1.1810134649276733,0.8168644309043884,0.6366878747940063,0.9504890441894531,1.0696464776992798,0.9419006109237671,0.9692201018333435,0.812832236289978,0.7611603140830994,0.7192394733428955,1.3685036897659302,1.3944463729858398,1.0195279121398926,1.887194037437439,2.8135478496551514,2.364396810531616,1.6785691976547241,1.876152753829956,1.9772424697875977,2.388115882873535,2.6956825256347656,2.545502185821533,2.097229242324829,2.1905882358551025,2.29419207572937,2.4553980827331543,2.171994686126709,0.46481382846832275,-1.1824980974197388
1.6272315979003906,1.4181272983551025,1.160107970237732,0.8775155544281006,0.9656478762626648,0.8916076421737671,0.6260080933570862,0.6142634153366089,0.6603447794914246,0.8662881255149841,1.0077600479125977,1.088710069656372,1.2831547260284424,1.4477661848068237,1.3829742670059204,1.236415982246399,1.215160608291626,1.3159042596817017,1.326080322265625,1.406935214996338,1.3464988470077515,1.201147198677063,1.1535654067993164,1.2482045888900757,1.6606194972991943,1.0397136211395264,1.2383763790130615,3.082772970199585,2.984930992126465,1.607835054397583,1.0292474031448364,0.9692032337188721,1.6663457155227661,2.684251308441162,2.7486701011657715,2.460223436355591,2.09637713432312,1.9622185230255127,2.1112430095672607,2.5947937965393066,2.5231270790100098,0.42911389470100403,-1.7452011108398438
1.8585997819900513,1.6394503116607666,1.3156839609146118,0.9696102738380432,0.894241988658905,0.6411689519882202,0.4830479919910431,0.7060043215751648,0.839968740940094,0.99515300989151,1.2341758012771606,1.446816325187683,1.6560169458389282,1.7362618446350098,1.639508843421936,1.6549445390701294,1.6734321117401123,1.650595784187317,1.6304649114608765,1.734975814819336,1.7122975587844849,1.6758098602294922,1.6418962478637695,1.754244089126587,1.6637181043624878,0.8737682700157166,1.8132158517837524,3.3512063026428223,1.4476933479309082,-0.8723343014717102,-0.8100675940513611,0.12960387766361237,1.7951345443725586,2.78855562210083,2.4650497436523438,1.9753453731536865,1.8775253295898438,1.8473325967788696,2.540728807449341,2.865616798400879,2.3068199157714844,0.061338577419519424,-1.9987283945083618
2.1966943740844727,1.9252859354019165,1.3687705993652344,0.5415706634521484,0.3271573483943939,0.3035752475261688,0.4568355083465576,0.9083187580108643,0.9981656074523926,1.332170009613037,1.7661088705062866,1.8767399787902832,1.9129098653793335,1.9597028493881226,2.024552822113037,2.2502410411834717,2.2758679389953613,2.0881218910217285,2.1126110553741455,2.187936305999756,2.0315585136413574,1.927032470703125,1.8522281646728516,1.7505916357040405,1.4320515394210815,0.9387437701225281,2.5613670349121094,3.5303525924682617,1.277617335319519,0.07816412299871445,0.5756129026412964,1.4336998462677002,2.407771587371826,2.003807783126831,1.206870436668396,1.57129967212677,2.2449841499328613,2.506169319152832,2.6426868438720703,2.646594524383545,2.0208261013031006,-0.5284321308135986,-2.0305771827697754
2.598496913909912,2.272925853729248,1.3052641153335571,-0.32814836502075195,-0.8308549523353577,-0.4242551326751709,0.20230959355831146,1.0264215469360352,1.413993000984192,1.9505491256713867,2.187252998352051,2.2211031913757324,2.2064099311828613,2.198925733566284,2.4192240238189697,2.8331401348114014,2.8535284996032715,2.523761749267578,2.3649933338165283,2.4076220989227295,2.1581454277038574,1.986713171005249,1.866302490234375,1.8231199979782104,1.9693403244018555,1.7096608877182007,2.396454095840454,2.629394292831421,1.6780624389648438,1.6418046951293945,1.5058397054672241,1.815740942955017,2.3178186416625977,1.3891292810440063,1.0819531679153442,2.2488150596618652,3.0203237533569336,2.778262138366699,1.7330313920974731,1.4897633790969849,0.771946370601654,-1.4666012525558472,-1.620184063911438
2.8115499019622803,2.3838977813720703,1.032179832458496,-1.547778606414795,-2.631558418273926,-2.0013763904571533,-0.8413252830505371,0.7346893548965454,1.6835551261901855,2.15726900100708,2.3375723361968994,2.5287182331085205,2.7723684310913086,2.9583818912506104,2.889859199523926,2.733428955078125,2.8240346908569336,2.4957029819488525,2.1302590370178223,2.223721981048584,2.191779851913452,2.302220582962036,2.077214479446411,2.135110855102539,2.4079487323760986,2.46085786819458,2.275660991668701,1.6961324214935303,1.741962194442749,2.3492279052734375,2.374391794204712,2.098050117492676,2.1131591796875,1.7223588228225708,1.6507607698440552,2.6637134552001953,3.3003506660461426,2.5309979915618896,1.711427927017212,2.5014686584472656,1.9121068716049194,-0.48740532994270325,-1.1992803812026978
