demo/1400-wind-surface-level-gfs-1.0.json
{"header": {"productDefinitionTemplate": 0, "surface1Type": 103, "productStatus": 0, "disciplineName": "Meteorological products", "subDivisions": 0, "winds": "true", "parameterNumberName": "V-component_of_wind", "discipline": 0, "surface2Value": 0, "significanceOfRTName": "Start of forecast", "surface2TypeName": "Missing", "surface2Type": 255, "productTypeName": "Forecast products", "dx": 0.024617210030555725, "dy": 0.01798853650689125, "numberPoints": 65160, "productStatusName": "Operational products", "gribEdition": 2, "parameterUnit": "m.s-1", "forecastTime": 0, "refTime": "2020-09-29T14:00:00.000Z", "productType": 1, "genProcessTypeName": "Forecast", "scanMode": 0, "genProcessType": 2, "gribLength": 11338.0, "significanceOfRT": 1, "productDefinitionTemplateName": "Analysis/forecast at horizontal level/layer at a point in time", "centerName": "WRF OUTPUT", "la1": 43.66691207885742, "la2": 42.426788330078125, "lo2": 13.70867919921875, "gridUnits": "degrees", "surface1Value": 10, "shapeName": "Earth spherical with radius of 6,371,229.0 m", "surface1TypeName": "Specified height level above ground", "nx": 70.0, "ny": 70.0, "lo1": 12.008544921875, "basicAngle": 0, "gridDefinitionTemplate": 0, "shape": 6, "parameterNumber": 3, "subcenter": 0, "parameterCategoryName": "Momentum", "parameterCategory": 2, "center": 0, "gridDefinitionTemplateName": "Latitude_Longitude", "resolution": 48}, "data":
[rows 0 to 18 of 70, columns 0 to 41 of 70]
0.01951378397643566,-0.44614264369010925,-0.6957470774650574,-0.8982090353965759,-1.0885812044143677,-0.8718841671943665,-1.0014979839324951,-1.4613507986068726,-1.4603937864303589,-1.5355373620986938,-1.8361817598342896,-1.9222193956375122,-2.0736067295074463,-1.9026814699172974,-1.9313251972198486,-1.9542170763015747,-1.4476110935211182,-1.1747928857803345,-0.9398751854896545,-0.6947939991950989,-0.5427199006080627,-0.5272122621536255,-0.5780823826789856,-0.5056223273277283,-0.6361854076385498,-0.33830928802490234,-0.4304385781288147,-0.6754140257835388,-0.5122795701026917,-0.6662660837173462,-0.837694525718689,-0.9840720295906067,-0.8428202867507935,-0.4633261263370514,-0.1103803813457489,0.46045204997062683,0.8121609687805176,1.0668091773986816,1.4505817890167236,1.6090607643127441,1.503699541091919,1.6277961730957031
-0.23318560421466827,-0.7201139330863953,-0.9747813940048218,-1.1568717956542969,-1.2305262088775635,-0.9024153351783752,-0.996488094329834,-1.4303581714630127,-1.4480271339416504,-1.490549087524414,-1.6733983755111694,-1.762981653213501,-1.9213217496871948,-1.6583936214447021,-1.6697971820831299,-1.7170815467834473,-1.0720391273498535,-0.6912844181060791,-0.420200914144516,-0.22117066383361816,-0.15161076188087463,-0.21358004212379456,-0.34576788544654846,-0.39192265272140503,-0.5463548898696899,-0.16346976161003113,-0.2564031183719635,-0.564927339553833,-0.4138669967651367,-0.5385332107543945,-0.6843470335006714,-0.8189060688018799,-0.6147987246513367,-0.2143867313861847,0.09168829768896103,0.3510880768299103,0.5869382619857788,0.7403045892715454,1.0788239240646362,1.3012967109680176,1.2683019638061523,1.4854298830032349
-0.9793964624404907,-1.2231903076171875,-1.4632941484451294,-1.56345534324646,-1.4319084882736206,-1.0750106573104858,-1.1162381172180176,-1.2314982414245605,-1.3860548734664917,-1.4677766561508179,-1.588361382484436,-1.6232377290725708,-1.658623218536377,-1.3972992897033691,-1.1360688209533691,-0.7690821886062622,-0.3219953775405884,0.0853496566414833,0.23450657725334167,0.27003324031829834,0.2400401085615158,0.18351297080516815,0.04812033101916313,-0.14488641917705536,-0.2636204659938812,-0.32617178559303284,-0.3932628631591797,-0.473339706659317,-0.56815105676651,-0.5968239307403564,-0.6784555912017822,-0.6169718503952026,-0.49504774808883667,-0.2966544032096863,-0.018510431051254272,0.125807985663414,0.2534368634223938,0.36836302280426025,0.5068653225898743,0.6638048887252808,0.8462563753128052,0.9919151663780212
-1.7616454362869263,-1.847725510597229,-1.9619712829589844,-1.8855596780776978,-1.5621147155761719,-1.0130754709243774,-1.1653270721435547,-1.2658157348632812,-1.3544379472732544,-1.3673899173736572,-1.3776638507843018,-1.127828598022461,-1.1255651712417603,-0.9920766949653625,-0.40002283453941345,0.4123609960079193,0.6738243103027344,1.1060458421707153,1.0398486852645874,0.7715174555778503,1.0040355920791626,1.1446534395217896,0.7634017467498779,0.40525373816490173,0.029507821425795555,-0.32190796732902527,-0.3102555274963379,-0.39252251386642456,-0.33943426609039307,-0.3355385959148407,0.061111290007829666,0.5454897284507751,0.8604288101196289,0.7894957065582275,0.7945058345794678,0.6384344100952148,0.4260697364807129,0.2877693772315979,0.17160837352275848,0.04880766198039055,0.061600297689437866,0.06763006746768951
-2.160480499267578,-2.117143392562866,-2.145031213760376,-1.9665939807891846,-1.6277797222137451,-1.0601896047592163,-1.0242494344711304,-1.1667877435684204,-1.1137198209762573,-1.054914951324463,-1.3977316617965698,-1.2126188278198242,-1.2609316110610962,-0.9482313990592957,-0.5517711639404297,0.8095993995666504,1.2086718082427979,1.5507596731185913,1.3967379331588745,1.5409321784973145,1.42738938331604,1.0165739059448242,0.5296161770820618,0.18394093215465546,-0.03918013349175453,-0.22340188920497894,-0.6089326739311218,-0.7325741052627563,-0.5317143797874451,-0.12694483995437622,0.18238621950149536,0.32523223757743835,0.6203510761260986,0.7144393920898438,0.8060147762298584,0.5064041614532471,0.21063797175884247,0.056340403854846954,0.051625341176986694,0.10063663125038147,0.11457736045122147,0.20469962060451508
-2.362196922302246,-2.1902151107788086,-2.1749041080474854,-1.9920276403427124,-1.70205819606781,-1.0205830335617065,-0.9455841183662415,-1.0229182243347168,-1.147765874862671,-1.2027459144592285,-1.4536020755767822,-1.5515942573547363,-1.5246132612228394,-1.0196343660354614,-1.0795639753341675,0.12134528160095215,1.362066388130188,0.9030738472938538,1.008823037147522,1.3552263975143433,0.9541429281234741,0.4297126531600952,0.23808668553829193,0.028631553053855896,0.1516219675540924,0.09757626056671143,-0.25912120938301086,-0.21779243648052216,-0.12291867285966873,0.07286151498556137,0.1065475344657898,0.030586043372750282,0.17559371888637543,0.3819717466831207,0.4869207441806793,0.36900830268859863,0.34214353561401367,0.4355458617210388,0.5189796686172485,0.6949502825737,0.8429167866706848,1.0096737146377563
-2.391303539276123,-2.1277713775634766,-2.1387059688568115,-1.9775691032409668,-1.6532390117645264,-0.540054976940155,-0.5325866341590881,-0.7947391867637634,-1.2975163459777832,-1.2488349676132202,-1.4438986778259277,-1.5107321739196777,-1.5419684648513794,-1.3160449266433716,-1.1338140964508057,-0.42982161045074463,0.6630784273147583,0.15094834566116333,0.4999956786632538,0.1388980746269226,-0.4793921113014221,-0.781457781791687,-0.056998446583747864,0.05359102413058281,0.48362135887145996,0.6433375477790833,0.7685795426368713,0.7673566341400146,0.4675312042236328,0.3152755796909332,0.33281847834587097,0.4702757000923157,0.5509142875671387,0.5373331308364868,0.6540564894676208,0.7281854152679443,0.6769005060195923,0.8724746108055115,1.0043528079986572,1.0674448013305664,0.9924651384353638,0.8852802515029907
-2.312213659286499,-2.0013039112091064,-1.9928780794143677,-1.8333656787872314,-1.4062986373901367,-0.784227728843689,-0.6286036968231201,-0.6464171409606934,-1.1935287714004517,-1.2451621294021606,-1.2783945798873901,-1.226061463356018,-1.2819323539733887,-1.0464421510696411,-0.759242057800293,-0.15705974400043488,0.2667580842971802,-0.0889442041516304,-0.24001871049404144,-0.7313536405563354,-1.1490082740783691,-0.8383773565292358,-0.7066640257835388,-0.3812892436981201,-0.17722675204277039,-0.26456671953201294,-0.4113205671310425,-0.5533323287963867,-0.19367867708206177,0.19888490438461304,0.5620138645172119,0.45877134799957275,0.05591185763478279,-0.23796355724334717,-0.1015743613243103,0.31721729040145874,0.6128519177436829,0.7378128170967102,0.8327233791351318,0.7676758766174316,0.4353907108306885,-0.008158637210726738
-2.0684053897857666,-1.804813265800476,-1.7774673700332642,-1.6525583267211914,-1.1627075672149658,-1.1603389978408813,-1.448418140411377,-1.0666025876998901,-1.0159435272216797,-1.2125422954559326,-1.0560834407806396,-0.5041470527648926,-0.14850297570228577,0.09190403670072556,0.22882990539073944,0.46160632371902466,0.08406312763690948,-0.4117540121078491,-0.8337979912757874,-1.0003135204315186,-0.8106955885887146,-0.3937635123729706,-0.4537077248096466,-0.421390563249588,-0.6599689722061157,-0.9968887567520142,-1.151273488998413,-1.0815953016281128,-0.672398567199707,-0.17683812975883484,0.09844955801963806,-0.22326134145259857,-0.6038494110107422,-0.5927843451499939,-0.43664833903312683,0.1059596911072731,0.640542209148407,0.750012218952179,0.4469265341758728,-0.07113563269376755,-0.40766218304634094,-0.48107802867889404
-1.7347692251205444,-1.5829823017120361,-1.5729011297225952,-1.4757941961288452,-0.9971908926963806,-0.7639813423156738,-1.2681944370269775,-1.138594388961792,-0.8568887710571289,-0.3026154339313507,-0.18474732339382172,-0.13782435655593872,0.23810267448425293,0.23731020092964172,0.4328528046607971,0.5762777924537659,-0.5057312250137329,-0.9130456447601318,-1.180154800415039,-0.9860484004020691,-0.9408692121505737,-0.8212912678718567,-0.44592005014419556,-0.29132264852523804,0.44191157817840576,1.0034105777740479,1.5404086112976074,1.6607117652893066,0.8478326201438904,0.07026134431362152,-0.311555415391922,-0.2558321952819824,-0.42466744780540466,-0.20382869243621826,0.39827799797058105,0.4303959012031555,0.24186614155769348,0.13175514340400696,-0.13753953576087952,-0.5387499928474426,-0.38715699315071106,0.21197043359279633
-1.329038143157959,-1.2991554737091064,-1.3439598083496094,-1.261515498161316,-0.7900118827819824,-0.20567438006401062,-0.37253475189208984,-0.5394463539123535,-0.7785986661911011,-0.6442118883132935,-0.4636596441268921,-0.791938841342926,-0.6979774236679077,-0.7453169822692871,-0.38839423656463623,-0.4285159707069397,-1.0458006858825684,-1.1641360521316528,-1.4325225353240967,-1.267516016960144,-1.2690339088439941,-0.9969226717948914,-1.0957602262496948,-0.41024065017700195,0.9728537201881409,1.6958136558532715,1.5103075504302979,1.8048185110092163,2.0657501220703125,1.3807363510131836,1.166295051574707,1.362680435180664,0.6057862043380737,0.2037886083126068,0.1116943359375,0.005395456682890654,-0.013832395896315575,0.18502148985862732,0.29086506366729736,0.31522202491760254,0.16148370504379272,0.15034548938274384
-0.8901675939559937,-1.0086145401000977,-1.1202328205108643,-1.0557465553283691,-0.760964035987854,-0.3525523543357849,-0.4142444431781769,-0.5339072346687317,-0.7024280428886414,-0.8843733072280884,-0.9369621276855469,-1.0494756698608398,-0.9378944635391235,-0.7855077385902405,-1.010357141494751,-1.1610995531082153,-1.2488738298416138,-1.2680673599243164,-1.4000455141067505,-1.521399736404419,-1.4364880323410034,-1.5817104578018188,-1.6798937320709229,-1.2930800914764404,-0.896315336227417,-0.8167485594749451,-1.2165734767913818,-0.4002249240875244,0.7286954522132874,1.262817144393921,0.8334900140762329,1.244611144065857,1.3354179859161377,0.12819810211658478,-1.3249127864837646,-1.0251972675323486,-0.2953837513923645,0.48030513525009155,0.9011920094490051,0.8346737027168274,0.5055827498435974,0.13752436637878418
-0.25889846682548523,-0.6130151152610779,-0.8727500438690186,-0.8621837496757507,-0.8273988366127014,-0.6383997201919556,-0.7895600199699402,-0.9160369634628296,-0.9989696741104126,-0.7868828177452087,-0.8133242726325989,-1.0993703603744507,-0.8888064622879028,-0.4738115072250366,-1.1963167190551758,-1.1908046007156372,-1.1948357820510864,-1.404325246810913,-1.435343623161316,-1.6150453090667725,-1.6751960515975952,-1.8600680828094482,-1.9313466548919678,-1.823897123336792,-1.877177119255066,-1.6942914724349976,-1.2210259437561035,-0.8637004494667053,-1.0643432140350342,-0.7975956201553345,-0.5232793688774109,1.122117280960083,1.620272159576416,-0.4460206627845764,-1.0936776399612427,-0.5279607176780701,-0.17130517959594727,0.17391973733901978,0.6460739970207214,0.2077610045671463,0.05247017368674278,0.2962518632411957
0.2639631927013397,-0.30452099442481995,-0.6801883578300476,-0.7106510996818542,-0.7705986499786377,-0.37572917342185974,-0.4140068590641022,-0.6728513836860657,-1.0615696907043457,-1.362535834312439,-1.631550669670105,-1.5438740253448486,-1.2455623149871826,-0.9314970374107361,-0.9951629042625427,-1.1249464750289917,-1.5514570474624634,-1.6067203283309937,-1.609673261642456,-1.5728062391281128,-1.8936583995819092,-1.8828619718551636,-1.7797406911849976,-1.6185574531555176,-1.4868803024291992,-1.377461552619934,-1.3422406911849976,-1.6437040567398071,-1.9865927696228027,-1.94467294216156,-1.2144790887832642,0.2816668748855591,0.18913763761520386,-0.8209594488143921,-0.014651292935013771,0.40396225452423096,0.12212412059307098,-0.2965729832649231,0.19361375272274017,0.7261584401130676,0.74962317943573,-0.02291368693113327
0.3845665454864502,-0.22313110530376434,-0.6245417594909668,-0.6675885319709778,-0.5576348304748535,-0.044311340898275375,-0.18451908230781555,-0.5302842855453491,-0.936513364315033,-1.5284969806671143,-1.8070499897003174,-1.5530465841293335,-1.342710256576538,-1.2338416576385498,-1.1012197732925415,-0.9276742935180664,-1.663398027420044,-1.6015145778656006,-1.60601007938385,-1.5937236547470093,-1.8213775157928467,-1.5784528255462646,-1.7530412673950195,-1.7694756984710693,-1.3438301086425781,-1.459290862083435,-1.8500014543533325,-1.9667856693267822,-1.85951828956604,-1.766387701034546,-1.7415050268173218,-1.0538190603256226,0.061623696237802505,0.370121568441391,0.34056174755096436,-0.03126096725463867,-0.49230697751045227,-0.8106679916381836,-0.5706663727760315,0.054272156208753586,0.18194544315338135,-1.1875721216201782
0.2924969494342804,-0.28884610533714294,-0.6553811430931091,-0.696734607219696,-0.618436872959137,0.1853763461112976,-0.10383368283510208,-0.44490519165992737,-0.679636538028717,-1.0775035619735718,-1.1244983673095703,-1.5611625909805298,-1.777334451675415,-1.6115856170654297,-1.694993495941162,-1.162887454032898,-1.2908341884613037,-1.4074761867523193,-1.4674978256225586,-1.5179027318954468,-1.5207021236419678,-1.3965725898742676,-1.76639986038208,-1.6877342462539673,-1.1071205139160156,-0.7993270754814148,-1.364055871963501,-1.6613504886627197,-1.7446835041046143,-1.765607476234436,-1.7108254432678223,-1.5754518508911133,-0.007480810396373272,0.3696936368942261,-0.9839683771133423,-1.2083768844604492,-0.6545717120170593,-0.03681632876396179,-0.43768009543418884,-0.9244540929794312,-1.1365138292312622,-1.8727002143859863
0.006109218113124371,-0.48325300216674805,-0.7657530307769775,-0.818107008934021,-1.0451632738113403,0.47725188732147217,0.7086715698242188,0.4770421087741852,0.7201483249664307,0.6852650046348572,-0.08712758868932724,-1.3971978425979614,-1.6966512203216553,-1.977640986442566,-1.9746736288070679,-1.5459115505218506,-1.325561761856079,-1.1801660060882568,-1.4484511613845825,-1.4253385066986084,-1.276312232017517,-1.3280993700027466,-1.3276938199996948,-1.1341744661331177,-0.48815587162971497,-0.369167685508728,-1.0772910118103027,-1.493452787399292,-1.709071397781372,-1.7728735208511353,-1.5925360918045044,-1.7546114921569824,-1.4711718559265137,-1.1236845254898071,-1.4298765659332275,-0.6968550682067871,0.1078273206949234,0.2810959815979004,-0.7376465201377869,-1.2723091840744019,-1.2601749897003174,-1.3873724937438965
-0.7814731001853943,-0.9557327628135681,-1.0279539823532104,-0.9603449106216431,-1.071946144104004,-0.23192662000656128,0.42253848910331726,1.3506443500518799,1.6920229196548462,1.2061622142791748,0.3174307644367218,-0.1168331652879715,-0.46266046166419983,-1.143855333328247,-1.8362480401992798,-1.8372819423675537,-1.8170382976531982,-1.3146240711212158,-1.3719531297683716,-1.3258386850357056,-1.280016303062439,-1.234910488128662,-1.0162768363952637,-0.37520307302474976,0.07577934861183167,-0.8617757558822632,-1.0802137851715088,-1.2994627952575684,-1.5545575618743896,-1.687721848487854,-1.5062674283981323,-1.5914241075515747,-1.729912519454956,-1.4912810325622559,-0.262207567691803,0.11528618633747101,-0.08505359292030334,-0.7255684733390808,-1.6085705757141113,-1.7756867408752441,-1.1981496810913086,-1.0870248079299927
-1.5657881498336792,-1.4051005840301514,-1.2651242017745972,-1.1079353094100952,-1.0993120670318604,-0.7726360559463501,-0.0929272323846817,1.4103831052780151,1.4306379556655884,0.9005114436149597,1.3394722938537598,1.5196566581726074,0.5695516467094421,-0.09752252697944641,-1.0371150970458984,-1.4383299350738525,-1.476324200630188,-1.2828975915908813,-1.2222579717636108,-1.2413849830627441,-1.233948826789856,-0.9637925028800964,-0.7399120330810547,-0.23920628428459167,-0.42813414335250854,-1.4691357612609863,-1.3514318466186523,-1.4751853942871094,-1.489008903503418,-1.6000655889511108,-1.5113000869750977,-1.5413235425949097,-1.403060793876648,-1.0711500644683838,0.5927901268005371,0.807470977306366,0.1945762038230896,-0.47668173909187317,-0.8069549202919006,-0.867016077041626,-0.7939715385437012,-1.4312576055526733
