demo/1400-wind-surface-level-gfs-1.0.json
{"header": {"productDefinitionTemplate": 0, "surface1Type": 103, "productStatus": 0, "disciplineName": "Meteorological products", "subDivisions": 0, "winds": "true", "parameterNumberName": "V-component_of_wind", "discipline": 0, "surface2Value": 0, "significanceOfRTName": "Start of forecast", "surface2TypeName": "Missing", "surface2Type": 255, "productTypeName": "Forecast products", "dx": 0.024617210030555725, "dy": 0.01798853650689125, "numberPoints": 65160, "productStatusName": "Operational products", "gribEdition": 2, "parameterUnit": "m.s-1", "forecastTime": 0, "refTime": "2020-10-08T12:00:00.000Z", "productType": 1, "genProcessTypeName": "Forecast", "scanMode": 0, "genProcessType": 2, "gribLength": 11338.0, "significanceOfRT": 1, "productDefinitionTemplateName": "Analysis/forecast at horizontal level/layer at a point in time", "centerName": "WRF OUTPUT", "la1": 43.66691207885742, "la2": 42.426788330078125, "lo2": 13.70867919921875, "gridUnits": "degrees", "surface1Value": 10, "shapeName": "Earth spherical with radius of 6,371,229.0 m", "surface1TypeName": "Specified height level above ground", "nx": 70.0, "ny": 70.0, "lo1": 12.008544921875, "basicAngle": 0, "gridDefinitionTemplate": 0, "shape": 6, "parameterNumber": 3, "subcenter": 0, "parameterCategoryName": "Momentum", "parameterCategory": 2, "center": 0, "gridDefinitionTemplateName": "Latitude_Longitude", "resolution": 48}, "data":
[rows 38 to 56 of 70, columns 0 to 41 of 70]
-0.2815171182155609,-0.2832483649253845,-0.2743655741214752,-0.28664442896842957,-0.47460442781448364,-0.4385310113430023,-0.346468448638916,-0.1787593811750412,0.11041215062141418,0.4476020038127899,0.8318801522254944,0.7317864298820496,0.3355303406715393,0.08004780858755112,-0.17281031608581543,-0.41852501034736633,-0.5901614427566528,-0.3811359405517578,0.05980191007256508,-0.10472726076841354,-0.004913696553558111,-0.1783602386713028,-0.3364613354206085,-0.587518572807312,-0.5179734230041504,-0.576373279094696,-0.9815881252288818,-0.5214224457740784,0.13291507959365845,-0.6906233429908752,-2.086059093475342,-1.9571295976638794,-2.033090829849243,-2.7858071327209473,-3.3730080127716064,-3.8169567584991455,-3.62463641166687,-3.2187347412109375,-3.319009780883789,-4.013402462005615,-4.834834098815918,-5.355255126953125
-0.4546133577823639,-0.4492170512676239,-0.456326961517334,-0.4766077399253845,-0.7037968635559082,-0.5036094188690186,-0.2881019115447998,-0.22288022935390472,0.11932908743619919,0.42443016171455383,0.6100028157234192,0.5055781006813049,0.1837003529071808,0.049235936254262924,0.0890946015715599,0.0518915094435215,0.25157278776168823,0.7163776159286499,1.1445435285568237,0.7212678790092468,-0.2175443172454834,-0.07275760173797607,0.1419782191514969,-0.02187012881040573,-0.2702285647392273,-0.3785352110862732,-0.3585244417190552,-0.2629341781139374,0.14724165201187134,0.44223523139953613,-0.6559028625488281,-1.8036702871322632,-2.4851632118225098,-2.995149612426758,-3.3442702293395996,-3.386636734008789,-3.027665376663208,-2.818624973297119,-3.3639442920684814,-4.4346723556518555,-5.193768501281738,-5.606764316558838
-0.4751446545124054,-0.4541618227958679,-0.4610321521759033,-0.4491608440876007,-0.47595974802970886,-0.06683910638093948,0.35690608620643616,0.4422650933265686,0.5532896518707275,0.45263949036598206,0.23383627831935883,0.2543444037437439,0.4087543785572052,0.18050506711006165,-0.04615088552236557,0.040559541434049606,0.27202194929122925,0.3742447793483734,0.46157872676849365,0.5434117317199707,-0.11159385740756989,-0.4497630000114441,-0.1737748235464096,-0.0311081875115633,-0.10813476890325546,-0.17675304412841797,-0.03586684167385101,-0.05842078849673271,0.3222746253013611,1.0604872703552246,1.217990517616272,-0.6761379837989807,-2.86619234085083,-3.3781723976135254,-3.04038143157959,-2.5692903995513916,-2.3176980018615723,-2.709699869155884,-3.5002689361572266,-4.6044793128967285,-5.454329013824463,-5.972451210021973
-0.33841830492019653,-0.2994532585144043,-0.30292677879333496,-0.3794182538986206,-0.5936371088027954,-0.2417324334383011,-0.1763419359922409,-0.03531935438513756,0.0010660291882231832,0.10666368156671524,0.07801340520381927,0.3735645115375519,0.545211136341095,0.6193512678146362,0.12696975469589233,-0.05035921931266785,-0.05096404254436493,-0.07630839943885803,-0.1838347613811493,-0.41914474964141846,0.048091351985931396,0.1078319177031517,-0.7278208136558533,-0.7649475336074829,-0.3837246000766754,-0.26400843262672424,-0.17667806148529053,0.003955923020839691,0.2551268935203552,0.8204854726791382,1.0797966718673706,0.6134385466575623,-1.3760647773742676,-2.626225471496582,-2.4216997623443604,-2.225653648376465,-2.068202495574951,-2.4724674224853516,-3.301576614379883,-4.170386791229248,-4.943981647491455,-5.497095584869385
0.08361778408288956,0.09519873559474945,0.08468937128782272,-0.2111305147409439,-1.0021414756774902,-0.590968668460846,-0.9164618253707886,-0.9180397391319275,-0.7814269661903381,-0.4251566231250763,-0.28000497817993164,-0.2805306613445282,-0.39183059334754944,0.04599670693278313,0.13195490837097168,-0.22310420870780945,-0.4891566038131714,-0.6448349356651306,-0.6075266599655151,-1.095085620880127,-0.6682513952255249,0.40621426701545715,-0.5129536986351013,-1.0305052995681763,-0.9550600051879883,-0.8037521243095398,-0.7013596892356873,-0.4961111545562744,-0.05990859493613243,0.5493518114089966,0.6786757707595825,0.8353940844535828,-0.020382363349199295,-1.3306796550750732,-1.741540551185608,-2.2005856037139893,-2.107104778289795,-2.0971086025238037,-2.96431827545166,-3.2989509105682373,-3.015763521194458,-2.4999992847442627
0.5786001086235046,0.5736810564994812,0.5594701170921326,0.19943076372146606,-0.6855323314666748,-0.4370766282081604,-0.8639868497848511,-0.8592258095741272,-0.8000354170799255,-0.6135659217834473,-0.809390127658844,-1.0922328233718872,-1.1460179090499878,-0.6898218393325806,-0.2447924017906189,-0.402721107006073,-0.7754953503608704,-1.035336971282959,-1.058186411857605,-1.153405785560608,-0.9075189232826233,-0.44377145171165466,-0.46435898542404175,-0.7309182286262512,-1.0491762161254883,-1.1140210628509521,-1.1711370944976807,-1.0337762832641602,-0.6325762867927551,0.03308238834142685,0.24432645738124847,0.34388598799705505,-0.43402808904647827,-1.3629865646362305,-1.319108009338379,-1.8992937803268433,-1.5421901941299438,-1.451664686203003,-2.5139071941375732,-1.8421775102615356,-0.3160913288593292,0.41320234537124634
0.9319698810577393,0.9740935564041138,0.9514355063438416,0.7754548788070679,0.5738494396209717,-0.18288809061050415,-0.6651217937469482,-0.6191797852516174,-0.6087273955345154,-0.5325500965118408,-0.906934916973114,-1.0564039945602417,-1.1216741800308228,-0.8618919849395752,-0.6762949824333191,-0.5097197890281677,-0.634526252746582,-0.8520728945732117,-1.1863186359405518,-1.4250825643539429,-1.2862529754638672,-0.8921733498573303,-0.4427689015865326,-0.3918941617012024,-0.6448985934257507,-0.8382556438446045,-0.9927288889884949,-0.9114007949829102,-0.5488560199737549,-0.12790420651435852,0.04667738452553749,-0.23764485120773315,-0.8540073037147522,-1.483314037322998,-1.6850782632827759,-1.6609346866607666,-0.7022039890289307,-0.8116172552108765,-1.15995192527771,0.10006140172481537,0.35025739669799805,-0.3028624653816223
1.2552403211593628,1.3063828945159912,1.319453239440918,1.3728327751159668,2.0694873332977295,0.7515551447868347,-0.08834031969308853,-0.5942171812057495,-0.5902889966964722,-0.6856049299240112,-1.038830041885376,-1.13371741771698,-0.9705154299736023,-0.7969412803649902,-0.8947244882583618,-0.6912939548492432,-0.6108533143997192,-0.6868925094604492,-0.8951321840286255,-1.3218395709991455,-1.3246890306472778,-0.775659441947937,-0.49469679594039917,-0.5922263264656067,-0.5322147607803345,-0.5182362198829651,-0.5090221762657166,-0.392494797706604,-0.21034063398838043,-0.24469222128391266,-0.4990614056587219,-0.7270758152008057,-0.8834696412086487,-0.3311810791492462,-0.4220159351825714,-1.6975188255310059,-1.3987772464752197,-0.275816947221756,0.788274884223938,1.3746201992034912,-0.3559092581272125,-1.7151421308517456
1.5242013931274414,1.5253467559814453,1.5687729120254517,1.6876837015151978,2.574070930480957,2.082240104675293,1.4511429071426392,0.339865505695343,-0.2134387195110321,-0.5147247314453125,-1.0005652904510498,-1.2357990741729736,-0.8209884762763977,-0.6626613736152649,-0.8380774259567261,-0.759873628616333,-0.6709955334663391,-0.7311158180236816,-0.8114812970161438,-0.8267297148704529,-0.6779046058654785,-1.174592137336731,-1.3564101457595825,-1.4690577983856201,-1.296080231666565,-1.1724413633346558,-0.8364927172660828,-0.5434876680374146,-0.2700299024581909,-0.23698590695858002,-0.6867590546607971,-0.8732059597969055,-0.4297041594982147,0.9585790038108826,1.2275502681732178,-0.6030586361885071,-0.3275168538093567,1.0414661169052124,1.4543406963348389,0.8314506411552429,-1.1301103830337524,-2.5715744495391846
1.747418761253357,1.718340516090393,1.7296979427337646,1.770107626914978,2.1297552585601807,2.0436487197875977,2.0909924507141113,1.4032931327819824,0.5940011143684387,-0.10885217785835266,-0.6082563400268555,-0.8929774165153503,-0.9179028868675232,-1.1052923202514648,-1.240180492401123,-0.8996000289916992,-0.6708230376243591,-0.7100512385368347,-0.8833487629890442,-0.8082874417304993,-0.42547473311424255,-1.5115355253219604,-2.240351676940918,-2.118635892868042,-1.5297889709472656,-1.2174650430679321,-1.1035953760147095,-0.919379711151123,-0.5913051962852478,-0.36530378460884094,-0.7551853656768799,-0.6679472923278809,0.08018726110458374,0.7260768413543701,0.1610449105501175,0.7190490961074829,1.518597960472107,1.1233748197555542,0.37221261858940125,-0.3064786493778229,-0.9054226279258728,-1.5177628993988037
1.8593246936798096,1.8020026683807373,1.7897992134094238,1.792341947555542,2.026154041290283,1.8841031789779663,2.0301356315612793,1.7942129373550415,1.4521900415420532,0.7170842289924622,-0.43029090762138367,-1.1247773170471191,-1.4800325632095337,-1.4936550855636597,-1.3297886848449707,-1.053447961807251,-0.8430250287055969,-0.7407220005989075,-0.7952786684036255,-0.8514624238014221,-0.6942281126976013,-1.0820685625076294,-1.4625815153121948,-1.1683533191680908,-0.7075143456459045,-0.4123274087905884,-0.6639314293861389,-0.7481215000152588,-0.7375098466873169,-0.45396026968955994,-0.5948601961135864,-1.0400161743164062,-0.4528351426124573,-0.4485088884830475,-1.2275140285491943,0.9929452538490295,0.8006508350372314,-0.5836962461471558,-1.3601617813110352,-1.1332581043243408,0.25160112977027893,1.491084337234497
1.8666638135910034,1.7979485988616943,1.7729932069778442,1.7622233629226685,1.9607571363449097,1.9182446002960205,2.189990758895874,1.9302430152893066,1.4668633937835693,1.5397555828094482,0.7234649658203125,-0.38198935985565186,-0.611324667930603,-0.13805155456066132,-0.3788197636604309,-0.771108090877533,-0.9510084986686707,-0.9558100700378418,-0.9036590456962585,-0.8683918118476868,-0.8881430625915527,-0.5497955083847046,0.013107635080814362,0.03299551457166672,-0.6914747357368469,-0.5796977281570435,-0.4510614573955536,-0.6271491050720215,-0.7698516845703125,-0.6121230125427246,-0.5333572030067444,-1.135809302330017,-1.1378740072250366,-1.4217121601104736,-1.1443792581558228,1.299019694328308,0.36548611521720886,-1.7104911804199219,-2.278357744216919,-1.6257681846618652,-0.047707702964544296,1.3666844367980957
1.794377088546753,1.7443805932998657,1.681973934173584,1.6541138887405396,1.7366020679473877,1.8336100578308105,2.117208957672119,2.1104931831359863,1.5060667991638184,1.3150177001953125,1.6492679119110107,1.6420413255691528,0.9055776596069336,0.6318530440330505,-0.05437725782394409,-0.5997219085693359,-0.8825913071632385,-0.873896062374115,-0.8971930742263794,-0.8445882201194763,-0.9917728304862976,-0.4541613757610321,0.0807209461927414,-0.10410141199827194,-0.8602189421653748,-0.8666691780090332,-0.7325877547264099,-0.8175216317176819,-0.6954506039619446,-0.4253215491771698,-0.4307290315628052,-0.5420727729797363,-1.053634524345398,-1.6925488710403442,-0.15708443522453308,1.336499810218811,0.5243955850601196,-1.2109273672103882,-1.7729228734970093,-2.0639419555664062,-1.8062758445739746,-1.3184736967086792
1.6083524227142334,1.5658856630325317,1.4788126945495605,1.457470178604126,1.4564110040664673,1.4006351232528687,1.697066307067871,2.0941669940948486,2.0759494304656982,1.4603973627090454,0.8922708034515381,1.3276259899139404,0.7426639199256897,-0.21884861588478088,-0.8967669606208801,-1.2934701442718506,-1.401524305343628,-1.1149647235870361,-0.9635604619979858,-0.8939267992973328,-1.0555198192596436,-0.7737329602241516,-0.46512919664382935,-0.5663815140724182,-0.3126135468482971,-0.8127964735031128,-1.1110155582427979,-0.7903827428817749,-0.6379477977752686,-0.5549814701080322,-0.6791856288909912,-0.8881680369377136,-1.237058162689209,-1.5780278444290161,0.21219392120838165,0.5699782967567444,-0.1511738896369934,-1.1058284044265747,-1.2060396671295166,-1.387987494468689,-1.4868626594543457,-1.3486003875732422
1.2342437505722046,1.1440938711166382,1.0579414367675781,1.1146425008773804,1.3100253343582153,1.180690050125122,1.1035940647125244,1.2579959630966187,1.6839672327041626,1.7383277416229248,1.1935352087020874,-0.12950240075588226,-0.49443045258522034,-1.1069060564041138,-1.8415099382400513,-1.9961668252944946,-1.792852759361267,-1.548691987991333,-1.3734148740768433,-1.14995276927948,-1.0826354026794434,-0.9650787115097046,-0.874638020992279,-0.6736209392547607,-0.17015086114406586,-0.3467490077018738,-0.9391205906867981,-0.6845658421516418,-1.1759933233261108,-1.370969533920288,-1.3671958446502686,-1.5167328119277954,-1.7977514266967773,-1.7727887630462646,-0.5310419201850891,-0.43620917201042175,-0.9997093081474304,-1.7773911952972412,-0.64569091796875,0.23326992988586426,-0.08290205150842667,-0.18630950152873993
0.8517170548439026,0.7106625437736511,0.6392330527305603,0.7388743758201599,0.9477437138557434,0.8991570472717285,0.5704815983772278,0.3031167984008789,0.3916514813899994,0.30808672308921814,0.548809826374054,-1.040403962135315,-1.9139376878738403,-2.111354351043701,-2.1863832473754883,-1.4545302391052246,-1.2875102758407593,-1.4005695581436157,-1.6141794919967651,-1.4460009336471558,-1.1889514923095703,-0.8865483999252319,-1.0040355920791626,-1.0474488735198975,-0.9872829914093018,-0.48166152834892273,-0.8815339803695679,-1.0640941858291626,-1.7671778202056885,-1.8434754610061646,-1.7095146179199219,-1.7533175945281982,-1.9654384851455688,-1.9499043226242065,-1.7634754180908203,-1.1239981651306152,-0.6148426532745361,-1.5185623168945312,-0.8494827151298523,0.04414907842874527,-0.8142552971839905,-1.2072346210479736
0.6406816244125366,0.4912340044975281,0.4489063620567322,0.5671611428260803,0.8476938605308533,0.814673125743866,0.5706472992897034,0.22495342791080475,-0.43076449632644653,-1.005651593208313,-1.0580973625183105,-1.2709013223648071,-1.954886555671692,-1.8812466859817505,-1.1028705835342407,-0.4441150724887848,-1.1510751247406006,-1.363169550895691,-1.6717666387557983,-1.6930506229400635,-1.5893218517303467,-1.2168147563934326,-1.291656732559204,-1.6961532831192017,-1.6506731510162354,-1.2054942846298218,-1.182925820350647,-1.3942747116088867,-1.868399739265442,-2.135460138320923,-1.8391351699829102,-1.7378952503204346,-0.8575754761695862,-0.7538302540779114,-1.7063117027282715,-1.5262606143951416,-0.8126908540725708,-1.2881627082824707,-2.1579229831695557,-1.4155033826828003,-1.8223568201065063,-2.2714269161224365
0.5545304417610168,0.4172218143939972,0.39332088828086853,0.5420094132423401,1.0167310237884521,1.183358073234558,1.0467191934585571,0.6162867546081543,-0.24630968272686005,-0.9342608451843262,-1.3597201108932495,-1.1333746910095215,-0.8893356919288635,-0.649319052696228,0.04391222447156906,0.11215241253376007,-0.609783411026001,-1.3722429275512695,-1.7020364999771118,-1.8822978734970093,-2.056674003601074,-1.9081406593322754,-1.8900022506713867,-2.1270194053649902,-1.9251364469528198,-1.8814831972122192,-1.8823370933532715,-1.924022912979126,-2.1615450382232666,-2.270433187484741,-1.8785895109176636,-1.289891242980957,0.04913321137428284,-0.08893649280071259,-0.37471523880958557,-0.8648135662078857,-1.1398500204086304,-1.405029535293579,-1.9805175065994263,-1.6044634580612183,-1.9178476333618164,-2.613964796066284
0.5541380643844604,0.47473153471946716,0.4924052655696869,0.6503747701644897,1.1513984203338623,1.1469528675079346,1.2178332805633545,1.072266697883606,0.6103916764259338,0.10931111127138138,-0.3803679645061493,-0.6469056010246277,-0.3901493549346924,-0.11704055964946747,-0.09003293514251709,0.06730865687131882,0.17103630304336548,-0.6142861843109131,-1.47330904006958,-1.9146878719329834,-2.332282781600952,-2.4464528560638428,-2.449002504348755,-2.323254108428955,-2.1984498500823975,-2.1485891342163086,-1.8257384300231934,-1.6860253810882568,-2.117192506790161,-2.6955747604370117,-1.6244306564331055,0.25573065876960754,1.4857171773910522,0.5269324779510498,0.4452981948852539,0.03377849608659744,-0.804227352142334,-0.5614753365516663,-0.07660586386919022,-0.2991279661655426,-0.8378405570983887,-2.1923182010650635
