demo/1400-wind-surface-level-gfs-1.0.json
{"header": {"productDefinitionTemplate": 0, "surface1Type": 103, "productStatus": 0, "disciplineName": "Meteorological products", "subDivisions": 0, "winds": "true", "parameterNumberName": "V-component_of_wind", "discipline": 0, "surface2Value": 0, "significanceOfRTName": "Start of forecast", "surface2TypeName": "Missing", "surface2Type": 255, "productTypeName": "Forecast products", "dx": 0.024617210030555725, "dy": 0.01798853650689125, "numberPoints": 65160, "productStatusName": "Operational products", "gribEdition": 2, "parameterUnit": "m.s-1", "forecastTime": 0, "refTime": "2020-09-01T14:00:00.000Z", "productType": 1, "genProcessTypeName": "Forecast", "scanMode": 0, "genProcessType": 2, "gribLength": 11338.0, "significanceOfRT": 1, "productDefinitionTemplateName": "Analysis/forecast at horizontal level/layer at a point in time", "centerName": "WRF OUTPUT", "la1": 43.66691207885742, "la2": 42.426788330078125, "lo2": 13.70867919921875, "gridUnits": "degrees", "surface1Value": 10, "shapeName": "Earth spherical with radius of 6,371,229.0 m", "surface1TypeName": "Specified height level above ground", "nx": 70.0, "ny": 70.0, "lo1": 12.008544921875, "basicAngle": 0, "gridDefinitionTemplate": 0, "shape": 6, "parameterNumber": 3, "subcenter": 0, "parameterCategoryName": "Momentum", "parameterCategory": 2, "center": 0, "gridDefinitionTemplateName": "Latitude_Longitude", "resolution": 48}, "data":
[rows 0 to 18 of 70, columns 0 to 41 of 70]
-1.4935091733932495,-1.330116868019104,-1.416704773902893,-1.6465163230895996,-1.6605618000030518,-1.6112438440322876,-1.6333636045455933,-1.9049570560455322,-1.8639483451843262,-1.7514986991882324,-1.8138221502304077,-1.8764851093292236,-1.8631839752197266,-1.901607871055603,-2.108590602874756,-2.5204715728759766,-2.319692850112915,-2.2325551509857178,-2.057648181915283,-1.872200608253479,-1.4088295698165894,-1.3137471675872803,-1.2785202264785767,-1.317158579826355,-1.4404062032699585,-1.5124319791793823,-2.00710129737854,-2.5422890186309814,-2.7622146606445312,-2.9430699348449707,-2.6020705699920654,-2.349510908126831,-2.6571457386016846,-2.2569315433502197,-1.7589292526245117,-0.642142117023468,-0.09106992930173874,0.3556469976902008,0.5198984742164612,0.6835346221923828,0.6162862181663513,0.7204513549804688
-1.6425728797912598,-1.503363013267517,-1.5945024490356445,-1.8813581466674805,-1.8204373121261597,-1.7588913440704346,-1.8421950340270996,-2.0624165534973145,-2.0088276863098145,-1.8358793258666992,-1.7645214796066284,-1.7918648719787598,-1.7360482215881348,-1.7034406661987305,-1.9464261531829834,-2.482746124267578,-2.1949195861816406,-2.0159335136413574,-1.817319631576538,-1.6918084621429443,-1.3190044164657593,-1.2180503606796265,-1.162412405014038,-1.2438066005706787,-1.3623504638671875,-1.3995107412338257,-1.9698541164398193,-2.5544426441192627,-2.6759848594665527,-2.7047839164733887,-2.264336585998535,-1.8923922777175903,-2.115969657897949,-1.7473167181015015,-1.4112805128097534,-0.56025630235672,-0.18270449340343475,0.11250889301300049,0.3088460862636566,0.5377208590507507,0.5857226252555847,0.8125174641609192
-2.0060667991638184,-2.0255346298217773,-2.0557446479797363,-2.1328368186950684,-1.9673155546188354,-1.8687394857406616,-2.0499346256256104,-1.982288122177124,-1.8971633911132812,-1.8104631900787354,-1.72671377658844,-1.7227952480316162,-1.7217453718185425,-1.6962146759033203,-1.6683803796768188,-1.8326987028121948,-1.614758014678955,-1.4554799795150757,-1.3710381984710693,-1.2995811700820923,-1.168544888496399,-1.0729538202285767,-1.0561939477920532,-1.193931221961975,-1.3682752847671509,-1.6018303632736206,-1.9511514902114868,-2.1375741958618164,-2.2505173683166504,-2.200021505355835,-1.9612152576446533,-1.7394886016845703,-1.6078522205352783,-1.3634867668151855,-1.1483632326126099,-0.7135054469108582,-0.5303023457527161,-0.4113031327724457,-0.24231448769569397,-0.08265890181064606,0.15984730422496796,0.431728333234787
-2.3613932132720947,-2.4026904106140137,-2.4213693141937256,-2.3630056381225586,-1.9687385559082031,-1.7747517824172974,-1.9946377277374268,-1.759771466255188,-1.5261152982711792,-1.3339494466781616,-1.5429255962371826,-1.3875912427902222,-1.4227268695831299,-1.6101635694503784,-1.2665538787841797,-0.8889032006263733,-0.7742930054664612,-0.5191986560821533,-0.4367939531803131,-0.20462238788604736,-0.2657933533191681,-0.14990448951721191,-0.4177650213241577,-0.7558002471923828,-1.195582389831543,-1.3117724657058716,-1.3704942464828491,-1.5843249559402466,-1.63729727268219,-1.6785390377044678,-1.1842325925827026,-0.8207954168319702,-0.6027955412864685,-0.5719073414802551,-0.5861644744873047,-0.7371186017990112,-0.9128196835517883,-1.0206114053726196,-0.8920801877975464,-0.8769022226333618,-0.7996964454650879,-0.68458092212677
-2.545818567276001,-2.5252866744995117,-2.517927646636963,-2.3748409748077393,-1.941870927810669,-1.9831188917160034,-2.0899548530578613,-1.9336776733398438,-1.680367350578308,-1.4409186840057373,-1.8898769617080688,-1.6159532070159912,-1.6889309883117676,-1.4248980283737183,-1.1332242488861084,-1.0674749612808228,-1.3617017269134521,-1.1618775129318237,-1.029698371887207,-0.5797311663627625,-0.29847824573516846,-0.29104891419410706,-0.8006814122200012,-1.1835147142410278,-1.2453019618988037,-0.970596432685852,-1.2599129676818848,-1.2412673234939575,-1.0126749277114868,-0.8603905439376831,-0.7371276021003723,-0.8637471795082092,-0.8891664147377014,-0.9465256333351135,-0.9981303215026855,-1.1385478973388672,-1.1781193017959595,-1.0498425960540771,-0.6529021263122559,-0.3414674401283264,-0.2481745183467865,-0.0638408213853836
-2.662838935852051,-2.487447500228882,-2.452176094055176,-2.3378853797912598,-1.9381440877914429,-1.5464081764221191,-1.2980430126190186,-1.3975738286972046,-1.4166136980056763,-1.7135454416275024,-2.1871235370635986,-2.1031644344329834,-2.0131676197052,-1.2644898891448975,-1.4905000925064087,-1.6337493658065796,-1.5462270975112915,-1.057782769203186,-0.5691342353820801,-0.19998537003993988,0.27188897132873535,-0.8368602395057678,-1.492512822151184,-1.5595252513885498,-1.0988340377807617,-1.079602837562561,-1.2517544031143188,-0.8326369524002075,-0.8397783637046814,-0.7882792353630066,-0.9896156787872314,-1.0015240907669067,-1.109275221824646,-0.8229765295982361,-0.7281399965286255,-0.5885231494903564,-0.22266946732997894,0.09697653353214264,0.4497380554676056,0.756716787815094,0.8855842351913452,0.6508395671844482
-2.690864086151123,-2.365589141845703,-2.3773140907287598,-2.2845139503479004,-1.8653500080108643,-0.8711939454078674,-0.19680777192115784,-0.24600374698638916,-0.8079419136047363,-1.5478827953338623,-2.1262950897216797,-1.9723248481750488,-1.851714849472046,-1.3622546195983887,-1.227628469467163,-0.8664361238479614,-0.6092299222946167,-0.4754616916179657,0.1089852899312973,0.48161861300468445,-0.11995664238929749,-1.6153721809387207,-1.5585815906524658,-1.478177547454834,-1.276839017868042,-1.3850109577178955,-1.2932806015014648,-1.3547481298446655,-1.7175538539886475,-1.4931002855300903,-1.3218801021575928,-1.29279363155365,-1.3600462675094604,-1.2123445272445679,-0.8258022665977478,-0.5209676027297974,-0.2370271533727646,0.13205167651176453,0.16911867260932922,-0.16409316658973694,-0.6223951578140259,-1.4433749914169312
-2.6685705184936523,-2.296795129776001,-2.316399574279785,-2.1849398612976074,-1.7540966272354126,-1.1297727823257446,0.06267806887626648,0.5182976722717285,-0.8031802177429199,-1.6950569152832031,-2.0371341705322266,-1.6785812377929688,-1.4330904483795166,-0.9360935091972351,-0.4890289604663849,-0.1255224049091339,-0.22307546436786652,-0.6904968619346619,-0.9277000427246094,-1.3122221231460571,-1.7004592418670654,-1.8163131475448608,-1.5854341983795166,-1.428281545639038,-1.354928970336914,-1.4297903776168823,-1.8837255239486694,-1.952168345451355,-1.4227895736694336,-1.2701232433319092,-1.6610218286514282,-2.00026273727417,-1.947634220123291,-2.1076841354370117,-1.5221835374832153,-0.9077404141426086,-0.4351419508457184,-0.5874044895172119,-1.3848307132720947,-2.168545722961426,-2.1355838775634766,-1.8949028253555298
-2.470294713973999,-2.162926435470581,-2.157378911972046,-2.002246379852295,-1.4821908473968506,-1.2650563716888428,-0.9021802544593811,-0.6614372730255127,-0.770241379737854,-1.5096603631973267,-1.6816954612731934,-1.0505900382995605,-0.41934797167778015,-0.10215884447097778,-0.3071351945400238,-0.4944520890712738,-0.34551364183425903,-0.49142006039619446,-1.3669441938400269,-1.924391269683838,-1.7989495992660522,-1.5967895984649658,-1.6239383220672607,-1.4277434349060059,-0.9343309998512268,-0.8315326571464539,-1.2554384469985962,-1.00055730342865,-0.5035289525985718,-1.3383090496063232,-1.8020421266555786,-1.506454348564148,-1.623244047164917,-1.5151101350784302,-0.9927988052368164,-0.6707017421722412,-0.3966969847679138,-1.5250635147094727,-2.159977674484253,-2.4715023040771484,-1.5823798179626465,-0.5895587205886841
-2.0868167877197266,-1.8857988119125366,-1.8649637699127197,-1.7187498807907104,-1.2799726724624634,-1.1058275699615479,-1.7022613286972046,-1.4346729516983032,-0.5691989660263062,-0.19759348034858704,-0.40585005283355713,-0.5372071266174316,-0.2362116128206253,-0.4763661324977875,-0.8248853087425232,-1.65956449508667,-1.715134620666504,-1.8728300333023071,-2.0749008655548096,-1.7679840326309204,-1.9530576467514038,-1.8112026453018188,-1.7233240604400635,-1.4641551971435547,-0.18060530722141266,1.4437588453292847,2.2684333324432373,2.10465407371521,0.691548228263855,-0.8590258955955505,-0.5397675633430481,-0.4012928605079651,-1.494531273841858,-1.2340741157531738,-1.1415824890136719,-1.5152204036712646,-1.5565069913864136,-1.6168662309646606,-1.3671598434448242,-1.4357385635375977,-0.7468017339706421,-0.2533038854598999
-1.5742206573486328,-1.4553110599517822,-1.477522373199463,-1.3664131164550781,-1.0967084169387817,-1.2009040117263794,-1.111017107963562,-0.5832889080047607,-0.909909725189209,-0.46011263132095337,-0.44526562094688416,-0.943341076374054,-0.9804360866546631,-1.0906322002410889,-1.1855778694152832,-1.825985074043274,-2.1245133876800537,-2.2283775806427,-2.0538113117218018,-1.9053512811660767,-1.959111213684082,-1.730859637260437,-1.9331207275390625,-1.7057098150253296,-0.19211499392986298,1.3277359008789062,1.3835654258728027,1.7988179922103882,1.4056801795959473,0.7353828549385071,-0.075104720890522,-0.28803080320358276,-0.8640567660331726,-1.4779691696166992,-2.2264163494110107,-2.1857779026031494,-1.5009864568710327,-0.6031021475791931,-1.1560312509536743,-1.4958816766738892,-1.1947261095046997,-1.2136790752410889
-0.9766576886177063,-0.9611414074897766,-1.0461057424545288,-1.028656244277954,-1.0414055585861206,-1.3839377164840698,-1.1930100917816162,-0.9142415523529053,-1.178559422492981,-0.6591640114784241,-0.8009191751480103,-1.1063175201416016,-0.9781367182731628,-0.6840981245040894,-0.9527513980865479,-1.258791208267212,-1.584383487701416,-1.5988659858703613,-1.6921298503875732,-2.0932602882385254,-2.1152403354644775,-2.214487314224243,-2.56210994720459,-2.458484649658203,-1.6976656913757324,-1.29610276222229,-1.9631175994873047,-0.8805328011512756,0.283237099647522,0.13829877972602844,-1.2909455299377441,-0.5503128170967102,0.33682170510292053,-1.774817705154419,-2.454777956008911,-1.5973666906356812,-0.8731337189674377,-0.4902379512786865,-1.0628571510314941,-1.563988208770752,-1.4508719444274902,-1.2679649591445923
-0.049073413014411926,-0.24032926559448242,-0.4407019019126892,-0.5848734974861145,-0.9381697177886963,-1.238196611404419,-1.3583627939224243,-0.9617546796798706,-0.9117949604988098,0.5307349562644958,0.01671290397644043,-1.1436516046524048,-1.3005881309509277,-0.7568321824073792,-0.63406902551651,-0.685060441493988,-0.7904857993125916,-0.7103370428085327,-1.4129260778427124,-2.066159248352051,-2.276771068572998,-2.470172643661499,-2.661818265914917,-2.4510226249694824,-2.2166805267333984,-1.6174641847610474,-1.4732333421707153,-1.3959406614303589,-1.2922691106796265,-1.6639467477798462,-1.5042527914047241,0.1332613080739975,0.58329838514328,-1.3852678537368774,-1.210883617401123,-0.6970183253288269,-0.8219554424285889,-0.2841061055660248,0.4001772701740265,-0.24130305647850037,-0.06356722861528397,-0.914771318435669
0.7667812705039978,0.3606598377227783,0.05995927006006241,-0.22560212016105652,-0.7500994801521301,-1.1368999481201172,-1.1793439388275146,-0.8031387329101562,-0.7829492092132568,-0.2984206974506378,-1.1157691478729248,-1.9768911600112915,-1.9926081895828247,-1.447523593902588,-0.7935627698898315,-0.17850999534130096,-0.7785570025444031,-0.8005155324935913,-1.8552651405334473,-1.9804351329803467,-2.372042179107666,-2.4045448303222656,-2.4280123710632324,-2.389404773712158,-1.9482910633087158,-1.520029067993164,-1.8931052684783936,-2.351027011871338,-2.5093226432800293,-2.2963874340057373,-1.7619643211364746,-0.7867138981819153,-0.940500020980835,-1.3539307117462158,-0.752959132194519,-0.9908799529075623,-1.26034677028656,-0.9866107702255249,-0.30210626125335693,-0.05812292918562889,-0.2199261486530304,-2.3519177436828613
1.0282707214355469,0.5547227263450623,0.19658219814300537,-0.17593985795974731,-0.7104530334472656,-1.2334052324295044,-1.136987566947937,-0.8953085541725159,-1.011053204536438,-1.4794639348983765,-2.281740427017212,-2.256514310836792,-1.7203943729400635,-1.646597146987915,-1.4498127698898315,-0.8873217701911926,-1.9855608940124512,-2.0880656242370605,-2.3064262866973877,-2.1304562091827393,-2.1718595027923584,-1.9783798456192017,-2.4746243953704834,-2.542421579360962,-1.7711788415908813,-1.6890084743499756,-2.2865495681762695,-2.3539962768554688,-2.351660966873169,-2.1912028789520264,-2.3341729640960693,-2.214555263519287,-1.7425872087478638,-1.3811513185501099,-1.6814571619033813,-2.430755376815796,-1.978506326675415,-1.6524804830551147,-1.9520405530929565,-1.1895084381103516,-1.451567530632019,-2.7312874794006348
1.0074652433395386,0.5078334212303162,0.12443289905786514,-0.2963533103466034,-1.029751181602478,-1.2490414381027222,-0.9978755116462708,-0.99149090051651,-1.0495095252990723,-1.275766372680664,-1.4551587104797363,-1.4861503839492798,-1.3028335571289062,-1.8608524799346924,-1.7578130960464478,-1.698609471321106,-2.111829996109009,-2.020346164703369,-2.106051206588745,-1.918302059173584,-1.8062816858291626,-1.6208581924438477,-2.342723846435547,-2.173398733139038,-1.5547370910644531,-1.3161903619766235,-1.7783976793289185,-2.012925624847412,-2.084796667098999,-2.159726858139038,-2.2398793697357178,-2.255173921585083,-1.9037550687789917,-1.4238816499710083,-2.283308506011963,-2.4328668117523193,-1.370153784751892,-1.3424060344696045,-2.028233289718628,-1.2916007041931152,-1.4192568063735962,-2.333070755004883
0.7304435968399048,0.22007402777671814,-0.14862458407878876,-0.5624697804450989,-1.2830440998077393,-0.9596163034439087,-0.9760432839393616,-0.8464471697807312,0.3230303227901459,0.24204938113689423,0.7479016780853271,-0.2535659670829773,-1.3643025159835815,-2.1885244846343994,-2.0456976890563965,-2.2074718475341797,-2.1641805171966553,-1.6754697561264038,-1.9357553720474243,-1.7158417701721191,-1.4409618377685547,-1.3188790082931519,-1.4702520370483398,-1.1783868074417114,-0.942379891872406,-1.1543065309524536,-1.2724918127059937,-1.671968936920166,-1.9597697257995605,-2.214714765548706,-2.085880994796753,-2.306262969970703,-2.3646059036254883,-1.9045062065124512,-1.314817190170288,-1.0799654722213745,-1.2498148679733276,-1.9838917255401611,-1.913249135017395,-0.9804818630218506,-1.0614808797836304,-1.9786195755004883
-0.12566447257995605,-0.5195958614349365,-0.7888495326042175,-1.021384358406067,-1.3488315343856812,-1.3061366081237793,-1.6460390090942383,-1.201125144958496,1.224064588546753,1.3710262775421143,1.263683557510376,0.3757137954235077,-0.83824223279953,-1.127800703048706,-2.0956900119781494,-2.629601001739502,-2.5140814781188965,-1.70303213596344,-1.710542917251587,-1.5412617921829224,-1.4039897918701172,-1.0823365449905396,-0.8503113389015198,-0.14167919754981995,-0.5016425848007202,-1.4842791557312012,-1.093957781791687,-1.3000754117965698,-1.7597401142120361,-1.9630073308944702,-1.9096639156341553,-2.095855236053467,-2.0798189640045166,-1.8303896188735962,-0.20228461921215057,-0.6196808815002441,-1.8154447078704834,-2.0341720581054688,-1.4473316669464111,-1.1119109392166138,-1.158321738243103,-1.8635681867599487
-1.0599206686019897,-1.3044853210449219,-1.4379769563674927,-1.5119223594665527,-1.5887458324432373,-1.6314387321472168,-1.69086754322052,-1.3504022359848022,0.08851927518844604,0.5196428298950195,-0.016221342608332634,0.548062264919281,0.968641996383667,0.4964316785335541,-1.365850806236267,-1.9328138828277588,-1.9417215585708618,-1.545133113861084,-1.5435287952423096,-1.3985340595245361,-1.29654860496521,-0.6072196364402771,-0.3081716001033783,0.07419679313898087,-0.9151781797409058,-1.5020959377288818,-1.4786603450775146,-1.3572611808776855,-1.7169387340545654,-1.733862280845642,-1.7436680793762207,-1.7851816415786743,-1.8576319217681885,-1.4850386381149292,0.32497110962867737,-0.07367701828479767,-0.7729102969169617,-1.0195951461791992,-1.0455121994018555,-1.4790681600570679,-2.0953965187072754,-2.288902997970581
