demo/1400-wind-surface-level-gfs-1.0.json
{"header": {"productDefinitionTemplate": 0, "surface1Type": 103, "productStatus": 0, "disciplineName": "Meteorological products", "subDivisions": 0, "winds": "true", "parameterNumberName": "U-component_of_wind", "discipline": 0, "surface2Value": 0, "significanceOfRTName": "Start of forecast", "surface2TypeName": "Missing", "surface2Type": 255, "productTypeName": "Forecast products", "dx": 0.024617210030555725, "dy": 0.01798853650689125, "numberPoints": 65160, "productStatusName": "Operational products", "gribEdition": 2, "parameterUnit": "m.s-1", "forecastTime": 0, "refTime": "2020-09-30T12:00:00.000Z", "productType": 1, "genProcessTypeName": "Forecast", "scanMode": 0, "genProcessType": 2, "gribLength": 11338.0, "significanceOfRT": 1, "productDefinitionTemplateName": "Analysis/forecast at horizontal level/layer at a point in time", "centerName": "WRF OUTPUT", "la1": 43.66691207885742, "la2": 42.426788330078125, "lo2": 13.70867919921875, "gridUnits": "degrees", "surface1Value": 10, "shapeName": "Earth spherical with radius of 6,371,229.0 m", "surface1TypeName": "Specified height level above ground", "nx": 70.0, "ny": 70.0, "lo1": 12.008544921875, "basicAngle": 0, "gridDefinitionTemplate": 0, "shape": 6, "parameterNumber": 2, "subcenter": 0, "parameterCategoryName": "Momentum", "parameterCategory": 2, "center": 0, "gridDefinitionTemplateName": "Latitude_Longitude", "resolution": 48}, "data":
[rows 38 to 56 of 70, columns 0 to 42 of 70]
0.47349223494529724,0.2953247129917145,0.07125439494848251,-0.4271053075790405,-0.42499402165412903,-0.5577460527420044,-1.0532735586166382,-0.7534297108650208,-0.2816353142261505,-0.8891341686248779,-1.3323365449905396,-0.6103764772415161,0.15355755388736725,0.21001572906970978,-0.33739909529685974,0.1288747936487198,0.8906930088996887,1.6359808444976807,1.8614743947982788,0.9672947525978088,0.6238890290260315,0.30274298787117004,-0.07854225486516953,0.3501055836677551,0.5285220742225647,0.7231810092926025,0.9796732068061829,1.1406642198562622,1.772070288658142,2.101473808288574,2.2006618976593018,2.6078221797943115,2.5431439876556396,2.4140095710754395,2.4267635345458984,2.7627267837524414,2.806057929992676,2.6876001358032227,2.8129220008850098,2.6038899421691895,1.7353802919387817,1.0136035680770874,0.3302396535873413
0.42155885696411133,0.20554329454898834,-0.037000443786382675,-0.8297572135925293,-0.31715819239616394,0.415703147649765,-0.12132002413272858,-0.2491731345653534,-0.04898572340607643,-1.005995273590088,-1.6798092126846313,-0.7505363821983337,0.38695281744003296,0.22275198996067047,-0.6227631568908691,0.037619449198246,0.9594147801399231,1.7452914714813232,2.086444854736328,1.2993956804275513,0.658246636390686,0.39046889543533325,-0.25061723589897156,-0.18024174869060516,0.19384178519248962,0.5775763988494873,0.8088799715042114,0.965549647808075,1.4087098836898804,1.4471763372421265,1.8916174173355103,2.5365519523620605,2.619378089904785,2.2780351638793945,2.2399659156799316,2.76204252243042,2.932173728942871,2.6464812755584717,2.5872201919555664,2.7303225994110107,2.375091552734375,1.780922770500183,0.47176268696784973
0.12401101738214493,0.02866964042186737,-0.05494930222630501,-0.8546657562255859,-0.3779439330101013,0.29747071862220764,0.4122101664543152,0.43518099188804626,-0.31697356700897217,-1.1025267839431763,-1.3770673274993896,-0.8472670912742615,-0.023836061358451843,0.09390723705291748,-0.4253941476345062,0.138274148106575,0.9321101903915405,1.5730630159378052,1.5024884939193726,1.13805091381073,1.4231082201004028,0.9946620464324951,-0.718268632888794,-0.8194512128829956,0.1127791553735733,0.2761288583278656,0.6291516423225403,0.7588327527046204,1.0609462261199951,1.1031705141067505,1.7685450315475464,2.529064655303955,2.7428102493286133,2.686343193054199,2.060065746307373,2.034353256225586,2.7589824199676514,2.62318754196167,2.315523624420166,2.6147220134735107,2.39599347114563,1.9978361129760742,1.3752256631851196
0.05111483111977577,0.020230213180184364,-0.0035239437129348516,-0.6784768104553223,-0.4356977641582489,-0.5569144487380981,-0.7283185124397278,-0.16531601548194885,-0.6627196073532104,-1.1570240259170532,-1.4269802570343018,-1.0897400379180908,-0.5482499599456787,-0.4349026083946228,-0.4104035198688507,0.20457738637924194,0.9383708834648132,1.3552888631820679,1.4512629508972168,1.1477781534194946,1.404013752937317,1.49562406539917,0.21443471312522888,-0.8228763341903687,-0.5946385264396667,-0.0071620396338403225,0.35025888681411743,0.48683759570121765,0.7949227690696716,0.7516556978225708,1.3843885660171509,2.3821756839752197,2.467073917388916,2.560354709625244,1.8475279808044434,1.295272946357727,1.940386176109314,2.309098243713379,2.135171890258789,2.23067045211792,1.721821665763855,0.8768714070320129,1.6636502742767334
-0.11346716433763504,-0.07482119649648666,0.07268499583005905,-0.4790717661380768,0.027556562796235085,0.014425480738282204,-1.2894283533096313,-0.6139806509017944,-0.1426825076341629,-0.8839703798294067,-1.289122462272644,-1.0549958944320679,-0.9903575778007507,-1.0986088514328003,-0.7151255011558533,0.11357442289590836,1.097939133644104,1.4212214946746826,1.4140536785125732,1.3925905227661133,0.803737998008728,0.5775599479675293,0.9321342706680298,0.6772190928459167,0.003063303418457508,-0.0698457732796669,0.06342700868844986,0.05941346660256386,0.3115941882133484,0.10401495546102524,0.6682400703430176,1.8936915397644043,2.5584490299224854,2.5966131687164307,1.3658572435379028,0.7097887992858887,1.1230047941207886,0.9852578639984131,1.1053828001022339,2.1135568618774414,1.330230951309204,0.1492222100496292,1.4711230993270874
-0.06853847205638885,-0.023068012669682503,0.15564067661762238,-0.2352638840675354,0.04983925074338913,-0.30303335189819336,-1.742797613143921,-0.3926237225532532,0.4527558982372284,-0.813152551651001,-1.0446919202804565,-0.8456180095672607,-1.414808988571167,-1.8656418323516846,-1.290942668914795,-0.22804291546344757,0.8896879553794861,1.3781893253326416,1.4126726388931274,1.773908257484436,1.055121898651123,0.44732433557510376,0.38832733035087585,0.5980120301246643,1.367199420928955,0.8676773309707642,-0.09396909177303314,-0.4962911903858185,-0.3167301416397095,-0.26941871643066406,0.4896267354488373,1.8319578170776367,2.7154812812805176,2.578679323196411,1.1722379922866821,0.18010574579238892,-0.6831262707710266,-0.525109589099884,1.4741384983062744,2.6513302326202393,1.128658652305603,0.14844687283039093,1.8560830354690552
-0.17547492682933807,-0.1409384310245514,0.21604745090007782,0.4571715295314789,0.09058436006307602,-0.8686036467552185,-1.517561674118042,-0.1785804033279419,0.4282923936843872,-0.5224921107292175,-0.7542701959609985,-0.7097656726837158,-1.0421677827835083,-1.707118034362793,-1.519905686378479,-0.5831462740898132,0.5748681426048279,1.2867006063461304,1.5617698431015015,1.7181885242462158,1.2658320665359497,0.18204912543296814,0.0025442109908908606,0.41001096367836,1.0919597148895264,1.247950792312622,-0.21190735697746277,-0.8962340950965881,-0.6914948225021362,-0.8583107590675354,0.06998845189809799,2.0482828617095947,2.899623155593872,2.3520283699035645,1.446038007736206,0.19290347397327423,-1.3978053331375122,-0.8397826552391052,1.3657777309417725,1.917622685432434,1.110145926475525,0.8948641419410706,1.6165621280670166
-0.006176293827593327,0.04680709168314934,0.27318549156188965,0.8712085485458374,0.7717344164848328,-0.5671253204345703,-1.2261497974395752,-0.21005119383335114,0.6948961615562439,0.5099001526832581,-0.8166499733924866,-1.2630947828292847,-0.9525876641273499,-1.4579546451568604,-1.4858160018920898,-0.7388778328895569,0.416150838136673,0.97695392370224,1.4294941425323486,1.8406885862350464,1.442246913909912,0.32592037320137024,-0.08801790326833725,0.6758331060409546,1.4105839729309082,1.148170828819275,-0.016996169462800026,-0.45330220460891724,-0.6244623064994812,-1.1122411489486694,-0.2891819179058075,1.929399847984314,2.881589651107788,2.0737082958221436,1.9622918367385864,1.8308663368225098,-0.5357057452201843,-1.103588581085205,1.006224513053894,2.021862745285034,2.168132781982422,2.133517265319824,1.7725865840911865
-0.034171365201473236,0.04487018287181854,0.306687593460083,0.9776608347892761,1.138548493385315,-0.04570693150162697,-0.6301324367523193,-0.292287677526474,0.5947279930114746,0.8148337602615356,-0.9453443884849548,-1.2187795639038086,-0.7417816519737244,-1.4801719188690186,-1.67592453956604,-0.9402354955673218,0.2828545570373535,0.7065911293029785,1.0419186353683472,1.630769968032837,1.270425796508789,0.17584900557994843,0.19746197760105133,0.9965770244598389,1.2940881252288818,0.8375570178031921,-0.06321433931589127,-0.5392109751701355,-0.7110861539840698,-0.9328370690345764,-0.44361957907676697,1.3547760248184204,2.5276389122009277,2.158586025238037,2.658454418182373,2.4898531436920166,-0.28628432750701904,-1.015600323677063,1.0933890342712402,2.6852807998657227,2.796477794647217,2.513521671295166,2.135064125061035
0.10974942147731781,0.17560827732086182,0.2729301452636719,0.7446487545967102,0.6782411336898804,0.11392352730035782,0.5608500838279724,0.5990147590637207,0.5141265988349915,0.08894416689872742,-0.9322272539138794,-0.48156648874282837,-0.21661986410617828,-1.3342019319534302,-2.0795249938964844,-1.1359095573425293,0.3440040051937103,0.5390512943267822,0.6155062317848206,1.0532783269882202,0.7538195252418518,0.9044974446296692,1.0894813537597656,0.8010069131851196,0.41952964663505554,-0.1685723215341568,-0.32654768228530884,-0.6232689619064331,-0.5748011469841003,-0.4714692533016205,-0.2751127779483795,0.8201534748077393,2.0386462211608887,2.447949171066284,3.1710541248321533,2.459974527359009,0.2556118965148926,0.3313024640083313,2.076660633087158,2.9949393272399902,3.1672306060791016,2.83073091506958,1.8810913562774658
0.17396941781044006,0.20076975226402283,0.2621123194694519,0.6314968466758728,0.4544338285923004,-0.15974564850330353,0.5967307090759277,0.7355168461799622,0.0900866836309433,0.08183851838111877,0.03212171792984009,0.12335888296365738,-0.2509048581123352,-0.8713234066963196,-1.506040334701538,-0.901626706123352,0.4045865833759308,0.4407864212989807,0.4760826528072357,1.2057702541351318,1.2958173751831055,1.0631303787231445,1.4779536724090576,0.97928386926651,-0.5570184588432312,-0.2770884931087494,0.3192248046398163,-0.37843284010887146,-0.3848048448562622,-0.34060579538345337,0.08273284882307053,0.7586072087287903,1.3985177278518677,2.2617392539978027,2.70064377784729,1.89585280418396,1.0489811897277832,2.0210914611816406,2.973217248916626,2.8322458267211914,2.914557933807373,2.898308753967285,2.499614715576172
0.4118269681930542,0.35826805233955383,0.24698506295681,0.49957719445228577,0.2644443213939667,-0.39853763580322266,0.22339269518852234,0.40620434284210205,0.08858253061771393,0.147252157330513,0.2933182120323181,0.44502007961273193,-0.8609194755554199,-1.0781238079071045,-0.5255792140960693,-0.005073245149105787,0.5096532106399536,-0.08883257210254669,0.08339252322912216,0.870708167552948,0.5505039691925049,0.15863557159900665,1.278047800064087,1.5120198726654053,-0.34899431467056274,-0.77606600522995,-0.10969336330890656,-0.2010374367237091,-0.13701219856739044,-0.33868059515953064,0.3467649519443512,1.0612096786499023,1.477553129196167,2.5953140258789062,2.0249714851379395,0.7278149724006653,1.742659091949463,2.830540895462036,3.0073776245117188,2.583712577819824,1.9392584562301636,2.035334587097168,2.512795925140381
0.6724491715431213,0.5612928867340088,0.25890740752220154,0.3467741310596466,0.12195281684398651,-0.54686039686203,-0.21507085859775543,0.041608043015003204,-0.26702192425727844,-0.38821613788604736,-0.0041284929029643536,0.7105599641799927,-0.4505762457847595,-0.8403865098953247,0.16634564101696014,0.6848832368850708,0.00038089396548457444,-0.70549076795578,0.1461341232061386,0.2650235593318939,-0.7108064293861389,-0.42045602202415466,1.4049395322799683,2.052488327026367,0.4765430688858032,-1.13416588306427,-0.823741614818573,-0.10301081091165543,0.051267389208078384,-0.26248711347579956,0.39983102679252625,1.1652933359146118,1.7693524360656738,2.5804595947265625,1.6419003009796143,1.0261918306350708,2.6236748695373535,2.8789706230163574,3.057227373123169,3.025707960128784,1.9420368671417236,1.2663458585739136,2.385531425476074
0.8515669107437134,0.6764991879463196,0.3423213064670563,0.33699750900268555,-0.14916107058525085,-0.7947803139686584,-0.6191935539245605,-0.4309709072113037,-0.4338216781616211,-0.5964027643203735,-0.15978220105171204,0.9458239674568176,0.6510372161865234,0.37872785329818726,0.933212161064148,0.761788547039032,-0.8260617256164551,-1.183687686920166,-0.14442959427833557,-0.228928342461586,-0.903461754322052,-0.5938419103622437,0.9425922632217407,2.036282539367676,1.936915397644043,-0.20333683490753174,-1.261879324913025,0.1968850940465927,0.9312238693237305,0.44807422161102295,0.6626010537147522,1.1911147832870483,1.9151380062103271,1.7636761665344238,0.8427298665046692,1.8213870525360107,3.2671220302581787,3.031761884689331,3.0231029987335205,3.623326301574707,2.0004770755767822,0.5242182016372681,1.9542381763458252
1.0747617483139038,0.882694661617279,0.5276364088058472,0.37359419465065,0.055761151015758514,-0.5555571913719177,-0.9146783351898193,-0.9171624779701233,-0.9648392200469971,-0.6742598414421082,0.1882152110338211,1.1458961963653564,1.4986556768417358,1.0528045892715454,1.4788531064987183,0.9509848356246948,-0.9077028632164001,-1.0932283401489258,-0.7488858103752136,-0.6794309616088867,-0.6566272974014282,-0.429426908493042,0.7809779644012451,1.8831462860107422,2.430651903152466,1.415941596031189,-0.13626331090927124,0.4501078426837921,1.5045411586761475,0.8594999313354492,0.8748545050621033,1.416316032409668,1.575713872909546,0.7807325720787048,0.4234004616737366,2.8025667667388916,3.9537386894226074,2.3868191242218018,1.6709020137786865,2.977612257003784,1.209978699684143,-0.41531500220298767,1.1308488845825195
1.381887435913086,1.1740831136703491,0.7987673282623291,0.5028420090675354,0.01963208056986332,-0.5141619443893433,-0.8034181594848633,-1.097682237625122,-1.300983190536499,-0.6987709403038025,0.401244580745697,1.0472474098205566,1.370734453201294,1.2341283559799194,1.266371250152588,0.9979317784309387,-0.24424229562282562,-0.39039841294288635,-0.5260486006736755,-0.6008461117744446,-0.33193281292915344,-0.5021913647651672,0.5556337237358093,2.0367555618286133,2.489650011062622,1.8144224882125854,0.869610607624054,1.0481446981430054,1.3543832302093506,1.3330483436584473,1.10451078414917,1.2983897924423218,0.9432995915412903,-0.09917273372411728,0.8454055190086365,2.9083499908447266,3.9065136909484863,2.695507764816284,1.1337084770202637,1.9683030843734741,1.9632893800735474,0.588564395904541,0.6565803289413452
1.7195446491241455,1.5219718217849731,1.1235719919204712,0.7962269186973572,0.3279840648174286,-0.4145148992538452,-0.9063696265220642,-1.075040578842163,-0.882283091545105,-0.4451940953731537,0.43802696466445923,1.3765029907226562,1.3271276950836182,0.8213592767715454,-0.2676325738430023,0.23482269048690796,0.9661393761634827,-0.015619006007909775,-0.20621325075626373,-0.019212450832128525,-0.09032616764307022,-0.1664550006389618,0.7317746877670288,1.9878511428833008,1.9424629211425781,1.5493355989456177,1.4520230293273926,1.0832018852233887,0.9115744829177856,1.2434731721878052,1.9326179027557373,1.441150426864624,-0.2419632375240326,-0.37947598099708557,1.461369276046753,2.6999850273132324,3.229644775390625,2.461146116256714,1.1814754009246826,1.279293179512024,2.114272356033325,1.329247236251831,0.44362136721611023
2.3473799228668213,2.117140293121338,1.6875896453857422,1.2619426250457764,0.6374661326408386,-0.2196522355079651,-0.8209308385848999,-1.005237340927124,-0.7511600255966187,-0.22910663485527039,0.34863409399986267,1.1463221311569214,1.6363887786865234,0.1471206545829773,-1.1974023580551147,0.4666486978530884,1.3038270473480225,0.1389213502407074,0.007992302067577839,0.16901299357414246,0.2747652232646942,0.2395646870136261,0.7439291477203369,2.204965114593506,2.199885606765747,0.929295003414154,0.9363499283790588,1.3739008903503418,0.7721568942070007,0.37716665863990784,1.144698143005371,1.148643136024475,-0.21700336039066315,-0.5423418283462524,1.2992160320281982,2.972625732421875,2.921877384185791,2.0280704498291016,1.180015206336975,1.1336054801940918,2.033511161804199,2.36387300491333,1.3858660459518433
2.673722982406616,2.4299094676971436,1.9795993566513062,1.5081098079681396,0.7689723372459412,-0.03174987807869911,-0.7062416672706604,-1.2170312404632568,-1.1745764017105103,-0.6889691948890686,0.22955647110939026,1.2454811334609985,1.7587286233901978,0.5904754400253296,-0.7100539803504944,0.25716087222099304,0.48910918831825256,-0.2621052861213684,0.056835711002349854,-0.046291202306747437,-0.012597860768437386,0.38153406977653503,1.0582271814346313,2.2971293926239014,1.9326647520065308,-0.08500632643699646,0.23573751747608185,1.7764308452606201,0.7158517241477966,-0.5670009255409241,0.25119438767433167,1.4693114757537842,1.1138685941696167,0.28513193130493164,1.280644416809082,2.8243393898010254,3.2650327682495117,2.5264577865600586,1.788188099861145,1.958796739578247,2.7164549827575684,3.050701141357422,2.463651180267334
