demo/1400-wind-surface-level-gfs-1.0.json
{"header": {"productDefinitionTemplate": 0, "surface1Type": 103, "productStatus": 0, "disciplineName": "Meteorological products", "subDivisions": 0, "winds": "true", "parameterNumberName": "U-component_of_wind", "discipline": 0, "surface2Value": 0, "significanceOfRTName": "Start of forecast", "surface2TypeName": "Missing", "surface2Type": 255, "productTypeName": "Forecast products", "dx": 0.024617210030555725, "dy": 0.01798853650689125, "numberPoints": 65160, "productStatusName": "Operational products", "gribEdition": 2, "parameterUnit": "m.s-1", "forecastTime": 0, "refTime": "2020-10-08T12:00:00.000Z", "productType": 1, "genProcessTypeName": "Forecast", "scanMode": 0, "genProcessType": 2, "gribLength": 11338.0, "significanceOfRT": 1, "productDefinitionTemplateName": "Analysis/forecast at horizontal level/layer at a point in time", "centerName": "WRF OUTPUT", "la1": 43.66691207885742, "la2": 42.426788330078125, "lo2": 13.70867919921875, "gridUnits": "degrees", "surface1Value": 10, "shapeName": "Earth spherical with radius of 6,371,229.0 m", "surface1TypeName": "Specified height level above ground", "nx": 70.0, "ny": 70.0, "lo1": 12.008544921875, "basicAngle": 0, "gridDefinitionTemplate": 0, "shape": 6, "parameterNumber": 2, "subcenter": 0, "parameterCategoryName": "Momentum", "parameterCategory": 2, "center": 0, "gridDefinitionTemplateName": "Latitude_Longitude", "resolution": 48}, "data":
[rows 0 to 18 of 70, columns 0 to 41 of 70]
-1.2427514791488647,-1.4177502393722534,-1.5136834383010864,-1.5511589050292969,-1.7348003387451172,-2.0136847496032715,-2.3437483310699463,-2.7997004985809326,-3.235436201095581,-3.481350898742676,-3.570220470428467,-3.565352201461792,-3.556053876876831,-3.5419418811798096,-3.512726306915283,-3.4356374740600586,-3.321272373199463,-3.208017587661743,-3.1469786167144775,-3.134188413619995,-3.1438660621643066,-3.1805570125579834,-3.2464160919189453,-3.316730499267578,-3.3685920238494873,-3.4152653217315674,-3.4536118507385254,-3.4661684036254883,-3.476125717163086,-3.4831345081329346,-3.467988967895508,-3.4518237113952637,-3.441845655441284,-3.4169669151306152,-3.368831157684326,-3.281687021255493,-3.144245147705078,-2.9492509365081787,-2.748363971710205,-2.5946693420410156,-2.4680774211883545,-2.426743984222412
-1.391524076461792,-1.5049824714660645,-1.5569510459899902,-1.6241356134414673,-1.7832181453704834,-2.0224051475524902,-2.356550693511963,-2.80267071723938,-3.136590003967285,-3.287707567214966,-3.3508076667785645,-3.3833136558532715,-3.3918371200561523,-3.34098482131958,-3.2873141765594482,-3.246346950531006,-3.215019702911377,-3.1699156761169434,-3.1491217613220215,-3.103865146636963,-3.0670156478881836,-3.1328465938568115,-3.266178846359253,-3.3621277809143066,-3.3700835704803467,-3.37451434135437,-3.397172689437866,-3.410964250564575,-3.4229466915130615,-3.444826126098633,-3.4663209915161133,-3.487483024597168,-3.504145622253418,-3.488950490951538,-3.444211483001709,-3.363004207611084,-3.240264654159546,-3.07405161857605,-2.8978567123413086,-2.7468976974487305,-2.5977792739868164,-2.480875253677368
-1.5032079219818115,-1.5374892950057983,-1.5458457469940186,-1.5953809022903442,-1.7470802068710327,-1.9675507545471191,-2.250720262527466,-2.6150572299957275,-2.8991334438323975,-3.047872304916382,-3.119746685028076,-3.1422407627105713,-3.145390033721924,-3.126436233520508,-3.113527536392212,-3.0946576595306396,-3.070584297180176,-3.076037645339966,-3.088728189468384,-3.0637049674987793,-3.0503571033477783,-3.1028189659118652,-3.2105424404144287,-3.2954773902893066,-3.3277714252471924,-3.3574485778808594,-3.372605800628662,-3.362314224243164,-3.3765041828155518,-3.4268360137939453,-3.4867501258850098,-3.524066925048828,-3.5365138053894043,-3.5282182693481445,-3.498582124710083,-3.43760347366333,-3.3351426124572754,-3.187471628189087,-3.02767014503479,-2.8810179233551025,-2.716202735900879,-2.543576717376709
-1.6377016305923462,-1.6232892274856567,-1.5888203382492065,-1.567807674407959,-1.750209093093872,-1.9877904653549194,-2.1824676990509033,-2.425011396408081,-2.605597496032715,-2.7075397968292236,-2.770362377166748,-2.801121473312378,-2.7779366970062256,-2.738199234008789,-2.711652994155884,-2.707119941711426,-2.715669631958008,-2.7475521564483643,-2.7824506759643555,-2.7850489616394043,-2.7910406589508057,-2.784597158432007,-2.7985661029815674,-2.857088804244995,-2.9482929706573486,-3.0711915493011475,-3.140634775161743,-3.1687381267547607,-3.2259304523468018,-3.2768914699554443,-3.3084371089935303,-3.341986894607544,-3.3773295879364014,-3.378612995147705,-3.352182626724243,-3.313298225402832,-3.254122495651245,-3.1755385398864746,-3.0745253562927246,-2.955458402633667,-2.799955129623413,-2.616152286529541
-1.8243571519851685,-1.7595804929733276,-1.6310151815414429,-1.3914310932159424,-1.8503990173339844,-2.327324151992798,-2.323188543319702,-2.2483181953430176,-2.0387561321258545,-1.8847007751464844,-1.7114530801773071,-1.6398344039916992,-1.6136645078659058,-1.6827425956726074,-1.5946160554885864,-1.5972744226455688,-1.755621075630188,-1.8708679676055908,-2.062054395675659,-2.227318286895752,-2.294304609298706,-2.2096071243286133,-2.12141752243042,-2.1591010093688965,-2.3196797370910645,-2.6247177124023438,-2.7937746047973633,-2.797224998474121,-2.8515026569366455,-2.9131813049316406,-2.9364514350891113,-2.9684247970581055,-3.0587432384490967,-3.1088626384735107,-3.1191256046295166,-3.1396048069000244,-3.1560616493225098,-3.125173807144165,-3.063446283340454,-2.9901716709136963,-2.8726918697357178,-2.7077229022979736
-2.0685856342315674,-1.9659382104873657,-1.8119029998779297,-1.5955497026443481,-1.9733506441116333,-2.1120595932006836,-1.9391193389892578,-2.0450193881988525,-1.7956708669662476,-1.6383482217788696,-1.5594955682754517,-1.449985384941101,-1.4570293426513672,-1.5613420009613037,-1.6719388961791992,-1.951878547668457,-2.174804210662842,-2.207664728164673,-2.360841989517212,-2.5242748260498047,-2.6704676151275635,-2.6894164085388184,-2.601910352706909,-2.6264970302581787,-2.705785036087036,-2.7020888328552246,-2.8558590412139893,-3.0017881393432617,-2.9676225185394287,-3.0537209510803223,-3.1826796531677246,-3.2338571548461914,-3.3100979328155518,-3.3711025714874268,-3.359482765197754,-3.3481342792510986,-3.36328387260437,-3.3350303173065186,-3.2728238105773926,-3.2043838500976562,-3.067713737487793,-2.8799967765808105
-2.1868011951446533,-2.0734732151031494,-1.9989752769470215,-1.953861117362976,-2.026923656463623,-1.710202693939209,-1.3908627033233643,-1.5102934837341309,-1.6367379426956177,-1.658290982246399,-1.3911447525024414,-1.3356201648712158,-1.5931013822555542,-1.8081835508346558,-1.951891541481018,-1.9602497816085815,-1.9963465929031372,-2.0343034267425537,-2.059213399887085,-2.189692497253418,-2.511653423309326,-2.8487062454223633,-2.915269374847412,-2.858022928237915,-2.8454031944274902,-2.8528523445129395,-2.921355962753296,-3.0381863117218018,-3.1157214641571045,-3.1872003078460693,-3.295860767364502,-3.354074239730835,-3.366799831390381,-3.3450050354003906,-3.3494062423706055,-3.3935747146606445,-3.403423309326172,-3.3712666034698486,-3.347429037094116,-3.321443796157837,-3.2309460639953613,-3.067260503768921
-2.3337137699127197,-2.229393243789673,-2.145764112472534,-1.9783520698547363,-1.829500675201416,-1.4756487607955933,-1.1501412391662598,-1.0081676244735718,-1.111948013305664,-1.4749966859817505,-1.4905688762664795,-1.4110244512557983,-1.5083338022232056,-1.722877860069275,-1.7486006021499634,-1.5444250106811523,-1.544594168663025,-1.4256938695907593,-1.3868588209152222,-1.5884138345718384,-2.0338761806488037,-2.7544491291046143,-3.1367104053497314,-3.1719486713409424,-3.1028170585632324,-2.997448205947876,-2.952773332595825,-3.063321590423584,-3.1197259426116943,-3.0033042430877686,-3.0903213024139404,-3.345374345779419,-3.5417428016662598,-3.530928373336792,-3.485649824142456,-3.555612564086914,-3.5634500980377197,-3.5138487815856934,-3.463514804840088,-3.4032881259918213,-3.311054229736328,-3.187117576599121
-2.6443490982055664,-2.60078763961792,-2.318723201751709,-2.028578758239746,-1.8180280923843384,-1.5160598754882812,-1.1959644556045532,-0.8378626108169556,-0.3448442816734314,-0.2980564832687378,-0.7186247110366821,-1.026466965675354,-1.1865586042404175,-1.1579054594039917,-1.1834945678710938,-1.24936044216156,-1.1564689874649048,-1.2305313348770142,-1.4813592433929443,-1.8794293403625488,-2.1934852600097656,-2.3360626697540283,-2.4251620769500732,-2.5428709983825684,-2.9834141731262207,-3.391561269760132,-3.3711960315704346,-3.4466190338134766,-3.3969666957855225,-2.935812473297119,-2.5511999130249023,-2.395606279373169,-2.8685224056243896,-3.449105978012085,-3.5251846313476562,-3.5106964111328125,-3.5397109985351562,-3.590306043624878,-3.5849666595458984,-3.448211431503296,-3.3079910278320312,-3.277113914489746
-2.771965980529785,-2.76198673248291,-2.4631967544555664,-2.1680870056152344,-2.1052253246307373,-1.890323281288147,-1.650871992111206,-1.4775077104568481,-1.1179734468460083,-0.8765465617179871,-0.9723778963088989,-1.2706021070480347,-1.345777153968811,-1.3034132719039917,-1.3538144826889038,-1.5059239864349365,-1.6099863052368164,-1.757751703262329,-1.953195571899414,-2.0570037364959717,-2.154735803604126,-2.0547447204589844,-1.364677906036377,-0.5626702904701233,-0.43995046615600586,-0.9599830508232117,-2.0416171550750732,-3.285461664199829,-3.6716067790985107,-3.242062568664551,-2.929567337036133,-2.2237565517425537,-1.5891690254211426,-2.289607048034668,-3.2193024158477783,-3.3076188564300537,-3.3694374561309814,-3.7389371395111084,-3.808095932006836,-3.5733282566070557,-3.3219921588897705,-3.274620771408081
-2.6956350803375244,-2.6673343181610107,-2.5301098823547363,-2.568542003631592,-2.27101469039917,-1.8756004571914673,-1.682775855064392,-1.4376788139343262,-1.3174034357070923,-1.3667755126953125,-1.47664213180542,-1.6551622152328491,-1.598839282989502,-1.4262516498565674,-1.4701472520828247,-1.5043972730636597,-1.6263372898101807,-1.7898364067077637,-1.9567567110061646,-1.940246343612671,-1.6276997327804565,-1.4772062301635742,-1.8387426137924194,-1.883030891418457,-0.9175519347190857,0.7916435599327087,2.228188991546631,0.18036091327667236,-3.0928738117218018,-3.399423599243164,-3.1262331008911133,-2.8730990886688232,-1.7007967233657837,-1.2610912322998047,-2.302748680114746,-2.9637837409973145,-3.210988759994507,-3.606294631958008,-3.635225296020508,-3.5522289276123047,-3.4111149311065674,-3.4068198204040527
-2.762239933013916,-2.749432325363159,-2.5796315670013428,-2.427617311477661,-2.189915418624878,-2.0039212703704834,-1.8540557622909546,-1.6487935781478882,-1.6360969543457031,-1.514841914176941,-1.1979891061782837,-1.343709945678711,-1.463460087776184,-1.2437313795089722,-1.316888689994812,-1.6547590494155884,-1.598982572555542,-1.2903168201446533,-1.5819227695465088,-1.8551543951034546,-1.4998149871826172,-1.3588703870773315,-1.980588674545288,-2.32314133644104,-1.5235382318496704,-0.08446045219898224,1.2607163190841675,0.8859381675720215,-1.9216334819793701,-3.139127731323242,-2.3005590438842773,-2.5718588829040527,-2.431652784347534,-1.2870060205459595,-1.323752760887146,-2.1776018142700195,-2.7489166259765625,-3.2096245288848877,-3.4317407608032227,-3.595723867416382,-3.631713390350342,-3.609022378921509
-2.875267505645752,-2.893688440322876,-2.714104175567627,-2.5745697021484375,-2.223459005355835,-1.8774291276931763,-1.6640892028808594,-1.5925273895263672,-1.7152072191238403,-1.0883715152740479,-0.08468423783779144,-0.5410881042480469,-1.1750305891036987,-1.0996812582015991,-1.3088895082473755,-1.6075890064239502,-1.5001555681228638,-0.8349798321723938,-0.8175451755523682,-1.4698208570480347,-1.9458215236663818,-2.10567045211792,-2.019892692565918,-2.1389288902282715,-2.1918797492980957,-1.76095449924469,-1.505981683731079,-2.0064632892608643,-2.7685444355010986,-2.4915783405303955,-1.4834129810333252,-2.0482845306396484,-2.512108325958252,-1.3131299018859863,-1.2526912689208984,-1.9978582859039307,-2.1849167346954346,-2.7738542556762695,-3.353534698486328,-3.454684019088745,-3.5310440063476562,-3.471181869506836
-2.9208459854125977,-2.969207286834717,-2.821143627166748,-2.6055374145507812,-2.2980072498321533,-2.050119400024414,-1.8148283958435059,-1.7391692399978638,-1.6778573989868164,-1.123307466506958,-0.14705318212509155,-0.22266721725463867,-1.0889030694961548,-1.3565605878829956,-1.5247071981430054,-1.5255470275878906,-1.4295108318328857,-1.2494361400604248,-0.9332984685897827,-1.0348018407821655,-1.5679569244384766,-2.0786354541778564,-2.2749407291412354,-2.3536477088928223,-2.6602964401245117,-2.9793169498443604,-3.4580178260803223,-4.053464412689209,-3.879288673400879,-2.7550370693206787,-1.7237718105316162,-1.9193251132965088,-2.100942850112915,-0.8698246479034424,-0.9150509238243103,-2.323317527770996,-2.6253182888031006,-2.6536765098571777,-3.0235371589660645,-3.3086066246032715,-3.4611926078796387,-3.221689224243164
-2.996340751647949,-3.079474449157715,-3.041820526123047,-3.141597032546997,-2.929818868637085,-2.6248655319213867,-2.4565322399139404,-2.2560105323791504,-2.0532894134521484,-1.5892434120178223,-1.3080329895019531,-1.5874403715133667,-1.9213461875915527,-1.8280308246612549,-1.6394364833831787,-1.3513590097427368,-1.215723991394043,-1.4418331384658813,-1.2801622152328491,-1.345982551574707,-2.085195541381836,-2.6126623153686523,-2.7616729736328125,-2.6997342109680176,-2.9762089252471924,-3.6769144535064697,-4.275017261505127,-4.680793285369873,-4.542818546295166,-3.736628532409668,-2.720093250274658,-2.086021661758423,-1.9480973482131958,-1.1919801235198975,-0.3845839500427246,-1.5397084951400757,-2.884936571121216,-2.878110647201538,-3.2374565601348877,-3.6719870567321777,-3.409947395324707,-3.1428396701812744
-3.0446934700012207,-3.154848337173462,-3.2315917015075684,-3.2075889110565186,-2.973085641860962,-2.8375253677368164,-2.806896686553955,-2.7753396034240723,-2.5998950004577637,-2.2745351791381836,-2.0435571670532227,-2.016216516494751,-2.0879316329956055,-2.1016347408294678,-2.0939979553222656,-1.8257856369018555,-1.7268387079238892,-1.8872215747833252,-1.6142498254776,-0.7817056775093079,-0.4305311441421509,-1.5420377254486084,-2.8879120349884033,-3.164036512374878,-3.188272476196289,-3.43437123298645,-3.5135459899902344,-3.6381123065948486,-4.26350736618042,-4.601236343383789,-3.7821238040924072,-2.4299588203430176,-1.9801803827285767,-1.9819155931472778,-1.154806137084961,-0.892414927482605,-1.898637056350708,-1.9112285375595093,-2.2408437728881836,-3.4068663120269775,-3.5089528560638428,-3.632751941680908
-3.0232644081115723,-3.1391870975494385,-3.358793020248413,-3.676835775375366,-3.5781826972961426,-3.3406734466552734,-3.213837146759033,-3.0465502738952637,-2.895550012588501,-2.713754892349243,-2.524257183074951,-2.4323134422302246,-2.4856977462768555,-2.4072935581207275,-2.3713836669921875,-2.332695960998535,-2.4104878902435303,-2.4690377712249756,-2.2252185344696045,-1.79490065574646,-1.279950499534607,-1.1429157257080078,-1.7947245836257935,-2.2952558994293213,-2.266727924346924,-2.185163974761963,-1.8036705255508423,-1.3044553995132446,-1.8762151002883911,-3.9470601081848145,-4.746466636657715,-3.5067198276519775,-2.3719210624694824,-2.131150245666504,-2.000077962875366,-1.5942847728729248,-1.4493786096572876,-0.795254647731781,-0.18489469587802887,-0.6893142461776733,-1.6902532577514648,-3.334362506866455
-3.012584686279297,-3.102031946182251,-3.287147045135498,-3.4632599353790283,-3.3849844932556152,-3.3487653732299805,-3.3007395267486572,-3.142698049545288,-3.0121893882751465,-2.879777193069458,-2.7755374908447266,-2.7273201942443848,-2.810029983520508,-2.8299849033355713,-2.7821297645568848,-2.872211456298828,-2.9812660217285156,-2.821702003479004,-2.692897319793701,-2.7611820697784424,-2.6610066890716553,-2.2338061332702637,-1.9353082180023193,-2.061988592147827,-2.32938814163208,-2.3818159103393555,-2.3067777156829834,-2.1697123050689697,-2.329204797744751,-3.69228458404541,-5.10205078125,-4.451717376708984,-3.0275652408599854,-2.4343366622924805,-2.425546169281006,-2.2186830043792725,-2.0401933193206787,-2.0342063903808594,-1.5171478986740112,-0.3365621864795685,0.23693472146987915,-2.19368314743042
-2.9102632999420166,-2.982788324356079,-3.1641159057617188,-3.389834403991699,-3.2523653507232666,-3.0234336853027344,-2.863546848297119,-2.7020678520202637,-2.6677870750427246,-2.6239047050476074,-2.6611666679382324,-2.644670009613037,-2.6243367195129395,-2.778221368789673,-3.047175168991089,-3.336301326751709,-3.308314323425293,-3.05707049369812,-3.1142873764038086,-3.442465305328369,-3.4938344955444336,-3.160714626312256,-3.065404176712036,-3.1735613346099854,-3.2406513690948486,-3.324882745742798,-3.392104148864746,-3.4338619709014893,-3.731405258178711,-4.4716949462890625,-5.2186198234558105,-5.09018087387085,-3.9756593704223633,-2.8927173614501953,-2.802173137664795,-2.9194209575653076,-2.6604089736938477,-2.4104480743408203,-1.8329025506973267,-0.8208213448524475,0.8419380187988281,0.33700495958328247
