demo/1400-wind-surface-level-gfs-1.0.json
{"header": {"productDefinitionTemplate": 0, "surface1Type": 103, "productStatus": 0, "disciplineName": "Meteorological products", "subDivisions": 0, "winds": "true", "parameterNumberName": "V-component_of_wind", "discipline": 0, "surface2Value": 0, "significanceOfRTName": "Start of forecast", "surface2TypeName": "Missing", "surface2Type": 255, "productTypeName": "Forecast products", "dx": 0.024617210030555725, "dy": 0.01798853650689125, "numberPoints": 65160, "productStatusName": "Operational products", "gribEdition": 2, "parameterUnit": "m.s-1", "forecastTime": 0, "refTime": "2020-09-29T14:00:00.000Z", "productType": 1, "genProcessTypeName": "Forecast", "scanMode": 0, "genProcessType": 2, "gribLength": 11338.0, "significanceOfRT": 1, "productDefinitionTemplateName": "Analysis/forecast at horizontal level/layer at a point in time", "centerName": "WRF OUTPUT", "la1": 43.66691207885742, "la2": 42.426788330078125, "lo2": 13.70867919921875, "gridUnits": "degrees", "surface1Value": 10, "shapeName": "Earth spherical with radius of 6,371,229.0 m", "surface1TypeName": "Specified height level above ground", "nx": 70.0, "ny": 70.0, "lo1": 12.008544921875, "basicAngle": 0, "gridDefinitionTemplate": 0, "shape": 6, "parameterNumber": 3, "subcenter": 0, "parameterCategoryName": "Momentum", "parameterCategory": 2, "center": 0, "gridDefinitionTemplateName": "Latitude_Longitude", "resolution": 48}, "data":
[rows 19 to 37 of 70, columns 0 to 41 of 70]
-1.807281255722046,-1.5585061311721802,-1.358738660812378,-1.1164642572402954,-0.9370608925819397,-0.8946903347969055,-0.5747982859611511,0.6495010852813721,1.3507925271987915,1.6140191555023193,1.4252793788909912,0.26802217960357666,-0.06004774570465088,0.2088509351015091,-0.2991349697113037,-0.8754646182060242,-1.0539394617080688,-1.0630824565887451,-1.0938044786453247,-1.090675950050354,-1.0910618305206299,-0.7665966749191284,-0.45557814836502075,-0.5594620108604431,-1.1820144653320312,-1.1390116214752197,-1.2435356378555298,-1.4896515607833862,-1.5631723403930664,-1.613252878189087,-1.5815681219100952,-1.5235137939453125,-1.365612506866455,-0.971831202507019,0.3657582402229309,1.604509711265564,1.2430857419967651,0.407234787940979,0.18453852832317352,-0.22225922346115112,-1.217219591140747,-1.6199474334716797
-1.8932018280029297,-1.5943498611450195,-1.3641563653945923,-1.0927174091339111,-0.9753062725067139,-0.9163669943809509,-0.5483829379081726,0.20339299738407135,1.1227755546569824,0.6946184635162354,-0.6824739575386047,-1.6947513818740845,-1.6517610549926758,-1.0514122247695923,-0.8203300833702087,-0.9334191679954529,-1.0575788021087646,-1.0577789545059204,-1.0675245523452759,-1.0240591764450073,-1.1468223333358765,-1.0319764614105225,-0.8121063113212585,-1.082962989807129,-1.0286176204681396,-0.8965416550636292,-1.1347477436065674,-1.3665109872817993,-1.4947657585144043,-1.5570836067199707,-1.666884183883667,-1.8024656772613525,-1.4898831844329834,-0.9797682762145996,-0.790723443031311,0.8018250465393066,1.284509539604187,0.30918776988983154,-0.23377977311611176,-0.4220098555088043,-0.6258638501167297,0.004413188435137272
-1.6999106407165527,-1.4116910696029663,-1.2314640283584595,-0.9675056338310242,-0.6580273509025574,0.029117435216903687,0.7379288673400879,0.08522748947143555,-0.14992734789848328,-0.6678785681724548,-1.164014220237732,-1.478814959526062,-1.8108879327774048,-1.9987876415252686,-1.8001015186309814,-1.3894193172454834,-1.1544946432113647,-1.0665174722671509,-1.1013789176940918,-1.1213942766189575,-1.0875935554504395,-1.3745630979537964,-1.5455726385116577,-1.8329288959503174,-1.0099140405654907,-0.5971741080284119,-0.9546287059783936,-1.2019838094711304,-1.3104716539382935,-1.369634747505188,-1.5884348154067993,-1.6653367280960083,-0.8013498783111572,-0.27801910042762756,-0.5135658383369446,0.37756064534187317,1.4735435247421265,0.40148380398750305,-0.620477020740509,-0.49689781665802,0.4003603160381317,0.9257323741912842
-1.0515739917755127,-0.9479310512542725,-0.890217661857605,-0.7597082853317261,-0.4000184237957001,-0.29663705825805664,0.07913930714130402,-0.6315703392028809,-1.1453016996383667,-1.032400131225586,-1.085379958152771,-1.4176006317138672,-1.1728365421295166,-1.362963318824768,-1.5868425369262695,-1.3941909074783325,-1.0930123329162598,-1.0537526607513428,-1.101759433746338,-0.9299125671386719,-0.5856688022613525,-1.3513809442520142,-1.6542136669158936,-1.6763274669647217,-1.406701922416687,-1.0972126722335815,-0.8863797187805176,-1.0749166011810303,-1.1199464797973633,-1.201088309288025,-1.4350006580352783,-1.2536871433258057,0.0901433527469635,0.9110743403434753,0.622588574886322,0.21690407395362854,1.440185546875,1.1202895641326904,0.3747939169406891,-0.269242525100708,-0.5604948997497559,-0.8962040543556213
-0.3671274483203888,-0.46032989025115967,-0.5472776293754578,-0.6221020817756653,-0.7996113300323486,-0.8929092884063721,-0.7287769317626953,-0.9981232285499573,-1.2345529794692993,-1.1930384635925293,-1.4485607147216797,-1.7681342363357544,-1.4313234090805054,-1.190008282661438,-1.3303760290145874,-1.2651927471160889,-1.002174735069275,-0.9521005153656006,-0.8050501346588135,-0.6575053930282593,-0.664530873298645,-1.0991426706314087,-1.0897448062896729,-1.1861082315444946,-1.1663732528686523,-1.1218881607055664,-1.021004319190979,-1.0424530506134033,-1.035865068435669,-0.9969358444213867,-1.153870701789856,-1.0278337001800537,-0.02541278302669525,1.2049291133880615,1.191970944404602,-0.23659388720989227,1.1035469770431519,1.7297782897949219,1.5329101085662842,0.584148108959198,-0.6594240069389343,-1.580392599105835
-0.06942020356655121,-0.24180400371551514,-0.39577141404151917,-0.5242137312889099,-0.7368229031562805,-0.9411440491676331,-0.8067574501037598,-1.0384594202041626,-1.2281348705291748,-1.1856319904327393,-1.4590952396392822,-1.7586674690246582,-1.6622942686080933,-1.4271957874298096,-1.3697795867919922,-1.1403473615646362,-0.8483630418777466,-0.784800112247467,-0.7370219826698303,-1.0092337131500244,-1.3718613386154175,-1.048851728439331,-0.9987590909004211,-1.104951024055481,-0.8862167000770569,-0.7913729548454285,-1.2887966632843018,-1.3301160335540771,-1.2436984777450562,-1.0118896961212158,-0.9554732441902161,-1.0166419744491577,-0.7350990176200867,0.16053640842437744,0.6954912543296814,-0.8728427290916443,0.3625924289226532,1.7831333875656128,1.8925496339797974,1.4235420227050781,0.8484681844711304,0.0006013830425217748
0.048295632004737854,-0.17167137563228607,-0.3399314880371094,-0.507885217666626,-0.9195908904075623,-1.178338646888733,-1.0987191200256348,-1.0891677141189575,-1.347554087638855,-1.2054193019866943,-1.5138496160507202,-1.6020523309707642,-1.7774311304092407,-1.6538156270980835,-1.1866775751113892,-0.8528586030006409,-0.6997280716896057,-0.7284340858459473,-1.02565598487854,-1.2931201457977295,-1.4765139818191528,-1.3189717531204224,-0.9656944274902344,-0.4457618296146393,-0.6230183243751526,-1.2034151554107666,-1.58693528175354,-1.70657479763031,-1.54639732837677,-1.1719056367874146,-0.8997731804847717,-0.8988292217254639,-0.9750612378120422,-0.7330794334411621,-0.7992107272148132,-1.754886269569397,-1.1751580238342285,0.03298436477780342,0.4148464798927307,0.09826016426086426,0.46867668628692627,0.7767003178596497
0.048176661133766174,-0.1770220547914505,-0.3426116406917572,-0.5526570081710815,-1.111985206604004,-1.2698646783828735,-1.134315013885498,-1.194933533668518,-1.5466465950012207,-1.1857155561447144,-1.3948185443878174,-1.455634593963623,-1.7325571775436401,-1.3987427949905396,-0.6918730139732361,-0.7097665667533875,-0.8819775581359863,-1.0815598964691162,-1.0646299123764038,-1.059488296508789,-1.2072558403015137,-0.7749354243278503,0.20100755989551544,0.2984409034252167,-1.0746079683303833,-1.451042890548706,-1.568801760673523,-1.5939265489578247,-1.4623193740844727,-1.0676944255828857,-0.9190772771835327,-0.4349372386932373,-0.49900418519973755,-0.7247962951660156,-1.1688240766525269,-1.6936094760894775,-1.7959922552108765,-1.5021508932113647,-1.099257469177246,-1.1550382375717163,-0.5462125539779663,0.6887497901916504
-0.20972660183906555,-0.35113704204559326,-0.4761171340942383,-0.6526485085487366,-1.1345797777175903,-1.233052134513855,-0.8884068727493286,-0.9579991698265076,-1.096177101135254,-1.127264142036438,-1.3257195949554443,-1.4394500255584717,-1.184171438217163,-0.48747938871383667,-0.09419474750757217,-0.6531693339347839,-1.05044424533844,-1.1782400608062744,-0.7556853294372559,-1.1199469566345215,-1.1790887117385864,-0.09011148661375046,0.37749841809272766,-0.6962403059005737,-1.3343266248703003,-1.2808893918991089,-1.323581576347351,-1.1797175407409668,-1.004115104675293,-0.5046590566635132,-0.3060917854309082,0.3807271420955658,0.2967590391635895,-0.12325902283191681,-0.8697383403778076,-1.813457727432251,-1.7159982919692993,-1.3159894943237305,-1.034879446029663,-0.8368472456932068,-0.5374467372894287,0.2837812006473541
-0.5502824187278748,-0.5926938652992249,-0.6163519620895386,-0.6979498267173767,-0.9817788600921631,-1.2964199781417847,-1.0414891242980957,-0.8945746421813965,-0.6936637163162231,-0.7472268342971802,-1.060716986656189,-1.240127682685852,-0.6744385361671448,-0.41483062505722046,-0.15119066834449768,-0.5321633815765381,-0.8636832237243652,-0.8732641339302063,-0.7777247428894043,-0.9238779544830322,-0.6538605093955994,-0.25068598985671997,-0.8074938058853149,-1.4347693920135498,-1.179080843925476,-1.234968662261963,-1.1771814823150635,-0.9960472583770752,-0.6690013408660889,-0.25277215242385864,-0.11909706890583038,0.16470327973365784,0.14542733132839203,-0.46253085136413574,-1.5045084953308105,-2.0798137187957764,-1.4924163818359375,-0.9949104189872742,-0.9559952616691589,-0.8035683035850525,-0.367452472448349,0.09759224206209183
-0.662289023399353,-0.6887966990470886,-0.6618712544441223,-0.6441280245780945,-0.7038683891296387,-1.1283063888549805,-1.1860548257827759,-1.2453181743621826,-1.2042622566223145,-0.9723314046859741,-0.7767310738563538,-0.735163688659668,-0.7870374917984009,-0.9289977550506592,-0.6549044847488403,-0.45023611187934875,-0.6515929698944092,-0.9562958478927612,-0.8531723022460938,-0.14751435816287994,0.2598344385623932,-0.6689546704292297,-1.3834439516067505,-1.1642262935638428,-1.15396249294281,-1.0737409591674805,-1.0782235860824585,-1.1179708242416382,-0.5396865010261536,0.08103334903717041,0.5372024178504944,0.15995532274246216,-0.23884262144565582,-1.1701366901397705,-1.633693814277649,-1.5048339366912842,-0.8506966233253479,-0.7611953020095825,-0.9036400318145752,-0.7487608194351196,-0.6598923206329346,-0.3987088203430176
-0.7060061693191528,-0.7211300730705261,-0.6529128551483154,-0.5987598896026611,-0.45428720116615295,-0.7820850014686584,-1.0347117185592651,-1.2522897720336914,-1.5692684650421143,-1.5087559223175049,-1.4646899700164795,-0.5799323916435242,-0.8390243649482727,-0.8651674389839172,-0.8228463530540466,-0.4543139338493347,-0.6668535470962524,-0.932129979133606,-0.7378380298614502,-0.13740912079811096,-0.38676881790161133,-1.2624080181121826,-1.493431568145752,-1.339762568473816,-1.0932708978652954,-0.8948850035667419,-1.2585382461547852,-1.3942756652832031,-1.0977165699005127,-0.3860880732536316,0.042081862688064575,-0.15729734301567078,-0.5214090347290039,-0.9546590447425842,-0.9291929006576538,-0.6811025142669678,-0.46440261602401733,-0.7469813227653503,-0.6587087512016296,-0.6045674085617065,-0.8973308801651001,-1.3998124599456787
-0.6813103556632996,-0.6663927435874939,-0.5801483392715454,-0.5074827075004578,-0.3181443512439728,-0.4635840654373169,-0.8186495304107666,-1.158461570739746,-1.3755377531051636,-1.5809684991836548,-1.7381705045700073,-1.2062819004058838,-0.9196830987930298,-0.8412362933158875,-0.7624131441116333,-0.27693861722946167,-0.23999135196208954,-0.2516217529773712,-0.4123794138431549,-0.8257830142974854,-1.418892741203308,-1.5200269222259521,-1.4186928272247314,-1.338539719581604,-1.0001360177993774,-0.9133414626121521,-1.3963637351989746,-1.3539669513702393,-1.0210602283477783,-0.2870754301548004,-0.42738309502601624,-0.3136864900588989,-0.5705193281173706,-0.7708668112754822,-0.6118531227111816,-0.5282974243164062,-0.6993440985679626,-0.8461725115776062,-0.7636575698852539,-1.0419031381607056,-0.9561823606491089,-1.6336963176727295
-0.5145514607429504,-0.4665044844150543,-0.3924068510532379,-0.36228299140930176,-0.40233269333839417,-0.47397086024284363,-0.5537404417991638,-0.8973610401153564,-1.2206089496612549,-1.506961464881897,-1.5050950050354004,-1.6535519361495972,-1.1254569292068481,-0.6688538789749146,-0.6871780157089233,-0.6238847970962524,-0.41572898626327515,-0.3483104705810547,-0.6338800191879272,-1.1812431812286377,-1.3779889345169067,-1.2408066987991333,-1.1042574644088745,-1.0064780712127686,-0.771258533000946,-0.9087821841239929,-1.32762610912323,-0.8259180188179016,0.32352256774902344,1.1218719482421875,1.1157546043395996,0.20279991626739502,-0.6991037130355835,-0.8889592289924622,-0.6275457143783569,-0.7224314212799072,-0.9447336196899414,-1.0496063232421875,-1.4380818605422974,-1.5966854095458984,-1.1918694972991943,-1.3642646074295044
-0.2950010299682617,-0.2402002513408661,-0.19112543761730194,-0.1718025505542755,-0.17693056166172028,-0.3193756639957428,-0.09412814676761627,-0.5431779623031616,-1.0331305265426636,-1.4848359823226929,-1.6346378326416016,-1.6201318502426147,-1.2348568439483643,-0.5654907822608948,0.17450979351997375,0.2412886619567871,0.036142174154520035,-0.12773913145065308,-0.35589784383773804,-0.39105555415153503,-0.5641689300537109,-0.5856402516365051,-0.5116004347801208,-0.35634490847587585,-0.5823373198509216,-0.6411615014076233,-0.5214298367500305,0.348978191614151,1.4098902940750122,2.170410394668579,1.947023868560791,0.5010722875595093,-0.23336942493915558,-0.18094950914382935,-0.004175706300884485,-0.3118788003921509,-0.5963820219039917,-1.1104830503463745,-1.3699971437454224,-0.9721493721008301,-0.7688716650009155,-1.0285543203353882
-0.1412498950958252,-0.08163195848464966,-0.04437699913978577,-0.07974998652935028,-0.26220566034317017,-0.337667852640152,-0.12928207218647003,-0.44293978810310364,-0.9646739959716797,-1.4677200317382812,-1.5996716022491455,-1.5070228576660156,-1.261093258857727,-0.7440195083618164,-0.14779579639434814,0.8527925610542297,1.0169802904129028,0.6584758758544922,0.5101485848426819,0.5009692311286926,0.6205183267593384,0.29380977153778076,-0.14180448651313782,-0.37756699323654175,-0.6771649718284607,-0.7524915337562561,-0.16921159625053406,0.445923775434494,0.35363274812698364,1.3649632930755615,1.737892508506775,1.109259009361267,0.9044498801231384,0.8647469282150269,0.22824037075042725,-0.5103304982185364,-0.8193759918212891,-0.8228230476379395,-0.6193557381629944,-0.30319082736968994,-0.5324467420578003,-0.7427787184715271
0.010410686023533344,0.07377176731824875,0.10465120524168015,0.026747357100248337,-0.3319821059703827,-0.4501391053199768,-0.3429737687110901,-0.5859636068344116,-1.2053724527359009,-1.5233615636825562,-1.607404351234436,-1.4365848302841187,-1.2653077840805054,-0.663716733455658,-0.11431718617677689,0.5012805461883545,1.0427944660186768,0.7094218730926514,0.5165776014328003,0.5215325951576233,0.6453323364257812,0.8691574335098267,0.7870447039604187,0.28705254197120667,0.015348083339631557,-0.113358274102211,0.33388012647628784,-0.45954450964927673,-1.5721328258514404,-0.15340988337993622,1.3611406087875366,0.8545088171958923,0.29940909147262573,-0.05512344837188721,-1.3008610010147095,-1.695618987083435,-1.1889574527740479,-0.13331182301044464,0.6676811575889587,0.3912990987300873,-0.24151639640331268,-0.7839322090148926
0.1549823135137558,0.2281929850578308,0.23946452140808105,0.016550583764910698,-0.8401007652282715,-0.8949609398841858,-0.9742338061332703,-0.9907123446464539,-1.4552128314971924,-1.5137372016906738,-1.4815772771835327,-1.393089771270752,-0.9671418070793152,-0.6376128792762756,0.3310844600200653,1.058793306350708,1.4359261989593506,1.2916290760040283,0.7747398018836975,0.75628662109375,0.5010161399841309,0.3867313861846924,0.18752530217170715,-0.06160349026322365,0.11134351789951324,0.40427330136299133,0.09222960472106934,-1.5348079204559326,-1.9526500701904297,-0.8397642374038696,1.1461842060089111,1.3880763053894043,0.4204395115375519,-0.8293633460998535,-1.6794503927230835,-1.4711209535598755,-0.6503634452819824,0.13154926896095276,0.6255571842193604,0.23137052357196808,0.4976622462272644,-0.5990774035453796
0.2769600749015808,0.37335848808288574,0.36673760414123535,0.12365470826625824,-0.6843401789665222,-0.8723199963569641,-0.9637697339057922,-1.1357778310775757,-1.3817381858825684,-1.3864505290985107,-1.300456166267395,-1.0456106662750244,-0.6567124128341675,-0.17595946788787842,0.306707501411438,1.1266299486160278,1.8770177364349365,1.9110625982284546,1.3926807641983032,1.112671971321106,0.9578500986099243,0.1460055112838745,-0.3174583613872528,-0.36528655886650085,0.1941661834716797,0.7979363203048706,0.4515130817890167,-0.12941639125347137,-0.3148566782474518,-0.5090509653091431,0.2997460961341858,1.4099485874176025,1.13167405128479,-0.027190880849957466,-0.24237966537475586,-0.25178128480911255,-0.26136335730552673,-0.46054282784461975,-1.0818639993667603,-1.3747485876083374,-0.31533193588256836,-1.0098536014556885
