demo/1400-wind-surface-level-gfs-1.0.json
{"header": {"discipline": 0, "disciplineName": "Meteorological products", "gribEdition": 2, "gribLength": 11338.0, "center": 0, "centerName": "WRF OUTPUT", "subcenter": 0, "refTime": "2020-10-09T12:00:00.000Z", "significanceOfRT": 1, "significanceOfRTName": "Start of forecast", "productStatus": 0, "productStatusName": "Operational products", "productType": 1, "productTypeName": "Forecast products", "productDefinitionTemplate": 0, "productDefinitionTemplateName": "Analysis/forecast at horizontal level/layer at a point in time", "parameterCategory": 2, "parameterCategoryName": "Momentum", "parameterNumber": 2, "parameterNumberName": "U-component_of_wind", "parameterUnit": "m.s-1", "genProcessType": 2, "genProcessTypeName": "Forecast", "forecastTime": 0, "surface1Type": 103, "surface1TypeName": "Specified height level above ground", "surface1Value": 10, "surface2Type": 255, "surface2TypeName": "Missing", "surface2Value": 0, "gridDefinitionTemplate": 0, "gridDefinitionTemplateName": "Latitude_Longitude", "numberPoints": 65160, "shape": 6, "shapeName": "Earth spherical with radius of 6,371,229.0 m", "gridUnits": "degrees", "resolution": 48, "winds": "true", "scanMode": 0, "nx": 70.0, "ny": 70.0, "basicAngle": 0, "subDivisions": 0, "lo1": 12.008544921875, "la1": 43.66691207885742, "lo2": 13.70867919921875, "la2": 42.426788330078125, "dx": 0.024617210030555725, "dy": 0.01798853650689125}, "data":
[rows 19 to 37 of 70, columns 0 to 42 of 70]
3.421328067779541,3.2954936027526855,2.8790812492370605,2.385550022125244,2.1637027263641357,2.175346851348877,1.304412841796875,-0.30955153703689575,-0.18802079558372498,0.2419387400150299,-0.11719584465026855,-0.47737595438957214,-0.5163075923919678,0.18670257925987244,1.0214669704437256,1.617938756942749,1.7641385793685913,1.953286051750183,2.1640782356262207,2.356572151184082,2.5881152153015137,2.5268936157226562,2.2774715423583984,2.265338897705078,2.483522891998291,2.7073662281036377,2.7726290225982666,2.473294973373413,1.4417227506637573,1.0296378135681152,1.3207159042358398,2.593636989593506,1.8382099866867065,-0.7802748680114746,-1.0438363552093506,-0.5433926582336426,-0.34426289796829224,-0.12743227183818817,-0.2128649353981018,-0.14815393090248108,0.24746057391166687,1.082437515258789,2.4620308876037598
3.4020001888275146,3.3311514854431152,2.9008631706237793,2.6123223304748535,2.296081781387329,2.301011085510254,2.193873643875122,0.8458622097969055,0.2713211178779602,0.29849663376808167,0.5765471458435059,1.1057946681976318,0.3709280788898468,0.026990070939064026,0.6652568578720093,1.0844359397888184,1.6709474325180054,2.2073590755462646,2.2586734294891357,2.330153465270996,2.5784287452697754,2.7126576900482178,2.2346150875091553,1.5784971714019775,1.460904836654663,1.8190736770629883,2.1963932514190674,2.41864013671875,2.127964496612549,1.7480056285858154,1.484341025352478,2.2245383262634277,2.4992306232452393,0.10431277751922607,-0.8531530499458313,-0.27528226375579834,-0.431307315826416,-0.3665972650051117,-0.6387403011322021,-0.4463772475719452,-0.01285463571548462,0.6046006679534912,2.1829206943511963
3.381366729736328,3.3199758529663086,2.8656487464904785,2.512784242630005,2.297703742980957,2.4487104415893555,2.409000873565674,1.551009178161621,0.808545708656311,0.5363143682479858,0.857891321182251,1.6924810409545898,1.3541090488433838,0.4880892336368561,0.4277562201023102,0.627941906452179,1.377373456954956,2.0827090740203857,2.1956377029418945,2.3660030364990234,2.566527843475342,2.576425313949585,1.9074757099151611,1.081689476966858,1.084419846534729,1.2071092128753662,1.4015088081359863,1.8577756881713867,1.8738765716552734,1.7794811725616455,1.6149258613586426,2.1245384216308594,2.8841168880462646,0.9416940808296204,-0.11527994275093079,0.3118693232536316,-0.5302906632423401,-0.8766340017318726,-0.9099599123001099,-0.45506125688552856,-0.11425463110208511,0.24706578254699707,1.5224369764328003
3.3138318061828613,3.263658285140991,2.7598257064819336,2.318422317504883,2.3445260524749756,2.5105276107788086,2.3723721504211426,2.0184879302978516,1.4786067008972168,1.490100622177124,1.8329846858978271,2.0262956619262695,1.3581891059875488,0.2763432264328003,-0.12812133133411407,-0.020410090684890747,0.9294873476028442,2.008406639099121,2.4525394439697266,2.5670981407165527,2.670430898666382,2.7050013542175293,2.498528480529785,1.6294705867767334,0.7020545601844788,0.5909274816513062,1.0823167562484741,1.4055206775665283,1.6764490604400635,1.9727814197540283,1.7633607387542725,1.8058090209960938,3.0441839694976807,2.248159408569336,0.6768282651901245,0.43242257833480835,-0.659034252166748,-1.1380479335784912,-0.9093708992004395,-0.4546251893043518,-0.10990532487630844,0.30357807874679565,1.102643370628357
3.244847297668457,3.163714647293091,2.565593719482422,2.173801898956299,2.17737078666687,2.205169677734375,2.2557811737060547,2.1680643558502197,1.7175548076629639,2.1249828338623047,2.465390682220459,0.9454030990600586,0.03628768026828766,0.2757180631160736,-0.407606303691864,-0.7571806907653809,0.11995342373847961,1.2806540727615356,2.000871181488037,2.1549410820007324,2.380013942718506,2.5754013061523438,2.898439407348633,2.881244659423828,1.9889535903930664,1.3358750343322754,1.4522628784179688,1.5774250030517578,1.9386961460113525,2.315062999725342,1.8264093399047852,1.3792526721954346,2.5594563484191895,2.9824771881103516,1.3470388650894165,0.08640590310096741,-0.7750705480575562,-1.1674785614013672,-1.0438100099563599,-0.5270737409591675,-0.21720759570598602,0.07634273171424866,0.8157449960708618
3.147688865661621,3.0149877071380615,2.3276405334472656,1.8932780027389526,1.763559103012085,1.9530704021453857,2.4023313522338867,2.381908416748047,1.8730292320251465,2.230456829071045,2.5413296222686768,0.5264331102371216,-0.47258371114730835,1.250014066696167,1.4247301816940308,-0.37435096502304077,-0.5054671168327332,0.742192804813385,1.5884273052215576,2.1090121269226074,2.3572189807891846,2.451125144958496,2.7770469188690186,2.616931915283203,1.7981798648834229,1.6024837493896484,1.8765156269073486,1.9479498863220215,2.1405463218688965,2.45292067527771,2.0393519401550293,1.3556991815567017,1.809000015258789,3.134221315383911,1.8233089447021484,-0.03283783048391342,-0.40193411707878113,-1.070375919342041,-1.136337161064148,-0.7135742902755737,-0.27862539887428284,0.15235701203346252,0.35706913471221924
3.0298056602478027,2.7938661575317383,2.0712742805480957,1.3472423553466797,1.2369790077209473,1.90835702419281,2.5188913345336914,2.3193533420562744,2.0299744606018066,2.4027438163757324,2.815882682800293,1.5093634128570557,0.08678168058395386,1.2776449918746948,1.6501801013946533,-0.618457019329071,-0.9629673361778259,0.3550190329551697,1.1252886056900024,1.730068564414978,2.034966468811035,2.238786220550537,2.6967575550079346,2.564202308654785,1.7731423377990723,1.781296968460083,2.204200267791748,2.266934633255005,2.3022637367248535,2.584378242492676,2.482445240020752,1.5658206939697266,1.752969741821289,2.7998695373535156,0.2411426305770874,-0.5742901563644409,0.3904505670070648,-0.754306435585022,-0.8755617141723633,-0.6219741106033325,-0.5311150550842285,-0.11160014569759369,-0.29129505157470703
2.872018575668335,2.6163668632507324,1.7838653326034546,0.6231218576431274,0.4140666127204895,1.3626704216003418,2.052517890930176,2.3067195415496826,2.5331664085388184,2.7196803092956543,2.719142198562622,1.7355537414550781,0.7463034987449646,1.6636061668395996,2.2230982780456543,-0.2464911937713623,-1.3696043491363525,-0.1777602732181549,0.6102766990661621,1.2645642757415771,1.7062828540802002,2.045764207839966,2.50295352935791,2.5091023445129395,1.9130979776382446,1.838435173034668,2.351095199584961,2.558952808380127,2.401979923248291,2.4881677627563477,2.542391777038574,1.5187345743179321,1.6034237146377563,3.014026641845703,0.9145023226737976,-0.15269172191619873,0.7502223253250122,-0.29020825028419495,0.2730024755001068,-0.09999698400497437,-1.5312905311584473,-0.8662359714508057,-0.6265763640403748
2.6670775413513184,2.4420673847198486,1.5790281295776367,0.49963676929473877,-0.037078455090522766,0.18020714819431305,0.750744104385376,1.5881181955337524,2.6575422286987305,3.116879940032959,2.7915449142456055,1.8371386528015137,1.2356302738189697,1.6333999633789062,2.772355794906616,1.7748534679412842,-0.926616907119751,-1.1517724990844727,0.02469867467880249,0.8721171617507935,1.4026767015457153,1.7153031826019287,2.2156314849853516,2.27376651763916,1.9843246936798096,2.0502641201019287,2.4163663387298584,2.665598154067993,2.541445732116699,2.4600491523742676,2.604086399078369,1.651118278503418,1.327282190322876,2.863931655883789,2.9753270149230957,1.6960147619247437,1.4907695055007935,0.9953586459159851,0.694675624370575,-0.19612175226211548,-1.7635219097137451,-1.211821436882019,-0.6409847736358643
2.6046507358551025,2.432892322540283,1.2989568710327148,-0.15660405158996582,-0.610007643699646,0.012022614479064941,0.48692983388900757,1.2688016891479492,2.5428426265716553,3.105693817138672,2.882814884185791,2.265122890472412,1.847551941871643,2.035313606262207,2.651404857635498,2.4963738918304443,0.24311500787734985,-1.1156010627746582,-0.5391422510147095,0.24056652188301086,1.0197280645370483,1.4455803632736206,1.830757737159729,2.057281732559204,2.183845281600952,2.2623672485351562,2.357598304748535,2.5821075439453125,2.501181125640869,2.1330947875976562,2.260484218597412,1.7310734987258911,1.1730128526687622,2.2310914993286133,2.9331908226013184,2.24820613861084,2.4092817306518555,1.9303086996078491,0.4306465983390808,-0.561031699180603,-1.417158603668213,-1.2523733377456665,-0.7462642192840576
2.322071075439453,2.115626573562622,0.8304820656776428,-0.9000341296195984,-1.2972307205200195,-0.4382035434246063,0.2536703646183014,1.2325066328048706,2.409083366394043,3.0418577194213867,2.8543405532836914,2.3420286178588867,2.363776206970215,2.4508566856384277,2.4761815071105957,2.262500286102295,0.7583051919937134,-0.24143409729003906,-0.2509844899177551,-0.04470929503440857,0.76804518699646,1.2154297828674316,1.3537538051605225,1.859565019607544,2.3122668266296387,2.277149200439453,2.190225601196289,2.35853910446167,2.4629478454589844,2.032785654067993,1.7471749782562256,1.394300937652588,1.0600460767745972,1.9462635517120361,2.5712475776672363,1.8138184547424316,2.328131914138794,2.2940473556518555,0.1567607820034027,-0.7734100818634033,-1.3466449975967407,-1.6215059757232666,-0.8112399578094482
1.798238754272461,1.5942057371139526,0.3509061634540558,-1.5545541048049927,-1.8597270250320435,-0.7952027320861816,-0.126946821808815,0.9175223112106323,2.0873680114746094,2.769388198852539,2.728888988494873,2.402881383895874,2.5903749465942383,2.751145839691162,2.238832950592041,1.7409663200378418,0.7274848222732544,-0.11912530660629272,0.09849739074707031,0.22312131524085999,0.5865613222122192,0.9676967859268188,1.0846319198608398,1.8205196857452393,2.33398699760437,2.175901412963867,2.244943141937256,2.299307346343994,2.5009753704071045,2.6059138774871826,1.7116049528121948,0.5777353644371033,0.8565753698348999,2.1323914527893066,2.7757530212402344,1.9700510501861572,2.0423572063446045,2.5402605533599854,0.628180742263794,-0.7197180390357971,-1.4469059705734253,-1.725684642791748,-0.5689037442207336
1.376065731048584,1.1712020635604858,0.04446280002593994,-1.8277488946914673,-2.0934176445007324,-1.075966715812683,-0.48744431138038635,0.5186209082603455,1.5966687202453613,2.4044189453125,2.4801130294799805,2.0754141807556152,2.3790228366851807,2.6959750652313232,2.279702663421631,1.8214019536972046,1.2425882816314697,0.14695975184440613,0.16966792941093445,0.40615150332450867,0.3190811574459076,0.7326332330703735,0.9682005643844604,1.6759462356567383,2.181769847869873,2.202683687210083,2.2629404067993164,2.358008861541748,2.615133285522461,3.1260061264038086,2.357489585876465,0.7210579514503479,0.9279570579528809,2.1394176483154297,2.6907527446746826,2.660670757293701,2.6833865642547607,2.5217232704162598,1.6150647401809692,0.3330450654029846,-1.4135441780090332,-1.6536449193954468,-0.37347596883773804
1.1751986742019653,1.0658384561538696,0.16399222612380981,-1.3372935056686401,-1.992306113243103,-1.2876960039138794,-0.2876254916191101,0.5683161020278931,1.2668216228485107,2.054755687713623,1.874711513519287,1.365363597869873,1.5898287296295166,2.001164436340332,2.0831503868103027,1.7093801498413086,1.2828128337860107,0.6465234756469727,0.5712822675704956,0.7118642330169678,0.565055251121521,0.8194694519042969,0.9783403873443604,1.348193645477295,1.817131757736206,2.1273672580718994,2.5092716217041016,2.4749674797058105,2.5029146671295166,2.6246094703674316,1.3851430416107178,0.6340211033821106,1.3758962154388428,2.076960563659668,2.4752578735351562,2.716257333755493,3.050762176513672,2.0201003551483154,0.8021419048309326,-0.1755671501159668,-1.807318925857544,-1.6659867763519287,-0.4293934404850006
0.8655362129211426,0.8063879013061523,0.12947581708431244,-0.7277025580406189,-0.8814413547515869,-0.4721378684043884,0.120644211769104,0.634144127368927,1.0203874111175537,1.449728012084961,1.1093471050262451,0.5802510380744934,0.89056795835495,1.5335280895233154,1.6109764575958252,1.4892557859420776,1.0134648084640503,0.5863176584243774,0.8059110641479492,0.9825161695480347,0.9685864448547363,1.166910171508789,1.0354021787643433,1.096217393875122,1.4657477140426636,1.7354779243469238,2.266633987426758,2.2236063480377197,1.9436089992523193,0.8911363482475281,-0.09854496270418167,0.8555974364280701,2.054957389831543,2.1823971271514893,2.058753728866577,2.490483522415161,3.153578996658325,2.1178395748138428,0.07096290588378906,-0.9616351127624512,-1.7516376972198486,-1.655400037765503,-1.0588080883026123
0.49199026823043823,0.45857498049736023,0.014379054307937622,-0.5827605724334717,-0.5722120404243469,-0.15193061530590057,0.4177020788192749,0.4808543622493744,0.14392629265785217,0.509231686592102,0.6400521993637085,0.49016761779785156,0.7454631328582764,1.1166359186172485,1.25392746925354,1.1153576374053955,0.6840155720710754,0.5369256138801575,0.8207094073295593,1.1856606006622314,1.1392624378204346,1.1440595388412476,1.213470220565796,1.3023159503936768,1.3399596214294434,1.2707505226135254,2.080186367034912,1.6785500049591064,-0.5715587139129639,-1.2563858032226562,-0.23751693964004517,0.8686126470565796,1.9903265237808228,2.3660764694213867,2.089419364929199,2.320301055908203,2.9687070846557617,3.094118595123291,2.5352871417999268,0.26479536294937134,-1.8104581832885742,-1.8187848329544067,-1.7507526874542236
0.10519024729728699,0.09741878509521484,-0.09739916771650314,-0.6161623597145081,-0.4741929769515991,0.00877448171377182,0.12455667555332184,-0.2328752875328064,-0.42275482416152954,0.15476882457733154,0.23519152402877808,0.26013123989105225,0.7321475148200989,1.0447198152542114,0.9864519834518433,0.7489612102508545,0.45697081089019775,0.5297268629074097,0.8981398344039917,1.1868016719818115,1.1854465007781982,1.1835601329803467,1.1501193046569824,1.2554888725280762,1.3564045429229736,1.0499497652053833,1.8072388172149658,2.5713837146759033,0.6982382535934448,-0.5833536982536316,0.35998693108558655,1.1351568698883057,1.8092236518859863,2.5050485134124756,2.49569034576416,2.187323570251465,2.449918270111084,2.513497829437256,2.8986635208129883,1.5144182443618774,-1.3435263633728027,-1.9719836711883545,-1.7769460678100586
-0.13852980732917786,-0.14287914335727692,-0.1941368728876114,-0.7194994688034058,-0.5620421171188354,-0.2625580430030823,-0.46231818199157715,-0.4651176929473877,-0.3399417996406555,-0.02046668902039528,-0.026065699756145477,0.3312321603298187,0.6990033984184265,0.7234219312667847,0.7439537048339844,0.508848249912262,0.4119889736175537,0.7433899641036987,1.140641212463379,1.3233821392059326,1.2506109476089478,1.1310842037200928,0.998259961605072,0.9852275252342224,1.2181282043457031,0.8942372798919678,1.3102800846099854,2.699281692504883,3.138820171356201,2.2578392028808594,1.5385373830795288,1.8218543529510498,2.2140326499938965,2.6068243980407715,2.8338027000427246,2.5654895305633545,2.4935576915740967,2.3464174270629883,2.6453561782836914,1.932674527168274,-0.9551639556884766,-1.8785637617111206,-1.3134644031524658
-0.2507516145706177,-0.26079365611076355,-0.2597654461860657,-0.853749692440033,-0.7418217062950134,-0.5203114748001099,-0.6338824033737183,-0.38956761360168457,-0.2921915352344513,0.002882920205593109,0.04259634017944336,0.12907326221466064,0.44770634174346924,0.650388240814209,0.5469827651977539,0.14518563449382782,0.1546485424041748,0.8538807034492493,1.3932466506958008,1.3937242031097412,1.1195049285888672,0.848531186580658,0.6909568309783936,0.6444827318191528,0.9943326711654663,0.8885958194732666,1.0058494806289673,1.9193525314331055,2.641050338745117,2.3890790939331055,1.9607810974121094,2.225681781768799,2.43422794342041,2.615233898162842,2.8392367362976074,2.768360137939453,2.7019689083099365,2.5207133293151855,2.717611789703369,2.0680618286132812,-0.7769469618797302,-1.54356050491333,-0.6964098215103149
