demo/1400-wind-surface-level-gfs-1.0.json
{"header": {"productDefinitionTemplate": 0, "surface1Type": 103, "productStatus": 0, "disciplineName": "Meteorological products", "subDivisions": 0, "winds": "true", "parameterNumberName": "U-component_of_wind", "discipline": 0, "surface2Value": 0, "significanceOfRTName": "Start of forecast", "surface2TypeName": "Missing", "surface2Type": 255, "productTypeName": "Forecast products", "dx": 0.024617210030555725, "dy": 0.01798853650689125, "numberPoints": 65160, "productStatusName": "Operational products", "gribEdition": 2, "parameterUnit": "m.s-1", "forecastTime": 0, "refTime": "2020-09-29T14:00:00.000Z", "productType": 1, "genProcessTypeName": "Forecast", "scanMode": 0, "genProcessType": 2, "gribLength": 11338.0, "significanceOfRT": 1, "productDefinitionTemplateName": "Analysis/forecast at horizontal level/layer at a point in time", "centerName": "WRF OUTPUT", "la1": 43.66691207885742, "la2": 42.426788330078125, "lo2": 13.70867919921875, "gridUnits": "degrees", "surface1Value": 10, "shapeName": "Earth spherical with radius of 6,371,229.0 m", "surface1TypeName": "Specified height level above ground", "nx": 70.0, "ny": 70.0, "lo1": 12.008544921875, "basicAngle": 0, "gridDefinitionTemplate": 0, "shape": 6, "parameterNumber": 2, "subcenter": 0, "parameterCategoryName": "Momentum", "parameterCategory": 2, "center": 0, "gridDefinitionTemplateName": "Latitude_Longitude", "resolution": 48}, "data":
[rows 19 to 37 of 70, columns 0 to 42 of 70]
-0.16679349541664124,-0.060954250395298004,0.18302559852600098,0.5012097358703613,1.0271345376968384,0.6030827164649963,0.45830926299095154,0.5399911403656006,-0.797016978263855,-1.2561333179473877,-0.8513335585594177,-1.0049879550933838,-1.9969409704208374,-2.3314616680145264,-1.6811795234680176,-0.8618834018707275,-0.011096480302512646,0.5351543426513672,0.7851291298866272,1.2676149606704712,1.5353996753692627,1.432287573814392,2.22012996673584,1.1089659929275513,-1.4659732580184937,-1.323415756225586,-0.5047451257705688,-0.681384801864624,-0.9472336173057556,-0.9603286385536194,-0.08194965869188309,0.23456934094429016,0.557742178440094,1.94612717628479,1.5986415147781372,0.8851661086082458,1.9336456060409546,2.2292447090148926,2.1522860527038574,2.170440196990967,1.9400835037231445,1.4719841480255127,2.1141183376312256
-0.15233750641345978,0.02941267378628254,0.36791887879371643,0.7148314714431763,0.7614122033119202,0.6130611300468445,1.038589358329773,1.2590104341506958,0.20299971103668213,-0.6344643831253052,-0.8687388300895691,-0.7873157262802124,-0.6521244645118713,-1.365356206893921,-2.0664989948272705,-1.3504652976989746,-0.0764814242720604,0.5819798707962036,0.9163246154785156,1.285115122795105,1.4378681182861328,1.741608738899231,1.6761994361877441,-0.5360503792762756,-1.7231533527374268,-0.9576335549354553,-0.7539942860603333,-0.8069139122962952,-1.0390493869781494,-0.9745045900344849,-0.25953635573387146,0.05571218952536583,0.5865000486373901,1.8021456003189087,1.662915587425232,0.7696365714073181,1.1795519590377808,1.9923081398010254,2.152963399887085,1.9289863109588623,1.9201147556304932,2.0295753479003906,2.322709560394287
-0.09501045197248459,0.12932676076889038,0.43222618103027344,0.6776389479637146,1.0129294395446777,1.2222155332565308,1.2367991209030151,1.171220064163208,0.28671637177467346,-0.9256335496902466,-1.5737693309783936,-1.3896619081497192,-0.9716256856918335,-0.7797926664352417,-1.2180501222610474,-1.1803723573684692,-0.0515429824590683,0.7775585651397705,1.0781489610671997,1.2035717964172363,1.5173829793930054,1.7723230123519897,0.728573739528656,-0.8430518507957458,-1.3580349683761597,-1.1312767267227173,-1.0607688426971436,-0.9450116157531738,-1.0915898084640503,-1.1346274614334106,-0.669238269329071,0.049362536519765854,1.1208869218826294,1.617532730102539,2.1198055744171143,1.9671157598495483,0.667023241519928,0.9927591681480408,2.072467565536499,2.1779112815856934,2.408108711242676,2.5607542991638184,2.2558958530426025
-0.012339995242655277,0.21483266353607178,0.4737672209739685,1.0084227323532104,1.2557361125946045,0.8837627172470093,0.330207884311676,0.07258571684360504,-0.3233363628387451,-0.8995200395584106,-1.4095572233200073,-1.5131027698516846,-1.5046101808547974,-1.4226665496826172,-1.1358684301376343,-0.6526197195053101,0.17356641590595245,0.9013922810554504,1.1163811683654785,1.4073545932769775,1.656869888305664,0.8656800985336304,-0.0736650601029396,-0.23884651064872742,-0.2274395078420639,-0.5848121643066406,-1.1264684200286865,-0.9953609704971313,-1.0286396741867065,-1.2766284942626953,-0.6563940644264221,0.7692371606826782,1.9876620769500732,1.9237104654312134,2.4535441398620605,1.921897053718567,-0.6723276376724243,-0.69290691614151,1.3846110105514526,2.283947229385376,2.401566505432129,2.112682342529297,1.5143189430236816
0.0007251687347888947,0.21261946856975555,0.43768417835235596,1.0608901977539062,0.9703576564788818,0.04949527233839035,-0.48903194069862366,-0.43701809644699097,-0.4965322017669678,-0.8986237049102783,-1.0459660291671753,-0.7481661438941956,-1.0510660409927368,-1.4431650638580322,-1.20090651512146,-0.4870287775993347,0.395192950963974,1.052746057510376,1.359606385231018,1.8918986320495605,1.2392401695251465,-0.2599657475948334,-0.4189819395542145,-0.1212959811091423,0.00641240319237113,-0.06178611144423485,-0.8435418605804443,-1.0655134916305542,-0.9059138298034668,-1.2421417236328125,-0.5781986713409424,1.270414113998413,2.3286428451538086,1.7639590501785278,2.143317461013794,1.1200592517852783,-1.8099174499511719,-1.2126749753952026,0.9921786785125732,1.9042606353759766,1.9489312171936035,1.9098026752471924,1.9580177068710327
-0.001259185024537146,0.15938755869865417,0.3043927848339081,0.6464734673500061,0.21878397464752197,-0.564062774181366,-0.8266292214393616,-0.7119656801223755,-0.7647815942764282,-1.161372184753418,-1.145574927330017,-0.5070815682411194,-0.6972458958625793,-1.432283639907837,-1.1803820133209229,-0.16808785498142242,0.6609702110290527,1.3112126588821411,1.4811773300170898,1.6187714338302612,0.5511578321456909,-0.6188790202140808,-0.4689297676086426,-0.11278384178876877,0.20390082895755768,0.08225589245557785,-0.4751708507537842,-0.7759125828742981,-0.5984817743301392,-0.8484140634536743,-0.2968502938747406,1.4686745405197144,2.331758499145508,1.4337451457977295,0.3376072347164154,-0.8481775522232056,-1.8257523775100708,-0.5137442350387573,1.3708897829055786,1.817015528678894,1.6029492616653442,1.8544923067092896,1.9413540363311768
-0.055278077721595764,-0.015873728320002556,0.004614117555320263,0.021825818344950676,-0.4704626202583313,-1.0594779253005981,-1.249564290046692,-1.0204135179519653,-0.8017318248748779,-1.2184473276138306,-1.2535868883132935,-0.5908990502357483,-0.4614994525909424,-1.0732059478759766,-0.9485628008842468,0.06026827543973923,0.9464060664176941,1.3181382417678833,1.1321576833724976,1.2353683710098267,0.5538912415504456,-0.3857066035270691,-0.27717459201812744,0.1182313859462738,0.17517773807048798,-0.09593340009450912,-0.23226866126060486,-0.2594481408596039,-0.030336804687976837,-0.16354458034038544,0.11249672621488571,1.2830040454864502,2.0038695335388184,1.6401268243789673,-0.302581787109375,-0.7790950536727905,0.06851182878017426,0.3166269063949585,1.5647757053375244,1.9449520111083984,1.2917407751083374,1.2183938026428223,1.798927903175354
-0.06149351969361305,-0.05896914750337601,-0.15288013219833374,-0.4726654291152954,-0.8413196802139282,-1.1622847318649292,-1.306280493736267,-1.2165229320526123,-1.1047531366348267,-1.1066340208053589,-1.0807337760925293,-0.745288610458374,-0.3952597379684448,-0.5294086933135986,-0.4841630160808563,0.14831094443798065,0.900363028049469,0.730236828327179,0.6745038628578186,1.125855803489685,0.23769639432430267,-0.022981928661465645,0.5649658441543579,0.17036017775535583,-0.4586752653121948,-0.482341468334198,-0.23245373368263245,0.0053556691855192184,0.4759766757488251,0.3962579667568207,0.4804878830909729,1.2874951362609863,1.8915542364120483,2.050726890563965,0.8015268445014954,-0.1027490571141243,0.6811587810516357,1.32127046585083,1.821366310119629,2.399339199066162,2.034200668334961,1.112030029296875,1.833125352859497
-0.01840985380113125,-0.0609494112432003,-0.3396919071674347,-0.9436444044113159,-1.0899261236190796,-0.9213728904724121,-1.1139947175979614,-1.2712448835372925,-1.3381812572479248,-1.2143995761871338,-0.9837993383407593,-0.824242889881134,-0.14263412356376648,0.27600452303886414,-0.40336573123931885,-0.2334960550069809,0.6346897482872009,0.7085766792297363,0.9289486408233643,0.7801362872123718,0.4903886020183563,1.0781497955322266,0.41629672050476074,-0.7528015971183777,-0.7677796483039856,-0.30292749404907227,-0.016101542860269547,0.16013748943805695,0.681440532207489,0.6099759340286255,0.876560389995575,1.6764940023422241,1.9810919761657715,1.9965214729309082,1.0877010822296143,0.2690795958042145,0.7894876599311829,1.465602993965149,1.839869737625122,2.2447972297668457,2.283287286758423,1.776350736618042,1.829687237739563
0.026665661484003067,-0.037351153790950775,-0.4609365165233612,-1.1835380792617798,-1.046378254890442,-0.9094348549842834,-1.026003122329712,-0.782395601272583,-1.0809212923049927,-1.5616424083709717,-1.3518023490905762,-0.3782866597175598,0.5189064741134644,0.4645029902458191,-0.7491768002510071,-0.683944046497345,0.5522533655166626,1.020072340965271,1.0480759143829346,0.7431161403656006,1.326459288597107,1.2806458473205566,-0.7026538252830505,-0.9859045743942261,-0.37811776995658875,-0.19621002674102783,0.2814532220363617,0.4118961691856384,0.8969578146934509,0.8629871010780334,1.3046542406082153,2.0886495113372803,1.9653171300888062,1.851399302482605,1.0865650177001953,0.631057620048523,1.4091176986694336,1.957061767578125,2.1093268394470215,2.350001335144043,2.4646477699279785,2.570157527923584,2.253727912902832
-0.06735603511333466,-0.10746133327484131,-0.419894278049469,-1.1322981119155884,-1.022917628288269,-0.7147902846336365,-0.871597170829773,-0.6383639574050903,-0.33442819118499756,-1.0349916219711304,-1.561477780342102,-0.13944657146930695,0.5907822251319885,0.31934234499931335,-0.5767222046852112,-0.7746235728263855,0.4392809271812439,0.9972521066665649,1.2625478506088257,1.3347094058990479,1.7199056148529053,0.8727367520332336,-0.5963090658187866,-0.6052958369255066,-0.3691328465938568,0.11386527121067047,0.46362048387527466,0.5856326818466187,1.0842949151992798,1.0987993478775024,1.540953278541565,2.0346829891204834,1.9143340587615967,1.6892943382263184,1.2747206687927246,1.381813883781433,2.109527826309204,2.130162000656128,2.1209664344787598,2.52726411819458,2.597719669342041,2.5064921379089355,0.677868127822876
-0.01947794109582901,-0.023997226729989052,-0.3658970892429352,-1.1083616018295288,-1.110984206199646,-0.7677618265151978,-0.9107120633125305,-0.9590638279914856,-0.3663029968738556,-0.034026965498924255,-0.6184507012367249,-0.2438400685787201,0.2289220243692398,0.4293592870235443,0.027582203969359398,-0.4958094656467438,-0.011840787716209888,0.8324584364891052,1.6071255207061768,1.54952073097229,0.9123132824897766,-0.05500286817550659,-0.4256410002708435,-0.25739601254463196,-0.033184271305799484,0.20391009747982025,0.24719750881195068,0.6242533922195435,1.1446659564971924,1.2263226509094238,1.5259698629379272,1.9614604711532593,1.8266346454620361,1.5275028944015503,1.645977258682251,2.0910229682922363,2.2743568420410156,2.125037670135498,2.2713067531585693,2.472172975540161,2.564230442047119,2.197195053100586,0.46376195549964905
0.09996788948774338,0.15132908523082733,-0.2983269691467285,-1.0244473218917847,-1.1337026357650757,-0.9488986134529114,-1.0275216102600098,-1.1564968824386597,-0.7251142263412476,-0.1342274248600006,0.42863714694976807,0.5000731348991394,0.16077257692813873,0.4949273467063904,0.2686929702758789,-0.4512235224246979,-0.2614317834377289,0.7295470237731934,1.3870055675506592,1.2574543952941895,0.4319845736026764,0.018797120079398155,0.011693032458424568,-0.02864406257867813,0.552445650100708,0.29484960436820984,-0.007277872413396835,0.588739812374115,1.4065214395523071,1.567036509513855,1.3452304601669312,1.7552361488342285,1.5072944164276123,1.4204319715499878,1.7994416952133179,2.1607718467712402,2.0967235565185547,1.9804084300994873,2.361908435821533,2.4043593406677246,2.4412076473236084,1.6301177740097046,-0.16101127862930298
0.2787887454032898,0.38992998003959656,-0.16200867295265198,-0.8767473697662354,-1.0165562629699707,-0.9397397637367249,-0.9880582094192505,-1.151344656944275,-0.8206131458282471,-0.05892503261566162,0.4636290669441223,0.8217494487762451,0.6270899176597595,0.6201509833335876,0.4482599198818207,-0.2193319946527481,-0.16925348341464996,0.6835726499557495,1.0970247983932495,0.8731157779693604,0.5685949325561523,0.46498408913612366,0.36039507389068604,0.4102800488471985,0.9673447012901306,0.21861673891544342,-0.08609499037265778,1.1042029857635498,2.0650148391723633,1.2913843393325806,0.8080844879150391,1.5714969635009766,1.4433308839797974,1.8369593620300293,2.2462518215179443,2.1450037956237793,1.8555587530136108,2.0009968280792236,2.2576608657836914,2.4689998626708984,2.496544361114502,0.7790946960449219,-0.5052401423454285
0.44273847341537476,0.576202392578125,-0.033639729022979736,-0.7282609343528748,-0.7947965264320374,-0.56412672996521,-0.38572385907173157,-0.8150020241737366,-0.9100528359413147,-0.06962671130895615,0.5375847816467285,1.02579927444458,1.2118122577667236,1.0660195350646973,0.6346012353897095,0.17241249978542328,0.16336597502231598,0.6261755228042603,0.8020199537277222,0.7837742567062378,0.7294985055923462,0.7271665334701538,0.6306142807006836,0.6661161184310913,1.0876448154449463,0.29852986335754395,0.40973103046417236,2.1809041500091553,2.3643622398376465,1.061485767364502,0.5400897264480591,0.9761468768119812,1.4748058319091797,2.123551607131958,2.128262996673584,1.9488290548324585,1.863582730293274,1.9742670059204102,2.1878607273101807,2.6705875396728516,2.5364279747009277,0.36329957842826843,-1.2452811002731323
0.6509331464767456,0.7935687899589539,0.08122355490922928,-0.5947712659835815,-0.707316517829895,-0.49995550513267517,-0.04353250563144684,-0.39480212330818176,-0.7876027226448059,0.028656918555498123,0.7605693340301514,1.2475517988204956,1.5976430177688599,1.591027021408081,1.1003581285476685,0.3145637810230255,-0.07468434423208237,0.3458711504936218,0.7493630051612854,0.792536735534668,0.6318764090538025,0.7229526042938232,0.8835428357124329,0.9469669461250305,1.0166866779327393,0.6285005211830139,1.2791563272476196,2.498436212539673,0.9939851760864258,-0.9261099696159363,-0.4275083839893341,0.5955736041069031,1.6125730276107788,2.298798084259033,2.0966243743896484,1.8304879665374756,1.877679467201233,1.985823154449463,2.6110446453094482,3.008535861968994,2.27647066116333,0.1514277458190918,-1.696087121963501
0.9686968922615051,1.0812594890594482,0.213637575507164,-0.5570813417434692,-0.7243596911430359,-0.4488789439201355,0.3644735515117645,0.3377957344055176,-0.29785192012786865,0.2992158532142639,1.1218875646591187,1.4659062623977661,1.767888069152832,1.8447797298431396,1.5007234811782837,0.7556416392326355,-0.03740570321679115,0.27806556224823,0.8198634386062622,1.0109686851501465,0.894697904586792,0.8052302002906799,0.9020834565162659,0.9121332168579102,0.9717233180999756,1.1160696744918823,2.2597427368164062,2.3710238933563232,-0.1438634991645813,-1.316939115524292,-0.17649011313915253,1.0415117740631104,2.2002925872802734,2.130415201187134,1.3581664562225342,1.558010220527649,2.1167633533477783,2.2970008850097656,2.5862035751342773,2.7707648277282715,2.6161820888519287,0.8066251277923584,-1.343156099319458
1.1534672975540161,1.2391011714935303,0.27463558316230774,-0.7758430242538452,-0.9583619236946106,-0.6098069548606873,0.1037503033876419,0.5215455293655396,0.42066988348960876,0.9031468629837036,1.3501173257827759,1.6374680995941162,1.9182703495025635,1.9447952508926392,1.621610403060913,1.2937785387039185,0.2573149800300598,0.13618037104606628,1.003938913345337,0.9830257296562195,1.0411642789840698,0.983422040939331,0.5027737021446228,0.7666078209877014,1.2459962368011475,1.668694257736206,2.1664071083068848,1.9502742290496826,1.590917944908142,1.1268696784973145,0.3086206912994385,0.7907128930091858,2.0946297645568848,1.5361571311950684,0.8783987760543823,1.9388837814331055,2.6423397064208984,2.5659608840942383,1.8545807600021362,1.5500832796096802,1.673390507698059,-0.1113162711262703,-0.7187744379043579
1.2841675281524658,1.30075204372406,0.22353240847587585,-1.3732295036315918,-1.8278976678848267,-1.1705774068832397,-0.21545495092868805,0.6913146376609802,1.0155045986175537,1.380263328552246,1.6157000064849854,1.9209645986557007,2.0903267860412598,2.1897151470184326,2.014251947402954,1.343098521232605,0.622978925704956,0.05506244674324989,0.6648738384246826,0.7821434736251831,0.5278471112251282,0.5656804442405701,0.28329193592071533,1.0406816005706787,1.732992172241211,1.9257771968841553,1.7597476243972778,1.3999778032302856,1.6841739416122437,2.0232458114624023,1.3870075941085815,0.8544017672538757,1.3901245594024658,1.1741516590118408,1.1415698528289795,2.3470332622528076,2.9879519939422607,2.43312668800354,1.5129681825637817,2.217886209487915,1.844040870666504,-0.9647717475891113,-0.958768904209137
