demo/1400-wind-surface-level-gfs-1.0.json
{"header": {"productDefinitionTemplate": 0, "surface1Type": 103, "productStatus": 0, "disciplineName": "Meteorological products", "subDivisions": 0, "winds": "true", "parameterNumberName": "U-component_of_wind", "discipline": 0, "surface2Value": 0, "significanceOfRTName": "Start of forecast", "surface2TypeName": "Missing", "surface2Type": 255, "productTypeName": "Forecast products", "dx": 0.024617210030555725, "dy": 0.01798853650689125, "numberPoints": 65160, "productStatusName": "Operational products", "gribEdition": 2, "parameterUnit": "m.s-1", "forecastTime": 0, "refTime": "2020-10-08T12:00:00.000Z", "productType": 1, "genProcessTypeName": "Forecast", "scanMode": 0, "genProcessType": 2, "gribLength": 11338.0, "significanceOfRT": 1, "productDefinitionTemplateName": "Analysis/forecast at horizontal level/layer at a point in time", "centerName": "WRF OUTPUT", "la1": 43.66691207885742, "la2": 42.426788330078125, "lo2": 13.70867919921875, "gridUnits": "degrees", "surface1Value": 10, "shapeName": "Earth spherical with radius of 6,371,229.0 m", "surface1TypeName": "Specified height level above ground", "nx": 70.0, "ny": 70.0, "lo1": 12.008544921875, "basicAngle": 0, "gridDefinitionTemplate": 0, "shape": 6, "parameterNumber": 2, "subcenter": 0, "parameterCategoryName": "Momentum", "parameterCategory": 2, "center": 0, "gridDefinitionTemplateName": "Latitude_Longitude", "resolution": 48}, "data":
[rows 19 to 37 of 70, columns 0 to 41 of 70]
-2.8584144115448,-2.9304685592651367,-2.9933040142059326,-3.0844738483428955,-2.872967481613159,-2.657388210296631,-2.5564138889312744,-2.4757113456726074,-2.5166451930999756,-2.6903882026672363,-2.848729133605957,-2.729917526245117,-2.6053528785705566,-2.6997523307800293,-2.958359956741333,-3.1099324226379395,-3.1480183601379395,-3.2724826335906982,-3.570586919784546,-3.8795344829559326,-3.9650447368621826,-3.853991746902466,-3.7855589389801025,-3.937265634536743,-4.1803436279296875,-4.450390815734863,-4.6929121017456055,-4.748607158660889,-4.803634166717529,-5.113557815551758,-5.573574066162109,-5.634006500244141,-4.698220729827881,-3.419558525085449,-2.9609837532043457,-3.045429229736328,-3.093492031097412,-3.025731086730957,-2.7205543518066406,-1.9242645502090454,-0.84787517786026,-0.5020496249198914
-2.6872920989990234,-2.7936131954193115,-2.7565059661865234,-2.899768352508545,-2.6790711879730225,-2.482349395751953,-2.438983678817749,-2.3666882514953613,-2.5379161834716797,-2.6161935329437256,-2.557079553604126,-2.503373384475708,-2.439230442047119,-2.4459879398345947,-2.617784023284912,-2.817378282546997,-3.197474956512451,-3.721963882446289,-3.9574341773986816,-4.162456512451172,-4.4743852615356445,-4.430764198303223,-4.2397003173828125,-4.367285251617432,-4.684723854064941,-4.909997463226318,-5.126247406005859,-5.282186031341553,-5.340977191925049,-5.577035903930664,-6.048470973968506,-6.105995178222656,-5.127516746520996,-3.866609573364258,-3.331444025039673,-3.3790836334228516,-3.4524807929992676,-3.3339200019836426,-3.2068235874176025,-3.0873842239379883,-2.804076910018921,-2.796722412109375
-2.4305975437164307,-2.4703683853149414,-2.4505274295806885,-2.478965997695923,-2.319739818572998,-2.243288516998291,-2.2520759105682373,-2.142037868499756,-2.1554346084594727,-2.0843799114227295,-2.1399409770965576,-2.4591615200042725,-2.4815351963043213,-2.3427555561065674,-2.428624153137207,-2.691606283187866,-3.158329963684082,-3.6122217178344727,-3.917513847351074,-4.213629245758057,-4.478398323059082,-4.496112823486328,-4.3995747566223145,-4.499100208282471,-4.740323543548584,-4.916493892669678,-5.132751941680908,-5.434086799621582,-5.601342678070068,-5.6923136711120605,-5.958471775054932,-6.233056545257568,-5.710618495941162,-4.472776412963867,-3.833038091659546,-3.989047050476074,-4.051013469696045,-3.743662118911743,-3.446394443511963,-3.4343981742858887,-3.558335065841675,-3.8251545429229736
-2.179978847503662,-2.098654270172119,-2.169245958328247,-2.353741407394409,-2.258815288543701,-2.2031407356262207,-2.1597957611083984,-1.9039909839630127,-1.8340102434158325,-1.8090696334838867,-1.955499529838562,-2.11263370513916,-2.302539587020874,-2.3846983909606934,-2.1951005458831787,-1.9983010292053223,-2.409958600997925,-3.393528461456299,-4.060428619384766,-4.255076885223389,-4.180704116821289,-4.02187967300415,-4.014758110046387,-4.195102691650391,-4.509963035583496,-4.779983997344971,-4.922857284545898,-4.96964168548584,-4.91258430480957,-4.88629674911499,-5.081675052642822,-5.662129878997803,-6.0491228103637695,-5.235432147979736,-4.302385330200195,-4.34213924407959,-4.469428539276123,-4.1932454109191895,-3.7365522384643555,-3.4641120433807373,-3.507066488265991,-3.694211483001709
-2.1401591300964355,-1.9731158018112183,-1.9816960096359253,-2.145962953567505,-2.0294580459594727,-1.9658281803131104,-1.7781621217727661,-1.3595980405807495,-1.2422757148742676,-1.4821336269378662,-2.070272207260132,-1.9059468507766724,-1.564286231994629,-1.6737520694732666,-1.5397075414657593,-0.8307044506072998,-0.11686813831329346,-0.43358030915260315,-1.4461981058120728,-2.285407781600952,-2.7759594917297363,-3.2083230018615723,-3.4917397499084473,-3.491351842880249,-3.2651259899139404,-2.922335386276245,-2.6440322399139404,-2.4563558101654053,-2.6916260719299316,-3.215360164642334,-3.407480478286743,-3.8798534870147705,-5.032816410064697,-5.483353137969971,-4.734908580780029,-4.27317476272583,-4.459126949310303,-4.48563289642334,-4.266485214233398,-3.927476167678833,-3.7522599697113037,-3.7494375705718994
-2.0913753509521484,-1.8530170917510986,-1.761328935623169,-1.8892871141433716,-2.140890598297119,-2.1344192028045654,-2.022801637649536,-1.688923716545105,-1.557899832725525,-2.0406606197357178,-2.1914052963256836,-1.6924775838851929,-1.4769164323806763,-1.7012042999267578,-1.6431636810302734,-1.0704160928726196,-0.38162586092948914,-0.2722846567630768,-0.2622983157634735,-0.5797758102416992,-1.4904937744140625,-1.9864633083343506,-2.0774765014648438,-1.6380436420440674,-0.887543261051178,-0.769686222076416,-0.45707181096076965,0.9477734565734863,0.3737141788005829,-2.0874972343444824,-3.048463821411133,-3.5994489192962646,-4.9586639404296875,-5.908058166503906,-4.9667134284973145,-3.9168660640716553,-4.3378496170043945,-4.6426591873168945,-4.660534381866455,-4.67030668258667,-4.542484283447266,-4.5765910148620605
-2.2038941383361816,-1.8466452360153198,-1.5820451974868774,-1.4765512943267822,-1.4593039751052856,-1.7779825925827026,-2.246717691421509,-2.1094982624053955,-2.036811590194702,-2.2105627059936523,-2.218018054962158,-1.9547898769378662,-1.8254932165145874,-1.8790630102157593,-1.791666865348816,-1.2617872953414917,-0.059012025594711304,0.21187202632427216,-0.1926214098930359,-0.5699103474617004,-1.1526838541030884,-1.449457049369812,-1.6382545232772827,-1.0844504833221436,0.368164598941803,0.42858877778053284,-0.8384742736816406,-0.9899759292602539,-1.5944280624389648,-2.820280075073242,-3.3035411834716797,-3.719327688217163,-4.649534702301025,-5.754172325134277,-4.7443389892578125,-3.403719425201416,-4.0051374435424805,-4.407842636108398,-4.739912986755371,-5.235137939453125,-4.904597282409668,-4.555250644683838
-2.278697967529297,-1.8956456184387207,-1.6283210515975952,-1.693968415260315,-1.524463415145874,-1.5454192161560059,-1.8748009204864502,-1.9527204036712646,-2.0925116539001465,-2.1725759506225586,-2.2688345909118652,-2.05853271484375,-1.620385766029358,-1.552901029586792,-2.149165630340576,-1.7977004051208496,-0.306138813495636,0.16421717405319214,-0.08001232147216797,-0.41120731830596924,-0.9064248204231262,-1.2801034450531006,-1.5036746263504028,-1.1223958730697632,-0.18457680940628052,-1.0597420930862427,-2.963235378265381,-3.233436346054077,-3.278623104095459,-4.092568874359131,-4.890786647796631,-5.314059734344482,-5.875144004821777,-6.227104187011719,-4.9907684326171875,-3.8496787548065186,-4.203177452087402,-4.366614818572998,-4.822842597961426,-5.619515895843506,-5.2294087409973145,-4.507075786590576
-2.3096375465393066,-1.9208922386169434,-1.7024791240692139,-1.9597049951553345,-2.022566080093384,-1.8552380800247192,-1.9524236917495728,-2.157191514968872,-2.5135040283203125,-2.4083378314971924,-2.3140652179718018,-2.139718770980835,-1.790732741355896,-1.9670387506484985,-2.3388214111328125,-2.0062649250030518,-1.1969455480575562,-1.0444890260696411,-1.3818354606628418,-1.6396303176879883,-1.7068052291870117,-1.9182696342468262,-2.425920009613037,-2.5929009914398193,-2.529834747314453,-3.221285581588745,-4.164449691772461,-4.6513848304748535,-4.939935684204102,-5.331015110015869,-5.815837383270264,-6.195579528808594,-6.515066623687744,-6.322260856628418,-5.1803975105285645,-4.3750715255737305,-4.578330993652344,-4.684656620025635,-4.721473693847656,-5.067992687225342,-4.907257556915283,-4.106357574462891
-2.3137919902801514,-1.9268583059310913,-1.6222058534622192,-1.5621622800827026,-1.2085853815078735,-1.3889816999435425,-2.0603764057159424,-2.41766095161438,-2.7080190181732178,-2.5166523456573486,-2.4279372692108154,-2.2602086067199707,-1.960375189781189,-1.9876207113265991,-2.2751383781433105,-2.5469160079956055,-2.6347906589508057,-2.526641845703125,-2.5648655891418457,-2.7924814224243164,-2.9134368896484375,-3.0715198516845703,-3.276597499847412,-3.249847650527954,-3.0862953662872314,-3.374495267868042,-4.034022331237793,-4.601892471313477,-5.0303425788879395,-5.470341682434082,-5.983983516693115,-6.492846965789795,-6.719497203826904,-6.268387317657471,-5.105703353881836,-4.31173038482666,-4.666333198547363,-5.1717047691345215,-4.970921039581299,-4.852128028869629,-4.782776832580566,-4.145166873931885
-2.335101366043091,-1.988076090812683,-1.6971848011016846,-1.5568851232528687,-0.7997756004333496,-0.8055263757705688,-1.9475679397583008,-2.758999824523926,-2.985144853591919,-2.6938178539276123,-2.5589680671691895,-2.2657244205474854,-2.2128374576568604,-2.5851402282714844,-2.8101322650909424,-2.9268412590026855,-2.9084596633911133,-2.75498104095459,-2.7521300315856934,-2.873711109161377,-3.0447895526885986,-3.1101081371307373,-3.079385995864868,-3.1145763397216797,-3.145200729370117,-3.3476204872131348,-3.88615345954895,-4.52589750289917,-4.983406066894531,-5.249814987182617,-5.571945667266846,-5.850827693939209,-5.885137557983398,-5.6214704513549805,-4.771815776824951,-4.200216293334961,-5.053571701049805,-5.702259540557861,-4.998478412628174,-4.835821628570557,-4.9768853187561035,-4.242979526519775
-2.277144432067871,-1.9972904920578003,-1.908613920211792,-1.7342811822891235,-0.40448325872421265,0.213828906416893,-0.24651680886745453,-1.0278490781784058,-2.21016001701355,-2.2312111854553223,-1.9872572422027588,-2.048131227493286,-2.5274314880371094,-2.9053268432617188,-2.951606512069702,-2.966085195541382,-2.91971492767334,-2.868668794631958,-2.9667975902557373,-3.117913246154785,-3.2033212184906006,-3.1915159225463867,-3.103271961212158,-3.1884682178497314,-3.3321728706359863,-3.481560230255127,-3.788764715194702,-4.208287239074707,-4.527318000793457,-4.847348690032959,-5.062184810638428,-5.106740951538086,-5.292667865753174,-5.595256328582764,-5.435794830322266,-5.22142219543457,-5.6797990798950195,-5.802109718322754,-5.249165058135986,-5.183472633361816,-4.978871822357178,-4.11588191986084
-2.280454635620117,-2.033457040786743,-1.9560091495513916,-1.8155689239501953,-0.5592860579490662,0.13906720280647278,0.09570489078760147,-0.32427120208740234,-1.6165542602539062,-1.8315147161483765,-1.5629726648330688,-1.6711747646331787,-2.164907693862915,-2.6705708503723145,-2.7131783962249756,-2.5605661869049072,-2.5610218048095703,-2.2669827938079834,-1.9036414623260498,-2.0449576377868652,-2.2771871089935303,-2.0864081382751465,-1.777127742767334,-2.124541759490967,-2.8732199668884277,-3.428234577178955,-3.87136173248291,-3.975602865219116,-4.135340690612793,-4.5634846687316895,-4.555459976196289,-4.496803283691406,-4.764242172241211,-4.8813371658325195,-4.848869323730469,-5.2173895835876465,-5.61714506149292,-5.19020938873291,-4.965882301330566,-5.446131229400635,-5.060028553009033,-4.03818416595459
-2.3201518058776855,-2.0854105949401855,-1.912190318107605,-1.7903475761413574,-1.0616326332092285,-0.9174768328666687,-1.5358080863952637,-2.029235601425171,-2.0645155906677246,-1.8292778730392456,-1.6249282360076904,-1.332730770111084,-1.3309274911880493,-1.411077618598938,-1.5428193807601929,-1.5113908052444458,-1.380264401435852,-1.0629699230194092,-0.5258373022079468,-0.6248639822006226,-0.6817528009414673,-0.5393185615539551,-0.8296536207199097,-1.510757565498352,-2.8338284492492676,-3.5705184936523438,-3.5380618572235107,-3.425557851791382,-3.6141507625579834,-3.994974136352539,-3.8067104816436768,-3.523038625717163,-3.5477192401885986,-3.482041358947754,-3.8884315490722656,-5.083278179168701,-5.819730758666992,-5.162369728088379,-4.732017993927002,-5.205822944641113,-4.945796489715576,-3.8716819286346436
-2.248485803604126,-2.0515363216400146,-1.9135469198226929,-1.8403440713882446,-1.8805749416351318,-1.982511043548584,-2.0691545009613037,-2.097520112991333,-2.000464677810669,-1.8712345361709595,-1.7808195352554321,-1.6215977668762207,-1.5577963590621948,-1.6455168724060059,-1.5686731338500977,-1.456813931465149,-1.1832894086837769,-0.5559172630310059,0.03300485387444496,0.2450532764196396,0.35403597354888916,0.5917030572891235,0.1663668304681778,0.3273105323314667,0.2808554768562317,-0.31999295949935913,-1.5030189752578735,-3.125511407852173,-3.194375991821289,-2.894573926925659,-2.3029210567474365,-1.5499634742736816,-1.7878563404083252,-2.6088550090789795,-3.599931478500366,-4.882558822631836,-5.657176494598389,-5.326144218444824,-4.775132179260254,-4.611197471618652,-4.24607515335083,-3.374389410018921
-2.2080345153808594,-2.064485549926758,-1.9926774501800537,-2.0612969398498535,-2.203554391860962,-2.2887368202209473,-2.3945531845092773,-2.446150064468384,-2.3273837566375732,-2.210235357284546,-2.1731746196746826,-2.0645487308502197,-1.9821937084197998,-1.8973910808563232,-1.7343426942825317,-1.4675991535186768,-0.9411438703536987,-0.26823410391807556,-0.051287874579429626,-0.11648499220609665,0.0412847176194191,0.5225241780281067,0.6675321459770203,1.0896700620651245,1.5239801406860352,1.5679616928100586,2.055750608444214,-0.42048418521881104,-2.651256799697876,-1.6316697597503662,-0.509471595287323,-0.11482145637273788,-2.0184834003448486,-3.925610065460205,-4.555685997009277,-5.353473663330078,-5.679956912994385,-5.384320259094238,-5.043179035186768,-4.6691765785217285,-3.9120938777923584,-3.258592128753662
-2.046546697616577,-1.9007138013839722,-1.9566361904144287,-2.064270496368408,-2.0448453426361084,-2.119509220123291,-2.2955493927001953,-2.3144826889038086,-2.224036931991577,-2.1207709312438965,-2.053022861480713,-1.9567197561264038,-1.9090584516525269,-1.7868437767028809,-1.5558351278305054,-1.2878031730651855,-1.0977654457092285,-1.1156834363937378,-1.1383471488952637,-0.7156952023506165,-0.12985913455486298,0.4911043047904968,0.9605477452278137,1.194437026977539,1.5446767807006836,1.0473531484603882,1.7222275733947754,1.4903422594070435,-2.0155892372131348,-2.346177339553833,-1.5014374256134033,-2.3406665325164795,-3.4253082275390625,-4.779643535614014,-5.212054252624512,-5.390401840209961,-5.3313679695129395,-5.044946670532227,-5.038199424743652,-4.755251407623291,-3.783456563949585,-3.15777587890625
-2.044586420059204,-1.927944540977478,-1.9194035530090332,-2.0895349979400635,-1.959128499031067,-1.9496726989746094,-2.1126017570495605,-2.1223323345184326,-2.133432149887085,-2.109482526779175,-2.1292521953582764,-2.0544919967651367,-2.0061371326446533,-1.9248998165130615,-1.7381541728973389,-1.5546348094940186,-1.5368448495864868,-1.6269267797470093,-1.5456764698028564,-1.1194034814834595,-0.6545230150222778,-0.07471507787704468,0.4394814670085907,0.7714776396751404,1.1474484205245972,0.6882189512252808,1.2352215051651,2.0996451377868652,-0.8205583691596985,-2.4122326374053955,-2.2383666038513184,-3.152364730834961,-4.00006628036499,-5.06625509262085,-5.25435209274292,-5.078780651092529,-4.880371570587158,-4.816980361938477,-4.913610458374023,-4.697913646697998,-3.7712697982788086,-2.7797138690948486
-1.940131664276123,-1.8801143169403076,-1.9222667217254639,-2.16245174407959,-1.986199140548706,-1.836485505104065,-1.760190486907959,-1.51982843875885,-1.4368093013763428,-1.411870002746582,-1.4307973384857178,-1.381799340248108,-1.402528166770935,-1.4939733743667603,-1.5130763053894043,-1.3465540409088135,-1.3654707670211792,-1.6567891836166382,-1.8541960716247559,-1.730089545249939,-1.3567878007888794,-0.7152563333511353,-0.024393364787101746,0.5837265253067017,1.1170560121536255,0.8165298104286194,1.0237141847610474,1.913588523864746,0.22407221794128418,-1.9845573902130127,-2.3018147945404053,-2.9864187240600586,-4.257147789001465,-4.830589771270752,-4.814927101135254,-4.581139087677002,-4.330657005310059,-4.4797797203063965,-4.783000946044922,-4.588780403137207,-3.545963764190674,-2.114966630935669
