demo/1400-wind-surface-level-gfs-1.0.json
{"header": {"productDefinitionTemplate": 0, "surface1Type": 103, "productStatus": 0, "disciplineName": "Meteorological products", "subDivisions": 0, "winds": "true", "parameterNumberName": "V-component_of_wind", "discipline": 0, "surface2Value": 0, "significanceOfRTName": "Start of forecast", "surface2TypeName": "Missing", "surface2Type": 255, "productTypeName": "Forecast products", "dx": 0.024617210030555725, "dy": 0.01798853650689125, "numberPoints": 65160, "productStatusName": "Operational products", "gribEdition": 2, "parameterUnit": "m.s-1", "forecastTime": 0, "refTime": "2020-10-08T12:00:00.000Z", "productType": 1, "genProcessTypeName": "Forecast", "scanMode": 0, "genProcessType": 2, "gribLength": 11338.0, "significanceOfRT": 1, "productDefinitionTemplateName": "Analysis/forecast at horizontal level/layer at a point in time", "centerName": "WRF OUTPUT", "la1": 43.66691207885742, "la2": 42.426788330078125, "lo2": 13.70867919921875, "gridUnits": "degrees", "surface1Value": 10, "shapeName": "Earth spherical with radius of 6,371,229.0 m", "surface1TypeName": "Specified height level above ground", "nx": 70.0, "ny": 70.0, "lo1": 12.008544921875, "basicAngle": 0, "gridDefinitionTemplate": 0, "shape": 6, "parameterNumber": 3, "subcenter": 0, "parameterCategoryName": "Momentum", "parameterCategory": 2, "center": 0, "gridDefinitionTemplateName": "Latitude_Longitude", "resolution": 48}, "data":
[rows 19 to 37 of 70, columns 0 to 41 of 70]
-0.04740982502698898,-0.12179975211620331,-0.16492408514022827,-0.30010971426963806,-0.6006771922111511,-0.4981844127178192,-0.4216005206108093,-0.28708893060684204,-0.18158848583698273,-0.053920768201351166,-0.0794999971985817,-0.18002904951572418,-0.14906246960163116,-0.16050896048545837,-0.25418537855148315,-0.40146857500076294,-0.43504276871681213,-0.1324942708015442,0.12585704028606415,0.21922510862350464,0.2798263132572174,0.5198680758476257,0.7973472476005554,0.8400468826293945,0.6632502675056458,0.3272324800491333,0.0673290267586708,0.05890124291181564,0.16902753710746765,0.19130626320838928,0.03944668546319008,-0.03579579293727875,0.25260964035987854,0.653033435344696,1.0297400951385498,1.1973445415496826,1.5972497463226318,1.9732736349105835,2.1676740646362305,2.353111982345581,2.344092607498169,1.5684775114059448
0.04031449556350708,-0.014404252171516418,-0.08703187108039856,-0.200154647231102,-0.3503158688545227,-0.2076674997806549,-0.09751161187887192,-0.023612067103385925,-0.08954152464866638,-0.20921963453292847,-0.5345668792724609,-0.6985707879066467,-0.7099915742874146,-0.6968176364898682,-0.6246271729469299,-0.6881829500198364,-0.5758756399154663,-0.4022041857242584,-0.31310567259788513,-0.2818636894226074,-0.2074798345565796,-0.19429373741149902,-0.2400982826948166,-0.2872888147830963,-0.3345398008823395,-0.39586612582206726,-0.5582030415534973,-0.5975534319877625,-0.4767989218235016,-0.35543981194496155,-0.31027859449386597,-0.23212972283363342,0.02400149218738079,0.39607417583465576,0.7111780047416687,0.9743344783782959,1.443230390548706,1.9044733047485352,2.170555353164673,2.3584671020507812,2.747164726257324,2.576714038848877
0.24724750220775604,0.21683809161186218,0.07193401455879211,-0.03221661597490311,-0.033436041325330734,-0.15141859650611877,-0.25333669781684875,-0.41778627038002014,-0.5821081399917603,-0.8585030436515808,-0.9861761927604675,-0.972362220287323,-1.0802396535873413,-1.0217864513397217,-0.9295187592506409,-0.9218446016311646,-0.9049659371376038,-0.9944980144500732,-1.0055756568908691,-0.9241638779640198,-0.9853777885437012,-1.18590247631073,-1.2540894746780396,-1.2264461517333984,-1.2276155948638916,-1.2850334644317627,-1.3469552993774414,-1.3653578758239746,-1.2927659749984741,-1.0281435251235962,-0.7909649014472961,-0.649827241897583,-0.32520633935928345,0.28937792778015137,0.7356255650520325,1.126593828201294,1.459715723991394,1.7076749801635742,1.7778265476226807,1.6524685621261597,1.6711125373840332,1.7636984586715698
0.6454838514328003,0.5291796922683716,0.3066992163658142,0.061137277632951736,-0.31490713357925415,-0.7046290040016174,-1.0577061176300049,-1.4498698711395264,-1.5138320922851562,-1.6004501581192017,-1.155146837234497,-0.9380958676338196,-1.1177256107330322,-1.026349425315857,-0.5695274472236633,-0.1340995728969574,-0.09127926081418991,-0.6277994513511658,-1.0219675302505493,-1.1439909934997559,-1.3383642435073853,-1.535601258277893,-1.6027896404266357,-1.6489856243133545,-1.7783865928649902,-1.9626678228378296,-1.881095290184021,-1.819000482559204,-1.63832426071167,-1.0556761026382446,-0.45713913440704346,-0.2319788783788681,-0.17823448777198792,0.4855787754058838,1.238295555114746,1.4597660303115845,1.4342244863510132,1.6562974452972412,1.8192739486694336,1.7036172151565552,1.32842218875885,1.0941400527954102
1.0258585214614868,0.8023218512535095,0.5116859078407288,0.06221464276313782,-0.6723603010177612,-0.5091423988342285,-0.7592751383781433,-0.6322318315505981,-0.6774793863296509,-0.5772697329521179,-0.10650301724672318,0.02142823301255703,0.02443666383624077,0.1658903807401657,0.6372560262680054,1.1051828861236572,1.4401439428329468,1.236991047859192,0.6748107671737671,-0.03078537806868553,-0.432285875082016,-0.6495484113693237,-0.9856148362159729,-1.2056736946105957,-1.4383140802383423,-1.2952377796173096,-0.8827505111694336,-0.9019319415092468,-0.8065506815910339,-0.09911897778511047,0.5106083750724792,0.68622225522995,0.4771646559238434,0.6783728003501892,1.3263853788375854,1.1213150024414062,0.8243710994720459,1.0859453678131104,1.4444363117218018,1.766981840133667,1.7495073080062866,1.524566650390625
1.1849589347839355,0.9438017010688782,0.6590715050697327,0.3071459233760834,-0.18172870576381683,-0.3717494308948517,-0.27754223346710205,0.04257916659116745,0.023259663954377174,0.08875060081481934,-0.030672838911414146,-0.15549586713314056,-0.08540276437997818,0.04007873684167862,0.03030453249812126,0.21160441637039185,0.547601580619812,0.6560277938842773,0.7610295414924622,0.5265462398529053,0.2170199304819107,-0.24704469740390778,-0.5871767401695251,-0.6892023682594299,-0.7610608339309692,-0.6074591279029846,-0.02029302902519703,0.3957667648792267,0.42864298820495605,0.4551432430744171,0.6408200860023499,0.8120138645172119,0.736598789691925,0.6581592559814453,0.8369025588035583,0.23865360021591187,-0.017320018261671066,0.00488834735006094,0.14182531833648682,0.7384777069091797,1.2388041019439697,1.1726680994033813
1.2378365993499756,1.001794457435608,0.7994827628135681,0.8459359407424927,1.22811758518219,-0.3437299132347107,-0.6038098335266113,-1.079289436340332,-0.8932473659515381,-0.9473326206207275,-1.2499663829803467,-1.4533295631408691,-1.3958922624588013,-1.3900930881500244,-1.0985188484191895,-0.6368679404258728,-0.5639281272888184,-0.837228000164032,-0.8383734822273254,-0.6356148719787598,-0.6304216384887695,-0.9801296591758728,-1.152906894683838,-1.2025245428085327,-1.1232298612594604,-0.8219029307365417,-0.2532127797603607,0.5515533089637756,0.8882958292961121,0.6199532747268677,0.772614598274231,0.9562150835990906,0.906662106513977,0.6731436848640442,0.40520158410072327,0.04368504509329796,-0.09022551029920578,-0.3732284605503082,-0.5388489961624146,-0.14980435371398926,0.2869475185871124,0.12796741724014282
1.2060842514038086,0.9786880612373352,0.8440853953361511,1.1388344764709473,2.2927451133728027,1.3097442388534546,0.6089304089546204,-0.2909491956233978,-0.4416010081768036,-0.42766252160072327,-0.7872940301895142,-0.9901429414749146,-1.0347895622253418,-0.942145586013794,-0.7404574155807495,-0.67705237865448,-0.7573780417442322,-0.745015561580658,-0.863055944442749,-1.2821340560913086,-1.48744535446167,-1.5770069360733032,-1.6336466073989868,-1.5486019849777222,-1.1159868240356445,-0.0639718621969223,0.49037832021713257,0.9720179438591003,1.3617407083511353,1.1825203895568848,1.2017078399658203,1.1341220140457153,0.9354286789894104,0.581433117389679,0.1689799278974533,0.3006536364555359,0.20055389404296875,-0.1171155795454979,-0.2876834273338318,-0.5982671976089478,-0.8628184795379639,-1.1287461519241333
0.9590363502502441,0.7555496096611023,0.6022281050682068,0.6274267435073853,0.89936763048172,0.8856310844421387,0.8311861753463745,0.5460354685783386,0.23779645562171936,0.07736228406429291,-0.23318128287792206,-0.3889455497264862,-0.4939582943916321,-0.4974336624145508,-0.7459322810173035,-1.1220650672912598,-0.9818452000617981,-0.324369341135025,-0.054325371980667114,-0.4882289171218872,-0.9061506986618042,-0.9843116402626038,-0.8713154196739197,-0.6413741707801819,-0.12160377949476242,0.5972462892532349,0.8035930395126343,1.0135082006454468,1.2779710292816162,1.0575177669525146,0.6808049082756042,0.3704754114151001,0.08590109646320343,-0.39353102445602417,-0.8936600089073181,-0.8340892791748047,-0.6909602284431458,-0.4919542670249939,-0.25808826088905334,-0.8308507800102234,-1.4895473718643188,-1.7082070112228394
0.6883813738822937,0.49876853823661804,0.3485878109931946,0.2199527472257614,-0.017373666167259216,-0.4071371853351593,-0.43848928809165955,-0.29902786016464233,-0.2872982621192932,-0.6628076434135437,-0.7693455219268799,-1.1313265562057495,-1.220802903175354,-0.9914032220840454,-0.7347972393035889,-0.8562110662460327,-0.7347032427787781,-0.3194270133972168,-0.0423654243350029,-0.12991024553775787,-0.31534501910209656,-0.3222277760505676,-0.31817522644996643,-0.3840736448764801,-0.23590315878391266,-0.04812506586313248,-0.09189993888139725,-0.11499770730733871,-0.10963558405637741,-0.2266409695148468,-0.5381841063499451,-0.9037090539932251,-1.3582704067230225,-1.9078482389450073,-2.1771321296691895,-1.9339969158172607,-1.2804358005523682,-0.5881956815719604,-0.2302601933479309,-0.5793809294700623,-0.8393464684486389,-0.9749990701675415
0.6135750412940979,0.43394967913627625,0.30159589648246765,0.20128434896469116,0.21259920299053192,-0.03462536633014679,-0.5104045271873474,-0.7459796071052551,-0.7955079078674316,-1.1309988498687744,-1.388532042503357,-1.701837182044983,-1.3850942850112915,-0.8219349980354309,-0.5650331377983093,-0.6478609442710876,-0.9449970722198486,-1.0923759937286377,-0.9516946077346802,-0.9111034274101257,-1.02498459815979,-1.1102452278137207,-1.350151538848877,-1.542637586593628,-1.4440973997116089,-1.1496020555496216,-0.9971194267272949,-1.0012327432632446,-1.2125455141067505,-1.2715092897415161,-1.4321914911270142,-1.7853339910507202,-2.109917163848877,-2.190866470336914,-1.9110548496246338,-1.1871808767318726,-0.41938668489456177,-0.14067435264587402,-0.2102508544921875,-0.35175418853759766,-0.360503226518631,-0.575501561164856
0.6031309962272644,0.4610559344291687,0.3095514476299286,0.04733246564865112,-0.2767803370952606,-0.061058830469846725,-0.1715480238199234,-0.12138388305902481,0.1632552593946457,-0.08458587527275085,-0.5782403349876404,-0.9626280069351196,-0.8441826105117798,-0.865566074848175,-1.0060242414474487,-1.2192867994308472,-1.4314814805984497,-1.508384108543396,-1.5404300689697266,-1.827648639678955,-1.9994651079177856,-2.2122461795806885,-2.428178548812866,-2.3638014793395996,-1.993740439414978,-1.5645467042922974,-1.1116368770599365,-1.161220669746399,-1.4272228479385376,-1.4349925518035889,-1.6608830690383911,-1.9067018032073975,-1.9365224838256836,-1.8253116607666016,-1.6638623476028442,-0.9680846333503723,-0.27112725377082825,-0.41908490657806396,-0.9291880130767822,-0.7490638494491577,-0.6738778352737427,-0.9991700649261475
0.6546064019203186,0.5621365308761597,0.3907405436038971,-0.1534407138824463,-1.3293079137802124,-0.9413363337516785,-0.462545245885849,0.4251139461994171,1.0212180614471436,0.7638098001480103,0.7841009497642517,0.5414233803749084,0.19183436036109924,-0.46137741208076477,-0.8055886030197144,-0.8900972008705139,-0.8266320824623108,-0.7650249004364014,-0.5435971021652222,-1.0237771272659302,-1.1591922044754028,-1.4030507802963257,-1.17332124710083,-0.9920467138290405,-1.0666298866271973,-1.0659931898117065,-1.0399129390716553,-1.4189176559448242,-1.5036938190460205,-1.6421321630477905,-1.9953498840332031,-2.2042038440704346,-2.2042133808135986,-2.126455545425415,-1.9808886051177979,-1.4019813537597656,-0.7402863502502441,-0.8756129145622253,-1.4683077335357666,-1.5064237117767334,-1.7666279077529907,-2.2402703762054443
0.8917558789253235,0.8345392942428589,0.6863079071044922,-0.006167625542730093,-1.8539760112762451,-0.7997413873672485,-0.28311511874198914,0.4249715805053711,0.5569576621055603,0.3773016333580017,0.5001599788665771,0.6967201232910156,0.7538352608680725,0.6476063132286072,0.5502747893333435,0.5639082193374634,0.67477947473526,0.5772469639778137,0.5192168951034546,0.25131669640541077,0.10473589599132538,0.22517094016075134,0.7223241925239563,1.023658037185669,-0.03301762044429779,-1.2365635633468628,-1.8804200887680054,-1.7160049676895142,-1.4766931533813477,-1.9476374387741089,-2.6119236946105957,-2.9019534587860107,-2.717134714126587,-1.9158645868301392,-1.266210675239563,-0.9733502864837646,-1.0383925437927246,-1.300657868385315,-1.4911766052246094,-1.9661122560501099,-2.9103875160217285,-3.5577876567840576
1.090075135231018,1.0525670051574707,1.0088914632797241,0.7272641062736511,-0.11550670862197876,0.39917853474617004,0.5141109228134155,0.6615447402000427,0.6786878108978271,0.6229804754257202,0.45469149947166443,0.5867767930030823,0.7140730619430542,0.8888109922409058,1.001577615737915,0.9292365312576294,0.8168444633483887,0.5644625425338745,0.22813142836093903,0.35009583830833435,0.5604926347732544,0.9781799912452698,0.9205462336540222,0.7209995985031128,-0.011704884469509125,-0.1767212301492691,-1.126343011856079,-1.8913170099258423,-1.4859825372695923,-2.160813331604004,-2.8830649852752686,-2.9868595600128174,-1.739966869354248,-0.6269533634185791,-0.32555875182151794,-0.6781883239746094,-1.493693470954895,-2.0669374465942383,-2.1118416786193848,-2.463313341140747,-3.376218557357788,-3.934558391571045
1.0922797918319702,1.067885160446167,1.071798324584961,1.1246501207351685,1.2787338495254517,0.9135628938674927,0.8162248134613037,0.7004980444908142,0.7652612328529358,0.7131535410881042,0.670339822769165,0.6057621836662292,0.5587317943572998,0.42336514592170715,0.30685681104660034,0.22664567828178406,0.08507136255502701,0.22493281960487366,0.5759620666503906,0.8310768008232117,0.9225805401802063,0.8994377255439758,0.610057532787323,-0.004402284976094961,0.2451573610305786,0.8817569017410278,0.5141162872314453,-0.5717926621437073,-1.144943356513977,-1.294012188911438,-1.4719446897506714,-0.8724075555801392,0.004966919310390949,-0.036459457129240036,-0.2860778868198395,-1.1136868000030518,-2.131868839263916,-2.9620449542999268,-3.160313844680786,-3.1425931453704834,-3.4029855728149414,-3.661752700805664
0.9966318607330322,0.9730814695358276,0.9600548148155212,0.960318922996521,1.0548888444900513,0.9632696509361267,0.8989171981811523,0.7484752535820007,0.6492836475372314,0.6249949932098389,0.5567935705184937,0.4706681966781616,0.3566635847091675,0.2541564702987671,0.1371585875749588,0.009891830384731293,-0.020795462653040886,0.18959222733974457,0.5267859697341919,0.5804184675216675,0.4331384003162384,0.29908037185668945,0.3174166977405548,0.1313721239566803,0.2853414714336395,0.3991195857524872,0.2737242579460144,0.9939442873001099,0.39077410101890564,0.015381448902189732,0.5158960223197937,0.7448660135269165,0.2520110607147217,-0.6217089295387268,-1.1101171970367432,-1.9612340927124023,-2.8852853775024414,-3.477221965789795,-3.519284963607788,-3.445549249649048,-3.5075714588165283,-3.774157762527466
0.7514871954917908,0.7217908501625061,0.7172986268997192,0.7163834571838379,0.857988715171814,0.9571881294250488,0.9577336311340332,0.8624544739723206,0.667596697807312,0.5235167741775513,0.40069445967674255,0.32196083664894104,0.15785111486911774,-0.024751994758844376,-0.16437923908233643,-0.31100034713745117,-0.5597626566886902,-0.7708204388618469,-0.8052110075950623,-0.6380271315574646,-0.39129555225372314,-0.14720191061496735,0.006526840850710869,-0.022185690701007843,-0.1618518829345703,-0.06404432654380798,-0.6172500252723694,0.4513595998287201,1.1755337715148926,-0.3662188649177551,0.3467416763305664,-0.39102476835250854,-0.6626855731010437,-1.4588578939437866,-2.2416939735412598,-2.830897569656372,-3.4377942085266113,-3.6294493675231934,-3.4666740894317627,-3.563218593597412,-4.013753890991211,-4.423280715942383
0.22330860793590546,0.20177654922008514,0.20794595777988434,0.2099563330411911,0.2946728765964508,0.527567982673645,0.5875973701477051,0.6278806328773499,0.5497983694076538,0.48077306151390076,0.5319697260856628,0.3846873342990875,0.08886629343032837,-0.28412503004074097,-0.5335993766784668,-0.7628313899040222,-1.1706619262695312,-1.5619149208068848,-1.4494916200637817,-1.0303157567977905,-0.6837782263755798,-0.6080275774002075,-0.5046167969703674,-0.5003888607025146,-0.4327826499938965,-0.6436061263084412,-1.1495540142059326,-0.464687705039978,0.6131289005279541,-0.9895108342170715,-0.9270513653755188,-1.6030573844909668,-1.6127985715866089,-2.3059427738189697,-3.1121814250946045,-3.5662617683410645,-3.7258570194244385,-3.5895345211029053,-3.4349045753479004,-3.751528739929199,-4.58200216293335,-5.087538719177246
