demo/1400-wind-surface-level-gfs-1.0.json
{"header": {"discipline": 0, "disciplineName": "Meteorological products", "gribEdition": 2, "gribLength": 11338.0, "center": 0, "centerName": "WRF OUTPUT", "subcenter": 0, "refTime": "2020-10-06T12:00:00.000Z", "significanceOfRT": 1, "significanceOfRTName": "Start of forecast", "productStatus": 0, "productStatusName": "Operational products", "productType": 1, "productTypeName": "Forecast products", "productDefinitionTemplate": 0, "productDefinitionTemplateName": "Analysis/forecast at horizontal level/layer at a point in time", "parameterCategory": 2, "parameterCategoryName": "Momentum", "parameterNumber": 3, "parameterNumberName": "V-component_of_wind", "parameterUnit": "m.s-1", "genProcessType": 2, "genProcessTypeName": "Forecast", "forecastTime": 0, "surface1Type": 103, "surface1TypeName": "Specified height level above ground", "surface1Value": 10, "surface2Type": 255, "surface2TypeName": "Missing", "surface2Value": 0, "gridDefinitionTemplate": 0, "gridDefinitionTemplateName": "Latitude_Longitude", "numberPoints": 65160, "shape": 6, "shapeName": "Earth spherical with radius of 6,371,229.0 m", "gridUnits": "degrees", "resolution": 48, "winds": "true", "scanMode": 0, "nx": 70.0, "ny": 70.0, "basicAngle": 0, "subDivisions": 0, "lo1": 12.008544921875, "la1": 43.66691207885742, "lo2": 13.70867919921875, "la2": 42.426788330078125, "dx": 0.024617210030555725, "dy": 0.01798853650689125}, "data":
[rows 0 to 18 of 70, columns 0 to 43 of 70]
4.215435028076172,4.612509727478027,4.516219139099121,4.383539199829102,4.526888370513916,4.656957149505615,4.729772567749023,4.74662971496582,4.483313083648682,4.435440540313721,4.140435695648193,4.321464538574219,4.407806873321533,4.216062068939209,4.058623790740967,3.434967279434204,3.259573459625244,3.1050212383270264,3.2092320919036865,3.389711856842041,3.59043288230896,3.6351375579833984,3.7941982746124268,3.7944490909576416,3.7600295543670654,3.619758367538452,3.516939401626587,3.47353458404541,3.3656299114227295,3.299431800842285,3.270768642425537,3.331552505493164,3.358024835586548,3.292262077331543,3.26516056060791,3.1884474754333496,3.0326931476593018,2.9659340381622314,2.8740804195404053,2.8103203773498535,2.5778253078460693,2.4969687461853027,2.503185749053955,2.4519755840301514
3.8291094303131104,4.146405220031738,4.050344944000244,3.903585433959961,4.064948558807373,4.177587985992432,4.116906642913818,4.203763484954834,3.8488118648529053,3.7684895992279053,3.5167601108551025,3.779214859008789,4.0361456871032715,3.8633875846862793,3.854621648788452,3.550687074661255,3.2852962017059326,3.156513214111328,3.2857816219329834,3.570775270462036,3.7122082710266113,3.7671234607696533,4.042740345001221,4.089313983917236,4.038163661956787,3.875575542449951,3.7084410190582275,3.5230519771575928,3.319889783859253,3.2199409008026123,3.310696840286255,3.338747501373291,3.3719968795776367,3.321708917617798,3.3177638053894043,3.1949729919433594,3.045222520828247,2.9747092723846436,2.9001781940460205,2.849754571914673,2.6682631969451904,2.5801615715026855,2.5934083461761475,2.5527114868164062
3.361403226852417,3.4641425609588623,3.5478315353393555,3.603501319885254,3.683925151824951,3.809267997741699,3.723391056060791,3.9001054763793945,3.705409288406372,3.6181867122650146,3.551304340362549,3.677849292755127,3.7014029026031494,3.5109338760375977,3.4645631313323975,3.661222219467163,3.5577456951141357,3.409282684326172,3.543070077896118,3.6962897777557373,3.8892416954040527,3.876988172531128,4.060302257537842,4.046151638031006,3.931725025177002,3.810001850128174,3.6795096397399902,3.458362340927124,3.376018762588501,3.2657313346862793,3.3845534324645996,3.346329689025879,3.4340102672576904,3.44978928565979,3.41731858253479,3.2392117977142334,3.111161470413208,2.9379682540893555,2.7732644081115723,2.583279609680176,2.4447433948516846,2.347743511199951,2.3776967525482178,2.483738422393799
3.0639073848724365,3.056764602661133,3.093229293823242,3.097018241882324,3.0693435668945312,3.18123459815979,3.113150119781494,3.254157543182373,3.2121224403381348,3.22926926612854,3.165256977081299,3.2695391178131104,3.385396957397461,3.2339022159576416,3.521458625793457,3.6091318130493164,3.4633467197418213,3.4088339805603027,3.730095624923706,4.1670074462890625,4.753615856170654,4.424900531768799,4.477154731750488,4.088873386383057,3.6790921688079834,3.459923028945923,3.6254942417144775,3.7017688751220703,3.4174773693084717,3.445957899093628,3.4992551803588867,3.496927261352539,3.595614194869995,3.7024857997894287,3.6768548488616943,3.497978925704956,3.3065242767333984,2.9826667308807373,2.600701093673706,2.2323696613311768,1.9899142980575562,1.951658010482788,2.2552037239074707,2.6483001708984375
2.7495834827423096,2.6962010860443115,2.758009195327759,2.7948226928710938,2.6293232440948486,2.672886371612549,3.046443223953247,3.056975841522217,3.2106223106384277,3.1806867122650146,3.064141035079956,3.121892213821411,3.2905118465423584,3.1341614723205566,3.580476999282837,3.3644602298736572,3.718620777130127,3.784633159637451,4.153072834014893,4.687780380249023,5.029233455657959,4.291403770446777,4.087052345275879,3.5295791625976562,3.459456443786621,3.452951192855835,3.726283073425293,4.05885648727417,3.6368207931518555,3.3064301013946533,3.368927240371704,3.5741324424743652,3.758357286453247,3.7597415447235107,3.5157206058502197,3.1369755268096924,2.7087604999542236,2.2935030460357666,1.9081716537475586,1.8165807723999023,2.0699353218078613,2.6147782802581787,3.210740089416504,3.517740488052368
2.4766831398010254,2.475003957748413,2.5344693660736084,2.5952820777893066,2.4509849548339844,2.465486526489258,2.931711196899414,2.970731496810913,2.999370574951172,2.945242404937744,3.1549606323242188,3.2691831588745117,3.4891371726989746,3.3757996559143066,3.390073776245117,3.4275736808776855,4.413851261138916,4.4402313232421875,4.472332000732422,4.549466133117676,4.618674278259277,3.815206289291382,3.2380387783050537,2.9499566555023193,3.53180193901062,3.7857162952423096,3.8485100269317627,3.7638626098632812,3.4870314598083496,3.2367935180664062,3.5610649585723877,3.8227386474609375,3.785926342010498,3.4633681774139404,3.004286766052246,2.4674086570739746,2.072997570037842,2.067497730255127,2.321016311645508,2.7748355865478516,3.299980640411377,3.6891562938690186,3.705612897872925,3.46480131149292
2.251725435256958,2.252423048019409,2.3628909587860107,2.410386085510254,2.404966354370117,2.3748273849487305,2.355430841445923,2.434783935546875,2.537949800491333,2.5592174530029297,2.9811182022094727,3.4843180179595947,3.5653226375579834,3.3862459659576416,3.2868399620056152,3.889040470123291,4.629462242126465,4.5657429695129395,4.469964504241943,4.567868709564209,4.700356960296631,4.5602192878723145,4.255184173583984,4.054365634918213,3.8741917610168457,3.49931001663208,3.2323966026306152,2.9844281673431396,3.196075916290283,3.5969533920288086,3.9687070846557617,3.857194185256958,3.374971389770508,2.8485233783721924,2.5115787982940674,2.4343619346618652,2.6633424758911133,3.1607182025909424,3.6269309520721436,3.813904047012329,3.6372032165527344,3.3357040882110596,3.007080316543579,2.8538224697113037
2.0419716835021973,2.063133716583252,2.1106135845184326,2.199774742126465,2.1988284587860107,2.186877727508545,2.0390000343322754,2.014983654022217,2.274139404296875,2.416696310043335,2.7173843383789062,3.2512612342834473,3.338515043258667,3.382514715194702,4.039681434631348,4.4758381843566895,4.581408500671387,4.500189304351807,4.690267086029053,5.226622104644775,5.071045875549316,5.045743942260742,5.694009304046631,5.275899887084961,4.291061878204346,2.975174903869629,2.591082811355591,2.73310923576355,3.2041358947753906,3.463369607925415,3.4864108562469482,3.176862955093384,2.6716830730438232,2.4300966262817383,2.6058688163757324,3.2127487659454346,3.8590993881225586,3.7324917316436768,3.597572088241577,3.373671531677246,3.112330436706543,3.0181334018707275,3.0174410343170166,2.886521577835083
1.9590678215026855,1.8827258348464966,1.970668911933899,2.0123820304870605,1.9919320344924927,1.9672987461090088,1.966206669807434,1.9327542781829834,2.1324069499969482,2.4570937156677246,2.961986780166626,3.1668615341186523,3.3235373497009277,4.558910369873047,4.913183212280273,4.948118686676025,5.08073091506958,4.8369460105896,4.936882495880127,5.117037296295166,4.826542854309082,4.21746301651001,4.757684230804443,4.717377662658691,4.487519264221191,3.891629219055176,3.3567233085632324,2.9462685585021973,2.7957923412323,2.491361618041992,2.400923490524292,2.3433470726013184,2.7909488677978516,3.405318260192871,3.3549985885620117,3.848574638366699,4.289482593536377,3.614567995071411,3.135075569152832,3.026524305343628,3.057107448577881,3.0591046810150146,2.9311118125915527,2.5675463676452637
1.8747886419296265,1.833904504776001,1.8683682680130005,1.9084219932556152,1.955974817276001,1.972123622894287,1.9969971179962158,2.059603214263916,2.291116952896118,2.540675401687622,2.9852840900421143,3.081660509109497,3.5722780227661133,5.091891765594482,5.008546352386475,4.8507513999938965,4.889637470245361,4.678050994873047,4.585618019104004,4.261033058166504,4.178455352783203,3.959785223007202,3.2654638290405273,2.676074981689453,3.7407212257385254,5.340000629425049,5.578881740570068,3.8145387172698975,1.8725414276123047,1.4179548025131226,1.655028223991394,2.2585411071777344,3.68699312210083,4.502389907836914,3.817849636077881,3.8710787296295166,3.869227170944214,3.5256752967834473,3.378547430038452,2.944019317626953,2.8342409133911133,2.7030091285705566,2.4808809757232666,2.396150588989258
1.8463997840881348,1.824656367301941,1.831078052520752,1.8486398458480835,1.9033044576644897,2.0040931701660156,2.2305173873901367,2.2106893062591553,2.385789394378662,2.2634761333465576,2.606309413909912,3.455519437789917,4.074705600738525,4.7195916175842285,4.31072473526001,4.027296543121338,3.850996255874634,4.006392955780029,4.571014404296875,3.9977974891662598,3.4488940238952637,4.0718560218811035,3.3512766361236572,2.3488335609436035,2.9314606189727783,4.832375526428223,5.3946638107299805,5.380562782287598,3.3416855335235596,1.3886489868164062,1.5260592699050903,2.563035726547241,3.375133752822876,3.949746608734131,4.05594539642334,4.258628845214844,3.8580641746520996,3.7503814697265625,3.7712411880493164,2.827469825744629,2.737165927886963,2.6370630264282227,2.458458662033081,2.756577730178833
1.848034143447876,1.809631109237671,1.7975648641586304,1.8318036794662476,1.7753876447677612,2.093970775604248,2.346949815750122,2.36814284324646,2.2767319679260254,2.2189254760742188,3.0652010440826416,4.131688594818115,4.133731365203857,3.9346275329589844,3.8531737327575684,3.7197670936584473,3.4684572219848633,3.8559422492980957,4.774145603179932,4.032661437988281,3.439584732055664,3.624628782272339,3.905604362487793,3.590104818344116,3.03472638130188,3.195547580718994,3.557286024093628,4.991425514221191,5.383984088897705,3.7658562660217285,3.3075132369995117,3.4425747394561768,2.7650716304779053,3.1698615550994873,4.004515171051025,4.249782085418701,3.957274913787842,3.655416250228882,3.637260913848877,2.872809886932373,2.901334762573242,2.8081448078155518,2.8924007415771484,2.8522660732269287
1.8773460388183594,1.8516758680343628,1.822640299797058,1.8077820539474487,1.8075807094573975,2.0908474922180176,2.1839773654937744,2.3669869899749756,2.441600799560547,2.8781046867370605,3.796442747116089,4.118113994598389,3.807323455810547,3.514519214630127,3.5795254707336426,3.7618932723999023,3.7999086380004883,4.083784580230713,4.310122013092041,3.9495491981506348,3.2995686531066895,3.384235382080078,4.111347198486328,4.531091213226318,3.804588794708252,2.691861391067505,2.3911046981811523,3.0207901000976562,4.191560745239258,5.464846611022949,5.2313690185546875,4.545777320861816,3.561659336090088,3.562676191329956,3.672635316848755,3.652656316757202,3.679844617843628,3.59749436378479,3.6783344745635986,3.383119821548462,2.9811601638793945,2.9854612350463867,2.9538652896881104,2.4569895267486572
1.9105260372161865,1.8621845245361328,1.8353121280670166,1.838666558265686,1.891502022743225,2.111219882965088,2.115391731262207,2.450484037399292,2.8458399772644043,3.4311506748199463,3.9829940795898438,3.9981136322021484,3.48056697845459,3.5426788330078125,3.595608711242676,4.228845596313477,4.303417682647705,3.7785897254943848,3.4123172760009766,3.3305957317352295,3.5322513580322266,3.727043390274048,4.018446445465088,4.111817836761475,3.6891069412231445,2.98294997215271,2.7223050594329834,2.910065174102783,3.551748514175415,4.568227291107178,4.662172317504883,4.41753625869751,4.0054521560668945,3.5102856159210205,3.481738328933716,3.6147947311401367,3.1306943893432617,3.1685264110565186,3.671184539794922,3.3376643657684326,2.974141836166382,3.2411930561065674,2.7343733310699463,2.0879454612731934
1.8843631744384766,1.8547356128692627,1.827771782875061,1.855034589767456,1.8689732551574707,2.1007847785949707,2.2969956398010254,2.4353408813476562,2.9933009147644043,3.5850815773010254,3.916288137435913,3.9504005908966064,3.348997116088867,3.681215763092041,3.7695059776306152,4.30965518951416,3.871133327484131,3.1386680603027344,2.9365484714508057,3.179518461227417,4.0583086013793945,4.342668533325195,3.661869525909424,3.0227506160736084,2.7806215286254883,3.2286834716796875,3.481661081314087,4.059939384460449,4.4583659172058105,3.904446840286255,2.9733903408050537,3.1078054904937744,2.9946556091308594,2.684298276901245,3.494426965713501,4.214062213897705,3.044219493865967,3.0497498512268066,2.9390127658843994,2.634167432785034,2.6269989013671875,2.7683568000793457,2.045297622680664,1.4964654445648193
1.8981462717056274,1.8574128150939941,1.83686101436615,1.8675040006637573,1.994118571281433,2.0331618785858154,2.2417802810668945,2.3121724128723145,3.063109874725342,3.6221671104431152,3.7895984649658203,3.675701379776001,3.5684256553649902,3.92592716217041,3.7531015872955322,3.6655309200286865,2.929560661315918,2.4267845153808594,2.6445870399475098,3.309664011001587,4.349002838134766,4.107240676879883,3.427420139312744,3.000802755355835,2.659855604171753,3.0898537635803223,3.79068922996521,4.37174129486084,4.809976100921631,4.894283294677734,2.8895115852355957,1.7732640504837036,2.2248575687408447,2.9273548126220703,3.7551536560058594,4.216802597045898,3.4820802211761475,3.5764355659484863,2.6629233360290527,2.405524969100952,2.382997512817383,2.3415918350219727,1.4564549922943115,1.0545926094055176
1.844626545906067,1.8293216228485107,1.831393837928772,1.8733513355255127,2.0789711475372314,2.043731927871704,2.324881076812744,2.363295793533325,3.147296190261841,3.5732688903808594,3.419848918914795,3.3211398124694824,3.8551807403564453,4.205702304840088,3.7269349098205566,2.9382801055908203,2.2621212005615234,2.26426362991333,3.082367420196533,3.429490566253662,3.371443033218384,3.1959080696105957,3.5509181022644043,3.189220428466797,2.918863296508789,3.0901718139648438,3.474928140640259,3.6019153594970703,4.156717300415039,5.181896209716797,4.4168901443481445,2.764646053314209,2.571910858154297,3.4516117572784424,3.594619035720825,3.447202682495117,3.301459312438965,3.402738094329834,2.8496570587158203,2.802617311477661,2.8713173866271973,2.7252120971679688,2.2318170070648193,1.4770610332489014
1.7422678470611572,1.7428141832351685,1.788036823272705,1.8749967813491821,2.038938045501709,2.125418186187744,2.4453296661376953,2.5746119022369385,3.0544276237487793,3.1410140991210938,2.759871482849121,2.9455835819244385,3.839948892593384,4.06035041809082,3.5269615650177,2.5934009552001953,2.591876983642578,3.2931935787200928,3.4775872230529785,3.1748194694519043,2.395176410675049,2.273667812347412,2.8305230140686035,3.107357978820801,3.311574697494507,3.551168441772461,3.1802546977996826,2.8813202381134033,3.2505552768707275,3.755655288696289,5.092577934265137,4.60391092300415,2.997354030609131,3.022099733352661,3.0616614818573,2.7645888328552246,2.607140302658081,2.404418706893921,2.570563793182373,2.732048749923706,2.5234017372131348,2.46172833442688,2.694304943084717,1.531006097793579
1.6261916160583496,1.645885705947876,1.7337138652801514,1.8571758270263672,2.026818037033081,2.2291479110717773,2.45902156829834,2.71269154548645,3.0031039714813232,2.8763866424560547,3.0257444381713867,3.25457763671875,3.3241047859191895,3.3097240924835205,2.9733285903930664,2.599489688873291,3.3249197006225586,3.71956467628479,2.941472053527832,2.772092342376709,2.5201613903045654,2.1060197353363037,2.116128444671631,2.7614457607269287,3.657747507095337,4.006720066070557,3.3389337062835693,3.098057746887207,2.7307608127593994,2.660393238067627,3.86538028717041,4.534730434417725,3.3615469932556152,2.9388363361358643,2.7808678150177,2.3610730171203613,1.988221526145935,1.8465406894683838,1.9204891920089722,1.6067490577697754,1.3159562349319458,1.3719943761825562,2.1037673950195312,1.5970394611358643
