demo/1400-wind-surface-level-gfs-1.0.json
{"header": {"productDefinitionTemplate": 0, "surface1Type": 103, "productStatus": 0, "disciplineName": "Meteorological products", "subDivisions": 0, "winds": "true", "parameterNumberName": "U-component_of_wind", "discipline": 0, "surface2Value": 0, "significanceOfRTName": "Start of forecast", "surface2TypeName": "Missing", "surface2Type": 255, "productTypeName": "Forecast products", "dx": 0.024617210030555725, "dy": 0.01798853650689125, "numberPoints": 65160, "productStatusName": "Operational products", "gribEdition": 2, "parameterUnit": "m.s-1", "forecastTime": 0, "refTime": "2020-09-29T14:00:00.000Z", "productType": 1, "genProcessTypeName": "Forecast", "scanMode": 0, "genProcessType": 2, "gribLength": 11338.0, "significanceOfRT": 1, "productDefinitionTemplateName": "Analysis/forecast at horizontal level/layer at a point in time", "centerName": "WRF OUTPUT", "la1": 43.66691207885742, "la2": 42.426788330078125, "lo2": 13.70867919921875, "gridUnits": "degrees", "surface1Value": 10, "shapeName": "Earth spherical with radius of 6,371,229.0 m", "surface1TypeName": "Specified height level above ground", "nx": 70.0, "ny": 70.0, "lo1": 12.008544921875, "basicAngle": 0, "gridDefinitionTemplate": 0, "shape": 6, "parameterNumber": 2, "subcenter": 0, "parameterCategoryName": "Momentum", "parameterCategory": 2, "center": 0, "gridDefinitionTemplateName": "Latitude_Longitude", "resolution": 48}, "data":
[rows 38 to 56 of 70, columns 0 to 42 of 70]
1.254873275756836,1.1344126462936401,-0.0016672522760927677,-1.7649476528167725,-1.8066108226776123,-0.9617571234703064,-0.7027310132980347,0.4000415802001953,1.3658422231674194,1.6826786994934082,1.8572204113006592,2.0033719539642334,2.309971332550049,2.1401987075805664,1.7748308181762695,1.4290467500686646,0.8548935055732727,-0.13821741938591003,0.3740808963775635,0.5223144888877869,0.12743167579174042,0.5310620665550232,0.5990488529205322,1.4899895191192627,1.7846899032592773,1.5425961017608643,1.3670942783355713,1.1789411306381226,1.7051831483840942,2.199169397354126,2.130324363708496,1.528674602508545,1.2235805988311768,1.1536754369735718,1.25681471824646,1.9717251062393188,2.2814853191375732,2.1196601390838623,1.9188854694366455,2.786701202392578,2.7410054206848145,0.016068069264292717,-0.7959051728248596
1.2882771492004395,1.1081936359405518,0.04227446764707565,-1.7110300064086914,-1.6487879753112793,-0.8063535690307617,-0.5740143060684204,0.5679186582565308,1.4267908334732056,1.806118130683899,1.9002641439437866,2.0628714561462402,2.149775981903076,1.98451828956604,1.844400405883789,1.6372292041778564,0.6995351314544678,-0.4654368460178375,0.127781942486763,0.20710311830043793,0.050129327923059464,0.5555365681648254,0.7501219511032104,1.442501187324524,1.4431242942810059,1.120833396911621,1.2581672668457031,1.4645859003067017,1.8860313892364502,1.8970146179199219,1.575026512145996,0.8429983854293823,0.9290919303894043,2.133559226989746,2.0506560802459717,1.3566681146621704,1.8185359239578247,2.6336851119995117,2.5402538776397705,2.7751893997192383,2.649224281311035,-0.09306659549474716,-0.9900716543197632
1.2761338949203491,1.069977879524231,0.21050693094730377,-1.4683592319488525,-1.4567320346832275,-0.5963562726974487,-0.3531676232814789,0.6417949199676514,1.505413293838501,1.8253822326660156,1.9027131795883179,1.9245293140411377,2.042595863342285,1.9869682788848877,1.9435747861862183,2.0335512161254883,1.0442696809768677,-0.2040872722864151,-0.07181767374277115,-0.02286890149116516,0.28411754965782166,1.0455517768859863,1.1651939153671265,1.135721206665039,1.1374577283859253,1.1598635911941528,1.3932163715362549,1.8916594982147217,2.056544303894043,1.8037097454071045,1.4975223541259766,0.9806756377220154,1.2197487354278564,2.1134519577026367,1.8941149711608887,1.3891957998275757,2.0627830028533936,2.809328079223633,2.150625467300415,2.1004340648651123,1.9997055530548096,-0.4977104365825653,-1.2804303169250488
1.358530044555664,1.1550781726837158,0.524612545967102,-1.06489896774292,-1.10744047164917,-0.32707494497299194,-0.3043102025985718,0.6861366033554077,1.7316054105758667,1.850185751914978,1.9325308799743652,1.903883695602417,1.7864270210266113,2.0477874279022217,2.2101547718048096,2.20440673828125,0.8946956992149353,-0.8507013916969299,-0.8758290410041809,-0.21483029425144196,0.5922062993049622,1.4066166877746582,1.9867645502090454,1.6144623756408691,0.9275085926055908,1.0863486528396606,1.6462812423706055,2.0840752124786377,1.9559657573699951,1.7410093545913696,1.905836582183838,1.4433647394180298,1.3155244588851929,2.078437089920044,2.3578312397003174,2.1050968170166016,2.22912335395813,2.403508186340332,2.046095371246338,2.4048123359680176,1.9225043058395386,-0.5131486654281616,-1.0556608438491821
1.4493324756622314,1.2071268558502197,0.7853183746337891,-0.5577787160873413,-0.9724664688110352,-0.3452162742614746,-0.12276913225650787,0.7313238978385925,1.9192380905151367,2.0546927452087402,1.936841607093811,1.647429347038269,1.6716200113296509,1.9230834245681763,2.4782001972198486,1.6304571628570557,-0.8883886933326721,-1.6727932691574097,-0.9689604043960571,0.04821598157286644,1.110790729522705,1.6394833326339722,2.1131765842437744,2.0280182361602783,1.2138123512268066,1.0488561391830444,1.580580711364746,1.950486183166504,1.9669758081436157,2.007747173309326,2.1090445518493652,1.3224529027938843,1.1751232147216797,2.2967023849487305,2.640684127807617,2.3164007663726807,2.1040537357330322,2.133453845977783,1.9961597919464111,2.534959077835083,1.2338812351226807,-0.9203388094902039,-0.8681153059005737
1.590647578239441,1.3439877033233643,0.9480255246162415,-0.37060868740081787,-0.6304152607917786,0.18972750008106232,0.49771028757095337,1.0274600982666016,1.6831332445144653,1.8770686388015747,1.93233060836792,1.5084947347640991,1.1377778053283691,1.91489839553833,1.9214807748794556,-0.5372339487075806,-1.6825960874557495,-0.8710690140724182,-0.42708370089530945,0.44397786259651184,1.3463667631149292,1.8717399835586548,2.110262393951416,2.174077033996582,1.7934551239013672,1.5812326669692993,1.528303861618042,1.7129701375961304,1.7695930004119873,1.9299006462097168,2.0491724014282227,1.1182920932769775,1.242628574371338,3.0112733840942383,2.9433493614196777,2.2445478439331055,2.1629650592803955,1.6755281686782837,2.398101568222046,2.5340821743011475,-0.14864933490753174,-1.4680052995681763,-0.8818897604942322
1.869996428489685,1.6283843517303467,1.1609761714935303,0.05903152748942375,-0.26875370740890503,0.7969774603843689,1.2119877338409424,0.8608705401420593,1.210384726524353,1.8922274112701416,1.9291512966156006,1.5973747968673706,1.109749674797058,1.7462923526763916,1.4328988790512085,-1.1417371034622192,-1.214176058769226,0.10466283559799194,0.5317156910896301,1.072304368019104,1.357893943786621,1.707019329071045,2.138176441192627,2.099111557006836,1.978174090385437,2.3114397525787354,1.7956233024597168,1.3552346229553223,1.561177134513855,1.9048131704330444,2.033107042312622,1.1919289827346802,1.3761954307556152,2.898622512817383,2.5941131114959717,1.7302954196929932,1.7208218574523926,0.998538613319397,1.1894129514694214,0.5744152069091797,-0.933330237865448,-1.1177102327346802,-0.8227147459983826
2.2727863788604736,2.0465786457061768,1.4129468202590942,0.48069724440574646,0.089989073574543,0.7286276817321777,1.4295932054519653,1.2845845222473145,1.139196515083313,1.6972631216049194,1.7875638008117676,1.3179458379745483,0.7673025727272034,1.296978235244751,0.8790832757949829,-1.19430410861969,-0.8008277416229248,0.6886919736862183,1.278646469116211,1.5129296779632568,1.6962056159973145,1.931555986404419,2.1338515281677246,2.182424545288086,2.267677068710327,2.555651903152466,2.366252899169922,1.7614587545394897,1.4861630201339722,1.511021375656128,1.7523257732391357,1.3369731903076172,1.5999928712844849,2.927126884460449,2.818772077560425,2.074714422225952,1.8353317975997925,1.5211527347564697,0.49891433119773865,-0.2130196988582611,-0.42152148485183716,-1.081561803817749,-0.4879533052444458
2.5814926624298096,2.407914400100708,1.6921138763427734,0.9065646529197693,0.4709911048412323,0.6011735200881958,1.205272912979126,1.3381553888320923,1.1551624536514282,1.8454458713531494,2.049795150756836,1.373405933380127,0.6936467885971069,1.143182635307312,0.6612693667411804,-1.1542309522628784,-0.5822762250900269,0.9958218932151794,1.536948561668396,1.5231329202651978,1.6606982946395874,1.9218195676803589,2.2611374855041504,2.496152877807617,2.3283464908599854,2.0113255977630615,1.5884054899215698,1.5018202066421509,1.6607099771499634,1.5682806968688965,1.5968382358551025,1.5890361070632935,2.283409595489502,2.595125198364258,2.1372857093811035,2.0810201168060303,2.1102585792541504,1.7299740314483643,0.7950295805931091,0.24199606478214264,-0.1211884617805481,-0.7556447386741638,-0.0883343517780304
2.7421762943267822,2.5923328399658203,1.8979277610778809,1.1851205825805664,0.9077315926551819,0.8041298389434814,0.9780396223068237,1.2325712442398071,1.1544244289398193,1.5550166368484497,2.010307788848877,1.73932945728302,1.2027816772460938,0.7536678314208984,-0.4191022217273712,-1.1545771360397339,0.04040976241230965,1.4007775783538818,1.8833383321762085,1.8781713247299194,1.9453436136245728,1.8288800716400146,1.7906748056411743,1.7189832925796509,1.5204436779022217,1.3436179161071777,1.314001202583313,1.5951610803604126,1.6930596828460693,1.4740080833435059,1.389137625694275,1.969184398651123,2.9278206825256348,2.8739681243896484,2.4586572647094727,2.5193381309509277,2.410625457763672,1.9414405822753906,0.9961127638816833,0.5245113372802734,-0.02887684665620327,-0.41077950596809387,0.4428066909313202
2.817746877670288,2.591670036315918,1.9790924787521362,1.3272029161453247,1.2191450595855713,1.2081724405288696,0.903260350227356,0.9630556702613831,1.0616031885147095,0.890407383441925,1.2347136735916138,2.1950769424438477,1.791189193725586,0.2249453216791153,-0.8392934799194336,-0.45809653401374817,0.8710120320320129,1.3939989805221558,1.5131373405456543,1.8066095113754272,1.8337922096252441,1.758095145225525,1.6998553276062012,1.6461986303329468,1.6926023960113525,1.6635850667953491,1.9507428407669067,2.5329949855804443,2.4685661792755127,2.0544331073760986,1.9020246267318726,2.345689535140991,2.580282211303711,2.2558279037475586,2.121406078338623,2.578023910522461,2.4813144207000732,1.8420401811599731,1.1311088800430298,0.6944714784622192,-0.06282733380794525,0.028401164337992668,1.200868010520935
2.818516731262207,2.5495898723602295,2.037919759750366,1.5811247825622559,1.4437943696975708,1.447666049003601,1.1987384557724,0.9063583016395569,0.9799230098724365,0.7283169031143188,0.7206474542617798,1.4820692539215088,1.1511527299880981,0.17224080860614777,-0.04393190145492554,0.3539971709251404,1.1427050828933716,1.4693806171417236,1.5499744415283203,1.6033681631088257,1.8596961498260498,1.9912939071655273,1.8573708534240723,1.703591227531433,1.7219045162200928,2.0192017555236816,2.3953025341033936,2.5123562812805176,2.327425479888916,1.876883864402771,1.9057645797729492,2.5747663974761963,2.599029541015625,2.111233949661255,1.844363808631897,2.0787293910980225,2.2919235229492188,1.7921854257583618,1.3556610345840454,0.823449969291687,0.15567690134048462,0.5626634359359741,2.2138617038726807
2.7041268348693848,2.4511728286743164,2.1201608180999756,1.759308099746704,1.474602222442627,1.4523011445999146,1.441646933555603,0.8816447257995605,0.7338995337486267,0.8341057300567627,0.8794076442718506,1.0768249034881592,0.29560360312461853,-0.24326877295970917,0.6302717328071594,1.1985646486282349,1.1613237857818604,1.2334823608398438,1.576748251914978,1.8615282773971558,2.0135109424591064,2.0360865592956543,1.972829818725586,1.9968528747558594,2.2238409519195557,2.6061930656433105,2.7185983657836914,2.339684009552002,1.1987680196762085,0.6453455090522766,1.6221184730529785,2.8858041763305664,2.6992788314819336,1.441187858581543,0.8496596813201904,0.6908869743347168,0.5852803587913513,0.7934370636940002,1.2403013706207275,1.0656814575195312,0.6734092831611633,1.0509437322616577,2.680190086364746
2.6843819618225098,2.389173746109009,2.1108319759368896,1.8391075134277344,1.6547719240188599,1.3933197259902954,1.284103512763977,0.9247187376022339,0.5089424252510071,0.7423484921455383,0.9676835536956787,0.10783693939447403,-0.5596814751625061,-0.2639158070087433,0.8823681473731995,1.729369044303894,1.5057246685028076,1.2487303018569946,1.420096755027771,1.9281716346740723,2.181995391845703,2.071845531463623,2.2042105197906494,2.597679615020752,2.791598081588745,2.8745007514953613,2.3456947803497314,0.38775017857551575,-0.8665767908096313,0.6580255031585693,2.749955654144287,2.9472732543945312,1.203141450881958,-0.7472846508026123,-0.5024012923240662,-0.12263543903827667,0.26369360089302063,1.037366271018982,1.5127500295639038,1.960087776184082,1.8419750928878784,1.8588286638259888,2.924060583114624
2.674238681793213,2.3432013988494873,2.087646961212158,1.8864930868148804,1.7080191373825073,1.5073447227478027,1.301457166671753,0.29155194759368896,-0.402280330657959,0.1710410863161087,0.33338528871536255,-0.5552812218666077,-0.3402211666107178,0.2436290979385376,0.5768194198608398,1.3592736721038818,1.6174263954162598,1.4989464282989502,1.383916974067688,1.4921824932098389,1.605607509613037,1.8803045749664307,2.3155722618103027,2.5999088287353516,2.346397876739502,2.2808194160461426,0.8225716352462769,-1.340126872062683,-0.4631710946559906,2.1261861324310303,3.4783077239990234,1.6066911220550537,-0.7549856901168823,-0.6235710382461548,-0.4755149185657501,-0.13742536306381226,0.7629135847091675,1.1354900598526,1.9283024072647095,2.8703925609588623,2.7198922634124756,2.4518532752990723,2.717632293701172
2.6449942588806152,2.209636688232422,1.9108682870864868,1.7969002723693848,1.6484266519546509,0.8933426737785339,-0.0064483643509447575,-0.7888128757476807,-0.5645911693572998,-0.34180814027786255,-0.41351747512817383,-0.16365472972393036,0.2146460860967636,0.7973366379737854,0.9476800560951233,1.1548640727996826,1.5784353017807007,1.7966235876083374,1.8265185356140137,1.539995551109314,1.6366500854492188,2.3344218730926514,2.6614174842834473,2.370418071746826,1.9002175331115723,1.4461580514907837,-0.4459652304649353,-1.2916916608810425,0.46342307329177856,2.757577896118164,2.1391923427581787,-0.2935608923435211,-0.7282001972198486,-0.5536073446273804,-0.7782719731330872,0.021985862404108047,1.1673702001571655,1.2079801559448242,1.7190639972686768,1.8306021690368652,1.5950922966003418,2.1823954582214355,1.906256914138794
2.558741807937622,1.988233208656311,1.6774260997772217,1.5148590803146362,0.5364354252815247,-0.6767804026603699,-0.6410738825798035,-0.7821164727210999,-0.6468198299407959,-0.8072492480278015,-0.7330463528633118,0.30130329728126526,0.7147095799446106,0.9431620836257935,1.310378074645996,1.4577672481536865,1.5748807191848755,1.8449482917785645,2.022453546524048,2.030245304107666,2.080112934112549,2.2695014476776123,2.290332794189453,2.0217857360839844,1.5167033672332764,0.8279584646224976,-0.025826653465628624,0.10673058778047562,1.5587892532348633,2.3846518993377686,1.7442797422409058,1.2635594606399536,0.20202426612377167,-0.9349084496498108,-0.3754251301288605,1.0061745643615723,0.7017458081245422,-0.263662725687027,0.6727168560028076,1.414824366569519,1.5147607326507568,1.7763714790344238,1.6323823928833008
2.666083574295044,1.9749675989151,1.30016028881073,0.9720306992530823,-0.03131423890590668,-0.8113346099853516,-0.5343188047409058,-0.6314212083816528,-0.5217424035072327,-0.7520921230316162,-0.5341798067092896,0.6743984222412109,1.1399636268615723,1.1537784337997437,1.447149395942688,1.6835633516311646,1.791465401649475,1.9321222305297852,2.134688377380371,2.1965067386627197,2.261686086654663,2.446049213409424,2.3118159770965576,1.9985923767089844,0.8145604133605957,-0.6233640909194946,-0.7970843315124512,0.06635823845863342,1.5107966661453247,2.276379346847534,2.535820245742798,2.665954351425171,0.5688253045082092,-0.8357442021369934,-0.18045544624328613,0.5691905617713928,1.0108561515808105,0.8933621644973755,0.8903680443763733,1.7159157991409302,1.8763066530227661,0.5019941329956055,0.5074071288108826
2.7552666664123535,1.995008945465088,1.2152010202407837,0.8885651230812073,-0.0715322270989418,-0.7362366318702698,-0.48758095502853394,-0.23445065319538116,-0.04167085886001587,-0.6251126527786255,-0.38971367478370667,0.8123223781585693,1.3508925437927246,1.3578287363052368,1.48837149143219,1.5788427591323853,1.6643056869506836,1.692549705505371,1.9640709161758423,2.035914897918701,1.9995508193969727,1.8979830741882324,2.037250280380249,1.439683437347412,-0.8969502449035645,-1.6425942182540894,-0.8639136552810669,0.23435986042022705,2.12784743309021,2.422450542449951,2.4541823863983154,1.9974020719528198,-0.4481527805328369,-1.2916793823242188,-0.04622974246740341,0.42941319942474365,0.973461925983429,1.8263405561447144,1.981546401977539,2.450021982192993,0.674811840057373,-1.5139576196670532,-0.47915327548980713
