demo/1400-wind-surface-level-gfs-1.0.json
{"header": {"discipline": 0, "disciplineName": "Meteorological products", "gribEdition": 2, "gribLength": 11338.0, "center": 0, "centerName": "WRF OUTPUT", "subcenter": 0, "refTime": "2020-10-09T12:00:00.000Z", "significanceOfRT": 1, "significanceOfRTName": "Start of forecast", "productStatus": 0, "productStatusName": "Operational products", "productType": 1, "productTypeName": "Forecast products", "productDefinitionTemplate": 0, "productDefinitionTemplateName": "Analysis/forecast at horizontal level/layer at a point in time", "parameterCategory": 2, "parameterCategoryName": "Momentum", "parameterNumber": 3, "parameterNumberName": "V-component_of_wind", "parameterUnit": "m.s-1", "genProcessType": 2, "genProcessTypeName": "Forecast", "forecastTime": 0, "surface1Type": 103, "surface1TypeName": "Specified height level above ground", "surface1Value": 10, "surface2Type": 255, "surface2TypeName": "Missing", "surface2Value": 0, "gridDefinitionTemplate": 0, "gridDefinitionTemplateName": "Latitude_Longitude", "numberPoints": 65160, "shape": 6, "shapeName": "Earth spherical with radius of 6,371,229.0 m", "gridUnits": "degrees", "resolution": 48, "winds": "true", "scanMode": 0, "nx": 70.0, "ny": 70.0, "basicAngle": 0, "subDivisions": 0, "lo1": 12.008544921875, "la1": 43.66691207885742, "lo2": 13.70867919921875, "la2": 42.426788330078125, "dx": 0.024617210030555725, "dy": 0.01798853650689125}, "data":
[rows 19 to 37 of 70, columns 0 to 41 of 70]
-0.09000290930271149,-0.11049742251634598,-0.12307732552289963,-0.033525172621011734,0.1654466688632965,0.5347031354904175,0.5552636384963989,0.9300215840339661,1.12894606590271,0.9014630913734436,0.7859618067741394,0.3972630202770233,-0.3341919481754303,-0.4243542551994324,-0.37149208784103394,0.2525825798511505,0.9283407330513,0.6109636425971985,-0.010244473814964294,-0.28148359060287476,-0.26353031396865845,-0.52586829662323,-1.0521334409713745,-1.162750244140625,-0.5864337682723999,0.25014960765838623,0.9554938673973083,1.2969403266906738,0.8256189227104187,0.33440420031547546,0.7174572348594666,1.0548427104949951,0.8584787845611572,-0.2899335026741028,-0.5013023018836975,-0.684368371963501,-0.9891880750656128,-1.0655814409255981,-1.0090222358703613,-0.5234552621841431,-0.44838830828666687,-0.11331912130117416
0.0945674404501915,0.10500873625278473,0.13472102582454681,0.23891986906528473,0.4408020079135895,0.738111138343811,0.40340521931648254,1.2027424573898315,1.7023911476135254,1.6391761302947998,1.3907564878463745,0.7518103718757629,-0.36169594526290894,-0.7348054647445679,-0.7051033973693848,-0.2695353329181671,-0.0405542254447937,-0.18681830167770386,-0.20278364419937134,-0.11644893884658813,-0.24469825625419617,-0.5307608842849731,-0.9679573774337769,-0.9100784063339233,-0.7297598123550415,-0.3320847749710083,0.2729089856147766,0.6883601546287537,0.8128606081008911,0.8603443503379822,1.132206678390503,0.937080979347229,0.6342132091522217,-0.07230934500694275,-0.4046627879142761,-0.7433359622955322,-1.215065598487854,-1.335629940032959,-1.343591332435608,-1.1669847965240479,-1.0644783973693848,-0.7536333799362183
0.27700644731521606,0.3433752954006195,0.42490530014038086,0.5358263850212097,0.7636592388153076,0.6961171627044678,0.7293341755867004,1.6777210235595703,1.9977974891662598,1.5385215282440186,0.354901522397995,-0.15937788784503937,-0.8322579264640808,-1.0920219421386719,-1.011128306388855,-0.7486119270324707,-0.43526649475097656,-0.16504625976085663,-0.15916544198989868,-0.22005224227905273,-0.43808186054229736,-0.47873368859291077,-0.715944766998291,-1.2176389694213867,-0.8225548267364502,0.11987704038619995,0.6479119062423706,1.0407370328903198,1.1869186162948608,1.1173999309539795,1.059251308441162,0.6892156004905701,0.3535909056663513,-0.7408543229103088,-0.7786204814910889,-1.2382036447525024,-1.3993815183639526,-1.252232313156128,-1.31916344165802,-1.3368659019470215,-1.304663896560669,-1.1606636047363281
0.4667876362800598,0.6383247375488281,0.7967859506607056,0.9228565692901611,1.051987648010254,0.9969321489334106,1.5506408214569092,1.8705719709396362,1.6453170776367188,1.2344162464141846,-0.1694345474243164,-0.900363564491272,-0.8467888832092285,-0.9668059349060059,-1.0479077100753784,-0.7487474679946899,-0.3435521125793457,0.11265914142131805,0.22539609670639038,0.2793579697608948,0.3310946226119995,0.49550554156303406,0.36912548542022705,-0.5720962285995483,0.5292928814888,1.7155944108963013,1.7731692790985107,1.704310655593872,1.4463610649108887,0.6796411871910095,0.036284834146499634,-0.31053853034973145,0.19052362442016602,-0.8564505577087402,-1.7212889194488525,-1.6780688762664795,-1.3263213634490967,-1.365401268005371,-1.4941935539245605,-1.4378814697265625,-1.4472861289978027,-1.2600603103637695
0.6259014010429382,0.9022935628890991,1.1240394115447998,1.2645368576049805,1.2742531299591064,1.671375036239624,1.8463923931121826,1.4050331115722656,1.2636299133300781,1.0309340953826904,-0.036230430006980896,-0.21830964088439941,0.6278625130653381,0.5649203658103943,-0.10305890440940857,-0.35476189851760864,-0.058120645582675934,0.39101022481918335,0.8476654887199402,1.0513468980789185,1.0101979970932007,1.1115739345550537,1.0456416606903076,1.0834383964538574,2.061971664428711,2.0928633213043213,1.568788766860962,1.2986540794372559,0.761304497718811,0.04792776703834534,-0.6405390501022339,-0.9235080480575562,-0.10881295800209045,-0.027259185910224915,-1.501966953277588,-1.7256752252578735,-1.1964622735977173,-1.3645739555358887,-1.5749517679214478,-1.559614896774292,-1.5924198627471924,-1.4527801275253296
0.7184707522392273,1.0549170970916748,1.318467378616333,1.4962613582611084,1.828041672706604,2.113712787628174,1.5545059442520142,1.0170578956604004,1.1246676445007324,0.9211602210998535,0.34587228298187256,0.368791401386261,1.376180648803711,1.1495481729507446,0.1009182333946228,-0.2287173569202423,0.20651960372924805,0.3014400601387024,0.6084350943565369,0.750578761100769,0.8630552291870117,1.1603856086730957,1.1592894792556763,1.0366194248199463,1.4759533405303955,1.7803547382354736,1.4921765327453613,1.0618704557418823,0.48818671703338623,0.17905977368354797,-0.1277245730161667,-0.6302689909934998,-0.44226157665252686,-0.0680401474237442,-0.8170296549797058,-1.194145917892456,-1.1735188961029053,-1.4226839542388916,-1.5764052867889404,-1.6222259998321533,-1.6439992189407349,-1.5292019844055176
0.7511244416236877,1.1142935752868652,1.412725567817688,1.6624858379364014,2.138962745666504,1.7759902477264404,1.2593305110931396,1.3447678089141846,1.4159433841705322,0.8277366161346436,0.14671394228935242,0.4555214047431946,2.02959942817688,1.5579558610916138,0.04951930046081543,-0.4344075918197632,0.404234915971756,0.3652116358280182,0.4180627763271332,0.5674996376037598,0.8976373672485352,1.086766004562378,1.050553560256958,0.7774481773376465,1.3955698013305664,1.9360144138336182,1.7045390605926514,1.0119833946228027,0.3678019642829895,0.021352402865886688,-0.34755775332450867,-0.8408640623092651,-1.0442163944244385,-1.0027607679367065,-0.4501117169857025,-0.22165840864181519,-0.0978316068649292,-0.5504493117332458,-1.2973906993865967,-2.1260972023010254,-2.0642943382263184,-1.4630532264709473
0.7412422895431519,1.1153590679168701,1.4055814743041992,1.638311743736267,1.7294731140136719,1.2827353477478027,1.306974172592163,1.5590128898620605,1.2525112628936768,0.6509245038032532,0.3599594831466675,1.5213990211486816,2.5038764476776123,1.7857025861740112,0.7222866415977478,-0.09740250557661057,0.40691128373146057,0.5279445052146912,0.7695233821868896,0.8140897750854492,0.8386433124542236,0.9421268701553345,0.9094383120536804,0.9142003059387207,1.6254311800003052,1.8237813711166382,1.512758731842041,0.8934808373451233,0.12107960134744644,-0.37568199634552,-0.7494956851005554,-1.3822423219680786,-1.5637810230255127,-1.4816157817840576,-0.07288871705532074,0.3056770861148834,1.0976827144622803,0.8912198543548584,0.13748306035995483,-1.1588562726974487,-1.925689458847046,-1.2358155250549316
0.6665545701980591,0.9987730979919434,1.2215721607208252,1.337674856185913,1.105048418045044,0.9160619378089905,0.9922556281089783,0.9243037700653076,0.39713603258132935,0.16782502830028534,0.665213406085968,1.6946370601654053,1.7846224308013916,1.0926014184951782,0.6453788876533508,0.5048395395278931,0.24828460812568665,0.6200253963470459,0.8175837993621826,0.8118710517883301,0.7848628163337708,0.9060548543930054,0.9259606599807739,1.1422185897827148,1.6403326988220215,1.5148059129714966,1.019694447517395,0.5592746734619141,-0.2758233845233917,-0.8820407390594482,-0.8488113880157471,-1.2692893743515015,-1.6714859008789062,-1.2786202430725098,-0.0973111242055893,0.6953281760215759,1.0339686870574951,0.06772494316101074,-0.24891018867492676,-0.2364252805709839,-1.2821547985076904,-1.268510103225708
0.5463327765464783,0.7674702405929565,0.9234459400177002,0.9352892637252808,0.5485554337501526,0.5783177018165588,0.5851954221725464,0.392411470413208,-0.1292905956506729,-0.0587097704410553,0.49661654233932495,1.2577226161956787,1.2227188348770142,0.29616016149520874,-0.03418494760990143,-0.06992116570472717,0.591143012046814,1.2391867637634277,0.847627580165863,0.746532678604126,0.7333003282546997,0.6932191848754883,0.9388411641120911,1.2958321571350098,1.3446768522262573,0.9084928035736084,0.3471296429634094,0.044436514377593994,-0.47058653831481934,-1.1850295066833496,-1.1756982803344727,-1.1897770166397095,-1.6077444553375244,-1.1273465156555176,-0.5613697171211243,0.008317232131958008,0.206986203789711,-1.161449909210205,-1.9805173873901367,-1.1849794387817383,-1.2918288707733154,-1.7146174907684326
0.4287615418434143,0.5556710362434387,0.6792007684707642,0.6232761144638062,0.11616838723421097,0.47925400733947754,0.433832585811615,0.1181551143527031,-0.34333890676498413,-0.325221985578537,0.03133183717727661,0.7527249455451965,0.6124907732009888,-0.32306820154190063,-0.8306024670600891,-0.6228495836257935,1.1297541856765747,1.838247537612915,1.1955821514129639,0.8441312313079834,0.5495944619178772,0.5747565031051636,0.9242578744888306,1.0682530403137207,0.5571243762969971,-0.06597673892974854,-0.48351457715034485,-0.6836488246917725,-0.6011859178543091,-1.117424488067627,-1.5498429536819458,-1.5570051670074463,-1.6489014625549316,-1.48866868019104,-1.137896180152893,-1.4691938161849976,-0.8216918706893921,-0.7666288614273071,-1.850815773010254,-1.48386812210083,-1.380847454071045,-1.709020972251892
0.2952330708503723,0.3869726061820984,0.4863554537296295,0.46012091636657715,0.22049522399902344,0.3473300635814667,0.13453078269958496,-0.18700598180294037,-0.5246362090110779,-0.7214013338088989,-0.5461388230323792,-0.14745773375034332,-0.024686545133590698,-0.27269768714904785,-0.26153820753097534,0.5789761543273926,1.3725414276123047,1.651092529296875,1.3295413255691528,0.8481628894805908,0.5254193544387817,0.6889121532440186,0.8691329956054688,0.6833603382110596,0.26903700828552246,-0.11739449203014374,-0.5264127254486084,-0.45827123522758484,0.04496651887893677,-0.26877033710479736,-0.6545345187187195,-0.6324632167816162,-1.001750111579895,-1.296351671218872,-0.8161940574645996,-1.1255170106887817,-1.093561053276062,-0.6438314318656921,-1.2700562477111816,-1.7336831092834473,-1.4356353282928467,-1.4280154705047607
0.15114986896514893,0.2535231113433838,0.3216371536254883,0.34298285841941833,0.39879873394966125,-0.04095347970724106,-0.2398984581232071,-0.6878909468650818,-0.9423823356628418,-1.1012691259384155,-1.0581717491149902,-0.77805095911026,-0.37717992067337036,0.18146973848342896,0.9280609488487244,1.2641453742980957,1.4747204780578613,1.5888547897338867,1.3812793493270874,0.915541410446167,0.6951309442520142,0.6631343364715576,0.649605393409729,0.48046189546585083,0.7018327713012695,0.8930104374885559,0.6857090592384338,0.6805166602134705,0.6582393050193787,0.0896773710846901,0.015377938747406006,0.6948168277740479,-0.1096925437450409,-0.5120351314544678,-0.19308096170425415,-0.3024095892906189,-1.0584503412246704,-1.4674339294433594,-1.7858883142471313,-2.083385467529297,-1.466508150100708,-1.451417326927185
-0.011488981544971466,0.11504916846752167,0.1655702292919159,0.10862037539482117,-0.14110738039016724,-0.7761365175247192,-0.8489657640457153,-1.2896002531051636,-1.5857620239257812,-1.6938049793243408,-1.3148219585418701,-0.8947348594665527,-0.43239840865135193,0.07399898767471313,0.5686579942703247,0.9940477609634399,1.4741631746292114,1.8136001825332642,1.4289193153381348,1.026038408279419,0.7305577993392944,0.37648552656173706,-0.031024008989334106,0.02830827236175537,0.5436917543411255,1.0286929607391357,0.9533601999282837,0.24077504873275757,-0.33349236845970154,-0.8217859864234924,0.3174856901168823,1.4428966045379639,0.059003885835409164,-0.9927754998207092,-0.8331660628318787,-0.7299665212631226,-1.2779619693756104,-1.6968796253204346,-2.025146961212158,-0.5159978866577148,-0.8701645135879517,-1.5516008138656616
-0.1693582683801651,-0.046577345579862595,0.009334694594144821,-0.08348585665225983,-0.45999592542648315,-0.9639018774032593,-1.228855013847351,-1.7736785411834717,-2.1856372356414795,-1.801916480064392,-0.711656928062439,-0.28965243697166443,-0.4376513957977295,-0.31543266773223877,0.2588692307472229,0.8035319447517395,1.2298743724822998,1.444616436958313,1.0359523296356201,0.6485384106636047,0.32362014055252075,0.14903487265110016,0.14972051978111267,0.13826800882816315,0.30939510464668274,0.49593132734298706,0.39172661304473877,-0.9994205832481384,-1.8977925777435303,-1.052924394607544,1.5137085914611816,2.0309438705444336,0.6526942849159241,-1.2532765865325928,-1.9821462631225586,-1.6959270238876343,-1.5069580078125,-0.8063637614250183,-0.10556274652481079,0.38765814900398254,-0.5235484838485718,-1.438542366027832
-0.300352543592453,-0.2119905650615692,-0.16499364376068115,-0.21573324501514435,-0.4318801760673523,-0.988608181476593,-1.3487324714660645,-1.4406479597091675,-1.613595724105835,-1.0800434350967407,-0.17534160614013672,0.15734724700450897,-0.2367629110813141,-0.20306822657585144,0.13978378474712372,0.5188537240028381,0.9757862687110901,0.9953960180282593,0.6862674355506897,0.45081937313079834,0.3866696357727051,0.37876319885253906,0.5150476098060608,0.27910441160202026,0.0837932676076889,0.052739888429641724,-0.004638597369194031,-0.9926759004592896,-1.8870315551757812,0.16939273476600647,2.325690746307373,2.283465623855591,1.5061488151550293,0.18703779578208923,-1.6433169841766357,-2.21712589263916,-1.7929275035858154,-0.37980836629867554,0.9048126339912415,-0.24821150302886963,-0.7853330373764038,-1.2946453094482422
-0.4158899784088135,-0.3593064844608307,-0.3302119970321655,-0.38446301221847534,-0.6103075742721558,-1.075439453125,-0.7604300379753113,-0.34398794174194336,-0.4812459349632263,-0.5431429147720337,-0.18590399622917175,-0.13597315549850464,-0.3771700859069824,-0.21725884079933167,0.08800171315670013,0.5170671939849854,0.781051754951477,0.6153279542922974,0.2905997931957245,0.0986952930688858,0.14710812270641327,0.027120620012283325,-0.13975170254707336,-0.303225576877594,-0.3222544193267822,-0.34122318029403687,-0.3833451271057129,-0.38470345735549927,-0.12434741854667664,1.6788303852081299,2.8189125061035156,2.420875072479248,1.3960998058319092,0.7235952019691467,-0.3689199686050415,-1.4349380731582642,-1.674974799156189,-1.032753586769104,-0.28696590662002563,-0.37646833062171936,-0.9790093898773193,-1.2403614521026611
-0.515905499458313,-0.48912137746810913,-0.4813340902328491,-0.5316519737243652,-0.6153669357299805,-0.658532977104187,-0.08893685787916183,0.18476077914237976,-0.13435715436935425,-0.39022308588027954,-0.38790613412857056,-0.6096460819244385,-0.5145614147186279,-0.260358989238739,0.009968787431716919,0.17727825045585632,0.3494822680950165,0.1968606561422348,-0.21034222841262817,-0.5611342787742615,-0.8151729106903076,-0.9004366397857666,-0.7614409327507019,-0.6675316095352173,-0.47280752658843994,-0.5653250217437744,-0.6677718758583069,-0.23022311925888062,0.9058449268341064,2.2381319999694824,2.8710432052612305,2.0197255611419678,0.7929299473762512,0.09158222377300262,-0.03049890697002411,-0.5324355959892273,-1.048417091369629,-1.4767484664916992,-1.331845998764038,-1.0718717575073242,-1.2385770082473755,-1.3491363525390625
-0.5573902726173401,-0.5974323749542236,-0.6332368850708008,-0.7001652717590332,-0.713333010673523,-0.5398467183113098,-0.34665748476982117,-0.26708632707595825,-0.31254494190216064,-0.5429285764694214,-0.7299842834472656,-0.7689930200576782,-0.3986052870750427,-0.3753742575645447,-0.420746773481369,-0.24566730856895447,-0.08975827693939209,-0.13021640479564667,-0.5200350284576416,-1.1141304969787598,-1.4999613761901855,-1.559323787689209,-1.3770875930786133,-1.0950781106948853,-0.8042898178100586,-0.6219102144241333,-0.7956254482269287,-0.2803722620010376,0.6856812238693237,1.6851913928985596,1.9582017660140991,1.2651190757751465,0.4146881103515625,-0.26717835664749146,-0.40063631534576416,-0.517292857170105,-0.8158540725708008,-1.3947546482086182,-1.5273078680038452,-1.7884016036987305,-1.3854055404663086,-1.540480136871338
