demo/1400-wind-surface-level-gfs-1.0.json
{"header": {"productDefinitionTemplate": 0, "surface1Type": 103, "productStatus": 0, "disciplineName": "Meteorological products", "subDivisions": 0, "winds": "true", "parameterNumberName": "V-component_of_wind", "discipline": 0, "surface2Value": 0, "significanceOfRTName": "Start of forecast", "surface2TypeName": "Missing", "surface2Type": 255, "productTypeName": "Forecast products", "dx": 0.024617210030555725, "dy": 0.01798853650689125, "numberPoints": 65160, "productStatusName": "Operational products", "gribEdition": 2, "parameterUnit": "m.s-1", "forecastTime": 0, "refTime": "2020-09-01T14:00:00.000Z", "productType": 1, "genProcessTypeName": "Forecast", "scanMode": 0, "genProcessType": 2, "gribLength": 11338.0, "significanceOfRT": 1, "productDefinitionTemplateName": "Analysis/forecast at horizontal level/layer at a point in time", "centerName": "WRF OUTPUT", "la1": 43.66691207885742, "la2": 42.426788330078125, "lo2": 13.70867919921875, "gridUnits": "degrees", "surface1Value": 10, "shapeName": "Earth spherical with radius of 6,371,229.0 m", "surface1TypeName": "Specified height level above ground", "nx": 70.0, "ny": 70.0, "lo1": 12.008544921875, "basicAngle": 0, "gridDefinitionTemplate": 0, "shape": 6, "parameterNumber": 3, "subcenter": 0, "parameterCategoryName": "Momentum", "parameterCategory": 2, "center": 0, "gridDefinitionTemplateName": "Latitude_Longitude", "resolution": 48}, "data":
[rows 38 to 56 of 70, columns 0 to 41 of 70]
-1.0912164449691772,-0.9060612320899963,-0.7622194290161133,-0.5008760094642639,-0.1777719408273697,-0.4363114535808563,-0.6098225116729736,-0.8849786520004272,-1.0453656911849976,-1.1731215715408325,-1.1959630250930786,-1.3380733728408813,-0.9854616522789001,-0.4024781584739685,-0.08703935146331787,-0.21544206142425537,-0.15702936053276062,-0.4850398302078247,-0.44456008076667786,-0.5454632639884949,-0.6943339705467224,-0.8758699893951416,-1.1130340099334717,-1.0508579015731812,-0.5266733169555664,-0.28191500902175903,-0.3176169991493225,-0.03872620314359665,0.7534283995628357,0.8915058970451355,0.909164309501648,0.6678882241249084,0.08563712239265442,0.2309228628873825,0.9997395873069763,0.6629735827445984,-0.55082768201828,-1.2775441408157349,-1.4426480531692505,-1.6507023572921753,-1.8605157136917114,-2.5390121936798096
-1.0174416303634644,-0.8382717967033386,-0.6055564880371094,-0.2467373162508011,0.026942802593111992,-0.10819511860609055,-0.1673106700181961,-0.37511536478996277,-0.6557575464248657,-0.7808078527450562,-0.7015699744224548,-0.6306609511375427,-0.535458505153656,-0.4365837872028351,-0.5663836002349854,-0.5502122044563293,-0.646636962890625,-0.7785066366195679,-0.5622043013572693,-0.7178511023521423,-0.9230790138244629,-0.8589355945587158,-0.6000722050666809,-0.4975024163722992,-0.5405062437057495,-1.3039618730545044,-1.8041185140609741,-1.6339688301086426,-0.9728283882141113,-0.6504466533660889,-0.8973267078399658,-1.0861003398895264,-1.011071801185608,-0.5642448663711548,0.07244628667831421,-0.1924646645784378,-1.0512458086013794,-1.0409270524978638,-0.8734961748123169,-1.6018375158309937,-1.9873571395874023,-2.554957151412964
-0.9626772403717041,-0.7820181846618652,-0.4680236876010895,0.015303282998502254,0.459404319524765,0.28694289922714233,0.21145735681056976,-0.13702170550823212,-0.40922385454177856,-0.20560456812381744,0.0057792929001152515,0.35327720642089844,0.14564388990402222,-0.3808644115924835,-0.7375550270080566,-0.6539379954338074,-0.45194223523139954,-0.26268458366394043,-0.4384266138076782,-0.7493705749511719,-0.8933692574501038,-0.8660989999771118,-0.27509450912475586,0.2614485025405884,0.07728850096464157,-0.41927438974380493,-0.6771386861801147,-0.6209518909454346,-0.7695762515068054,-1.0931426286697388,-1.750641942024231,-1.771459698677063,-1.3449429273605347,-1.3723870515823364,-1.5737141370773315,-1.6641221046447754,-1.3073431253433228,-1.1642991304397583,-1.3860241174697876,-1.8996405601501465,-1.8107669353485107,-2.8647572994232178
-0.9158452749252319,-0.673963189125061,-0.32517948746681213,0.20874878764152527,0.75028395652771,0.4876154065132141,0.4864588677883148,0.23123344779014587,-0.00956959743052721,0.31787562370300293,0.5734223127365112,0.8904052376747131,0.9754295945167542,0.4862610399723053,0.11628077179193497,0.011641327291727066,-0.1416756510734558,-0.6031681895256042,-1.1715161800384521,-1.3077841997146606,-1.2431279420852661,-1.084977388381958,-0.5590370893478394,0.2538868486881256,0.9225623607635498,1.4539967775344849,1.62473726272583,1.3621227741241455,0.6198529005050659,0.12791039049625397,0.08979636430740356,0.0935698002576828,-0.4132217466831207,-0.4662480354309082,-0.4209180176258087,-0.11507024616003036,0.14343908429145813,-0.34678027033805847,-1.0896222591400146,-1.5667043924331665,-1.1690223217010498,-3.087677240371704
-0.9060766100883484,-0.5818392038345337,-0.19135531783103943,0.397704541683197,1.0504218339920044,0.6524738669395447,1.2072139978408813,1.4297105073928833,0.6199854612350464,0.4526973366737366,0.5691683888435364,0.8674479126930237,1.2387235164642334,1.4683605432510376,1.2397935390472412,1.0914485454559326,0.4473430812358856,-0.45800215005874634,-0.5939632654190063,-0.3462070822715759,-0.019333772361278534,0.44989609718322754,0.5951524972915649,0.3187216818332672,-0.06801886856555939,-0.11813220381736755,0.4168050289154053,0.5312563180923462,0.1107189729809761,-0.13522113859653473,0.10049569606781006,-0.13875935971736908,-1.0050992965698242,-0.471088707447052,0.4271296262741089,1.1426688432693481,1.4370770454406738,1.1431570053100586,0.3717503845691681,0.5802894830703735,-0.46366947889328003,-2.1392431259155273
-0.8787029981613159,-0.523739218711853,-0.12132900208234787,0.47146347165107727,1.6298328638076782,1.0991325378417969,1.3965529203414917,1.9026678800582886,1.2431674003601074,0.8300126791000366,0.6408196687698364,0.5783347487449646,0.8373658061027527,1.5302317142486572,1.5731241703033447,0.811248779296875,-0.25501853227615356,-0.746787965297699,-0.6431123614311218,-0.414256751537323,-0.09246082603931427,0.16002820432186127,0.4367469549179077,0.7059534788131714,0.44519275426864624,0.260525643825531,0.2733612656593323,-0.4106392562389374,-0.9176105856895447,-0.8659743070602417,-0.8947721719741821,-1.4080880880355835,-1.5433272123336792,-0.9038093090057373,0.0827786773443222,0.5288222432136536,0.7353399395942688,1.2761099338531494,1.5980252027511597,1.2102534770965576,0.10064005851745605,0.668311595916748
-0.8189701437950134,-0.47948816418647766,-0.12273083627223969,0.3037375807762146,1.3384226560592651,1.3625469207763672,0.981460452079773,0.9447246193885803,0.903664767742157,1.008915662765503,0.9909089207649231,0.8859387040138245,0.5104928016662598,0.39083757996559143,0.02017420530319214,-0.5310558676719666,-0.6299839615821838,-0.5718100666999817,-0.709332287311554,-1.0371896028518677,-0.9382085800170898,-0.721737802028656,-0.6075655817985535,-0.4235883951187134,-0.16488555073738098,0.17742109298706055,-0.22741501033306122,-1.1318893432617188,-1.3270882368087769,-0.9046118855476379,-1.0940179824829102,-1.2244064807891846,-0.629169762134552,-0.20984119176864624,-0.17107439041137695,-0.2303166687488556,-0.3594195246696472,-0.2833949327468872,0.1061672791838646,-1.000736117362976,-0.7089879512786865,0.7190005779266357
-0.7422420382499695,-0.4586109519004822,-0.17548753321170807,0.05599607527256012,0.21033510565757751,0.6233928203582764,0.3781929612159729,0.08453334122896194,0.07637102901935577,0.3385525643825531,0.556019127368927,0.9808916449546814,1.0486645698547363,0.7377637624740601,0.22304165363311768,-0.17144791781902313,0.05074704810976982,0.11857689917087555,0.31996238231658936,0.4628061056137085,0.43980979919433594,0.717501699924469,0.4912830591201782,0.18800128996372223,0.08999637514352798,-0.2983107268810272,-0.9561011791229248,-1.1271618604660034,-0.9636520147323608,-0.7395380735397339,-0.6854091286659241,-0.6208788156509399,0.033619098365306854,0.25213783979415894,-0.373906672000885,-0.7608442902565002,-0.8931224346160889,-1.1633837223052979,-1.4560472965240479,-2.339296579360962,-2.496023178100586,-2.4065563678741455
-0.6545554399490356,-0.4600375294685364,-0.25811275839805603,-0.10871335119009018,-0.048383213579654694,0.13428400456905365,0.23960667848587036,0.3211251199245453,0.2517172396183014,0.1482502669095993,-0.029548317193984985,0.13025020062923431,0.7621688842773438,0.6015148162841797,0.16661576926708221,-0.05312716215848923,-0.24584494531154633,-0.17488586902618408,0.2443573772907257,0.9805744290351868,1.3700282573699951,1.20412015914917,1.0714423656463623,1.04124116897583,0.9672731757164001,0.594978928565979,0.35533973574638367,0.9172948002815247,1.1467853784561157,0.7206478118896484,0.016736021265387535,-0.5017508864402771,-0.06308417022228241,-0.2000022977590561,-1.0408046245574951,-1.5855821371078491,-1.3879653215408325,-1.448302984237671,-2.0588834285736084,-3.030935287475586,-3.2907609939575195,-3.351581335067749
-0.4958028197288513,-0.44293349981307983,-0.3588058650493622,-0.286092609167099,-0.07213753461837769,-0.08383942395448685,0.19289587438106537,0.3656085431575775,0.539595901966095,0.6347646117210388,-0.374089777469635,-1.1573529243469238,-1.0446244478225708,-1.2760717868804932,-1.3693805932998657,-1.0044443607330322,-0.08104746043682098,0.7154555916786194,0.7703154683113098,0.6708328127861023,1.080176591873169,1.038527011871338,0.6039143800735474,-0.6387985944747925,-1.2359336614608765,-1.4079927206039429,-1.3158104419708252,-0.23598182201385498,0.7105421423912048,0.7509969472885132,0.4264788329601288,0.33080214262008667,0.3164288401603699,-0.3983114957809448,-1.271586298942566,-1.757086992263794,-1.4047105312347412,-1.6534942388534546,-2.7009472846984863,-3.288902997970581,-3.108936071395874,-2.9593937397003174
-0.36563289165496826,-0.43242397904396057,-0.4524601101875305,-0.4987795650959015,-0.43429136276245117,-0.4299079179763794,-0.3205029368400574,-0.4778696298599243,-0.0882350355386734,-0.07159174233675003,-0.7512000203132629,-1.511864185333252,-2.0671262741088867,-1.904681921005249,-0.9262236952781677,-0.8351174592971802,-0.41974106431007385,0.36209702491760254,0.7951905727386475,0.6754564642906189,0.24441710114479065,0.29528534412384033,0.3746100962162018,-0.3223656713962555,-0.42200788855552673,-0.4597797989845276,-0.48511287569999695,-0.20013916492462158,0.1168026253581047,0.29156583547592163,0.4374716281890869,0.9959778189659119,0.9660019874572754,0.48911887407302856,0.11610609292984009,-0.35787296295166016,-0.7125164270401001,-1.1796923875808716,-2.134172201156616,-2.3309786319732666,-1.9840537309646606,-2.028730630874634
-0.3251112401485443,-0.43068864941596985,-0.5319927930831909,-0.6523987054824829,-0.7011122703552246,-0.3857688009738922,-0.6974096298217773,-1.4684289693832397,-1.1976244449615479,-0.9454814195632935,-0.15462146699428558,0.06198883801698685,-0.5882302522659302,-0.929024338722229,-0.16877421736717224,0.09693247079849243,-0.4495573043823242,-0.6860393285751343,-0.4171585738658905,0.31485456228256226,0.4649752974510193,-0.10879668593406677,-0.7884892225265503,-0.23271401226520538,0.49778175354003906,1.054081916809082,1.3689794540405273,0.9782960414886475,0.5840387940406799,-0.28620168566703796,-1.0061980485916138,-0.31454747915267944,0.3659140467643738,0.656863272190094,0.7907172441482544,0.6326043009757996,-0.025157839059829712,-0.4404360055923462,-0.876923143863678,-0.31555357575416565,-0.43869584798812866,-0.6713470816612244
-0.32729604840278625,-0.44658586382865906,-0.583274781703949,-0.7139570116996765,-0.6599060893058777,-0.5744813680648804,-1.4433730840682983,-2.192279815673828,-1.883298635482788,-1.11037278175354,-0.47772377729415894,-0.0387081503868103,-0.26670482754707336,-0.5279361009597778,-0.7921863794326782,0.7459596395492554,1.220767617225647,0.8515291213989258,0.1089516431093216,-0.25771772861480713,-0.15383625030517578,-1.236487627029419,-2.2151806354522705,-1.4628870487213135,-0.5082494616508484,0.3856578767299652,0.6187838912010193,0.5647143125534058,-0.22104687988758087,-1.7403957843780518,-1.529429316520691,-0.5156633853912354,0.19834379851818085,-0.24180155992507935,-0.6348397731781006,-0.7161141037940979,-0.6195300817489624,-0.4823695719242096,-0.21669796109199524,0.419063538312912,-0.469181090593338,-0.5314345955848694
-0.3660100996494293,-0.4828539788722992,-0.5998003482818604,-0.6937656402587891,-0.6729624271392822,-0.9287163019180298,-1.3438211679458618,-1.2643098831176758,-1.159846544265747,-0.8606871366500854,-1.0811114311218262,-1.0896834135055542,-0.6227633953094482,0.3005126118659973,0.08830154687166214,0.4829854965209961,1.8590259552001953,1.3439810276031494,-0.33993270993232727,-1.3795100450515747,-1.875908374786377,-2.223034620285034,-1.61089289188385,-0.330829918384552,0.9041429758071899,1.2962473630905151,0.8442043662071228,0.5510453581809998,-0.47133728861808777,-0.797202467918396,0.35377398133277893,1.205892562866211,0.41244274377822876,-0.4795527160167694,-0.9663748145103455,-1.4430406093597412,-0.52565598487854,-0.10255880653858185,-0.018312128260731697,0.44276654720306396,-0.4228804111480713,-0.04818568751215935
-0.4736623466014862,-0.5019027590751648,-0.5752949714660645,-0.6542524695396423,-0.7280633449554443,-0.7909588813781738,-0.5917736887931824,-0.581900417804718,-0.9006529450416565,-1.0381944179534912,-0.8046091198921204,-0.7676648497581482,-0.03197900950908661,0.23004643619060516,1.1754693984985352,0.5675408244132996,0.607431173324585,0.8265275359153748,0.27556943893432617,-0.4226481318473816,-0.9988657236099243,-0.6790214776992798,0.07891234010457993,0.7694460153579712,1.0453059673309326,1.0691627264022827,0.9371007680892944,0.45872431993484497,0.2690369784832001,1.1666065454483032,1.8544325828552246,0.8749685287475586,-0.46922728419303894,-0.5015954971313477,-1.1917061805725098,-1.3459360599517822,-0.5100595951080322,-0.4410909116268158,-0.4927644729614258,0.950511634349823,1.5456924438476562,1.8910270929336548
-0.5579718947410583,-0.49705007672309875,-0.5423620343208313,-0.6277350783348083,-0.7999714016914368,-0.548044741153717,0.19907638430595398,0.5487657785415649,-0.29400435090065,-1.1085994243621826,-0.9574042558670044,-0.3123466372489929,0.5001958608627319,0.13031034171581268,0.2635732889175415,0.3519165515899658,-0.38263365626335144,0.33077067136764526,1.5953196287155151,1.6657087802886963,1.1004351377487183,0.5744178295135498,0.9723231792449951,1.0215036869049072,0.27670302987098694,0.04119308665394783,0.053505025804042816,-0.1681821644306183,0.3424379825592041,0.9154126644134521,-0.05312943458557129,-1.9543827772140503,-1.9768567085266113,-1.697577953338623,-2.7069456577301025,-2.295069456100464,-1.4936039447784424,-1.3817604780197144,-1.2602673768997192,-0.8416734933853149,0.6773914098739624,0.554050624370575
-0.5578620433807373,-0.4940454959869385,-0.5336859226226807,-0.5669424533843994,-0.5215269327163696,-0.17469844222068787,0.34176573157310486,0.34644970297813416,0.4728134572505951,-0.3294885754585266,-0.8169863820075989,-0.3471630811691284,0.2511841356754303,0.8400126695632935,0.7603855729103088,0.7526353597640991,0.47649693489074707,0.3020506203174591,1.0093255043029785,1.8431150913238525,2.161932945251465,1.3645524978637695,0.7964953184127808,0.11299774795770645,-0.6892651319503784,-1.0554463863372803,-1.1701247692108154,-1.320803165435791,-0.8509528636932373,-0.8612653017044067,-2.0674526691436768,-1.8702809810638428,-1.1290706396102905,-1.5504868030548096,-2.3089756965637207,-1.9524481296539307,-1.2723743915557861,-0.9039037823677063,-0.22146402299404144,-0.9074321985244751,-0.3240622282028198,-0.9725409150123596
-0.4420011341571808,-0.4001752734184265,-0.4327893853187561,-0.4335174262523651,-0.4500463902950287,-0.744881808757782,-0.648628830909729,0.05727123096585274,0.3587668538093567,-0.09710922837257385,-0.5909987092018127,-0.2240717113018036,0.37181997299194336,0.5573486685752869,0.592330276966095,0.6263214945793152,0.6477670073509216,0.6684370636940002,0.38503342866897583,0.5763480067253113,1.357655644416809,1.623513102531433,0.8679977059364319,-0.0839058980345726,-0.4125722348690033,-0.6475487947463989,-1.6808991432189941,-2.128734588623047,-1.494454264640808,-1.100306510925293,-0.7211149334907532,0.4409574866294861,0.781589925289154,0.2591240108013153,0.23711931705474854,0.16319912672042847,-0.32631760835647583,-0.4705517292022705,0.2814481556415558,0.25081101059913635,0.02296607755124569,-1.3977277278900146
-0.18794849514961243,-0.1784316897392273,-0.19655025005340576,-0.12367018312215805,0.29247838258743286,0.0011245146160945296,-0.17257475852966309,0.4598168432712555,0.26968491077423096,0.2613581717014313,-0.06214261054992676,0.16474220156669617,0.4209209382534027,0.7155375480651855,0.5089528560638428,0.5035761594772339,0.7439364194869995,0.4505886733531952,-0.34096238017082214,-0.4043831527233124,0.20206394791603088,0.6662290096282959,0.7446308135986328,0.6678815484046936,0.9997810125350952,-0.4811030328273773,-1.9462112188339233,-2.103001832962036,-1.055627703666687,0.9340115189552307,1.0379574298858643,0.19680503010749817,-0.34356689453125,0.43077003955841064,2.045664072036743,2.006971836090088,1.3088419437408447,1.027675747871399,1.178110957145691,0.7633193135261536,0.16954773664474487,-0.10604821890592575
