demo/1400-wind-surface-level-gfs-1.0.json
{"header": {"productDefinitionTemplate": 0, "surface1Type": 103, "productStatus": 0, "disciplineName": "Meteorological products", "subDivisions": 0, "winds": "true", "parameterNumberName": "V-component_of_wind", "discipline": 0, "surface2Value": 0, "significanceOfRTName": "Start of forecast", "surface2TypeName": "Missing", "surface2Type": 255, "productTypeName": "Forecast products", "dx": 0.024617210030555725, "dy": 0.01798853650689125, "numberPoints": 65160, "productStatusName": "Operational products", "gribEdition": 2, "parameterUnit": "m.s-1", "forecastTime": 0, "refTime": "2020-09-30T12:00:00.000Z", "productType": 1, "genProcessTypeName": "Forecast", "scanMode": 0, "genProcessType": 2, "gribLength": 11338.0, "significanceOfRT": 1, "productDefinitionTemplateName": "Analysis/forecast at horizontal level/layer at a point in time", "centerName": "WRF OUTPUT", "la1": 43.66691207885742, "la2": 42.426788330078125, "lo2": 13.70867919921875, "gridUnits": "degrees", "surface1Value": 10, "shapeName": "Earth spherical with radius of 6,371,229.0 m", "surface1TypeName": "Specified height level above ground", "nx": 70.0, "ny": 70.0, "lo1": 12.008544921875, "basicAngle": 0, "gridDefinitionTemplate": 0, "shape": 6, "parameterNumber": 3, "subcenter": 0, "parameterCategoryName": "Momentum", "parameterCategory": 2, "center": 0, "gridDefinitionTemplateName": "Latitude_Longitude", "resolution": 48}, "data":
[rows 0 to 18 of 70, columns 0 to 42 of 70]
3.438256025314331,3.6823105812072754,3.7070322036743164,3.654482126235962,3.28149151802063,2.348459482192993,2.374025821685791,1.8881710767745972,0.7607685923576355,0.2086879163980484,-0.30501800775527954,-0.48781371116638184,-0.5436071157455444,-0.8823793530464172,-0.9871402978897095,-0.5217034220695496,-0.5447478890419006,-0.6230695843696594,-0.7064228653907776,-0.8556886911392212,-1.2586166858673096,-1.4734275341033936,-1.5803678035736084,-1.5821919441223145,-1.602841854095459,-1.445328712463379,-1.3081978559494019,-1.1608153581619263,-1.1863389015197754,-1.2308893203735352,-1.1803604364395142,-1.0865817070007324,-1.0904502868652344,-1.0592236518859863,-1.0147684812545776,-1.1211057901382446,-1.0990350246429443,-1.027127742767334,-0.912380039691925,-0.781482458114624,-0.5692652463912964,-0.4765717089176178,-0.35826775431632996
3.282731533050537,3.3561906814575195,3.3219239711761475,3.2529191970825195,2.9910459518432617,2.1297497749328613,2.054306745529175,1.6859066486358643,0.7392140626907349,0.26447853446006775,-0.19557204842567444,-0.3418126702308655,-0.41553735733032227,-0.7819346785545349,-0.9299132823944092,-0.49515798687934875,-0.49611976742744446,-0.5570772290229797,-0.5951875448226929,-0.7103405594825745,-1.0662509202957153,-1.2611712217330933,-1.3814070224761963,-1.4243077039718628,-1.4966769218444824,-1.344759225845337,-1.1789653301239014,-0.973682701587677,-1.013893485069275,-1.1111599206924438,-1.2062004804611206,-1.1151342391967773,-1.1459358930587769,-1.1111727952957153,-1.0540094375610352,-1.0741394758224487,-1.0238962173461914,-0.9115088582038879,-0.7803810238838196,-0.6556729078292847,-0.4960605204105377,-0.42555922269821167,-0.31240135431289673
2.6265480518341064,2.6357574462890625,2.5596389770507812,2.4233834743499756,2.3010125160217285,2.048123598098755,1.6902177333831787,1.4490106105804443,1.2433170080184937,0.9792094826698303,0.644040048122406,0.4042341411113739,0.16541868448257446,-0.05524081736803055,-0.22326785326004028,-0.2584870159626007,-0.3623362183570862,-0.4767647385597229,-0.5426056981086731,-0.6079437136650085,-0.7231131792068481,-0.7721849083900452,-0.9032425284385681,-1.054931640625,-1.202734351158142,-1.16681706905365,-0.9551814198493958,-0.7416828870773315,-0.7784776091575623,-0.8912201523780823,-1.078958511352539,-1.16433584690094,-1.295782446861267,-1.3229440450668335,-1.307840347290039,-1.2736955881118774,-1.1968461275100708,-1.0888152122497559,-0.9623122215270996,-0.8298218846321106,-0.6498238444328308,-0.6017406582832336,-0.5776891708374023
1.9848122596740723,1.9293493032455444,1.8372647762298584,1.7224715948104858,1.4523497819900513,1.3397951126098633,1.2416287660598755,1.1768543720245361,0.98247891664505,0.7643074989318848,0.39098554849624634,-0.015868183225393295,-0.18357017636299133,-0.18307775259017944,-0.05881134420633316,0.02000213786959648,-0.04793681204319,-0.22490565478801727,-0.4060811996459961,-0.22164490818977356,0.18474134802818298,0.4058566391468048,0.19457726180553436,-0.5792727470397949,-0.839974582195282,-0.3558148741722107,0.43333807587623596,0.6545534729957581,0.4485092759132385,0.023923614993691444,-0.5684892535209656,-1.003280520439148,-1.2809289693832397,-1.5428653955459595,-1.5502902269363403,-1.5136957168579102,-1.6273534297943115,-1.3611801862716675,-1.0604432821273804,-0.8860023617744446,-0.8253598809242249,-0.8411336541175842,-0.910929262638092
1.5556727647781372,1.4767197370529175,1.488938331604004,1.4948320388793945,1.3038854598999023,1.3710293769836426,1.6416107416152954,1.4183403253555298,1.2916889190673828,1.0110104084014893,0.627734899520874,0.2938155233860016,0.0314367339015007,-0.17376869916915894,-0.37364935874938965,-0.34044119715690613,-0.3236807882785797,-0.15689806640148163,0.16434085369110107,0.5587457418441772,0.5624244809150696,0.29219087958335876,-0.136991485953331,-0.4285816550254822,-0.08555161952972412,0.6224552989006042,1.0287070274353027,0.5712010264396667,-0.02118520438671112,-0.5322390198707581,-0.7631362676620483,-1.0880283117294312,-1.6188466548919678,-1.711755633354187,-1.5647376775741577,-1.7874373197555542,-1.4954533576965332,-1.0743907690048218,-0.7774262428283691,-0.6389781832695007,-0.7562776803970337,-0.8113675117492676,-0.9136463403701782
1.194366693496704,1.1193978786468506,1.175681233406067,1.2771930694580078,1.4764454364776611,1.8104695081710815,1.8918375968933105,1.63723886013031,1.3443490266799927,1.1109557151794434,1.2370796203613281,1.0998085737228394,0.6941874027252197,0.012200339697301388,-0.41570204496383667,-0.2830686569213867,-0.04505500942468643,0.16265852749347687,0.6436147093772888,0.6976706385612488,0.28046849370002747,-0.6931837797164917,-1.2107659578323364,-0.7416434288024902,-0.26562902331352234,-0.20100967586040497,-0.506912112236023,-0.8101803064346313,-1.2094380855560303,-1.2882494926452637,-1.7622343301773071,-2.138648509979248,-2.0484447479248047,-1.6286873817443848,-1.6570566892623901,-1.4957661628723145,-0.88514643907547,-0.8452650308609009,-0.715126097202301,-0.744331955909729,-0.7709847092628479,-0.7510262727737427,-0.7978306412696838
0.927548885345459,0.9077768921852112,1.0052266120910645,1.1126669645309448,1.429548740386963,1.6203570365905762,1.3169268369674683,1.3371168375015259,1.2719123363494873,1.2456451654434204,1.3626469373703003,1.1866666078567505,0.8322285413742065,0.5038906931877136,0.4949963092803955,0.6415073871612549,0.6029089093208313,0.5927290320396423,0.4545624256134033,0.34959056973457336,-0.048298999667167664,-0.20342008769512177,-0.12886512279510498,-0.02585412561893463,-0.32810133695602417,-0.9098942875862122,-1.4335018396377563,-1.2308841943740845,-1.029750108718872,-0.7042921185493469,-1.1366164684295654,-1.2513819932937622,-0.5085733532905579,-0.11334245651960373,-0.13254506886005402,0.34083718061447144,0.9621841907501221,-0.3153625726699829,-0.7378119826316833,-0.98199862241745,-0.9091498851776123,-0.886762797832489,-1.00301992893219
0.8152821063995361,0.8396943807601929,0.9259068965911865,1.0189934968948364,1.1898167133331299,1.4167659282684326,1.1254454851150513,1.0908899307250977,1.3675954341888428,1.3938257694244385,1.2193561792373657,1.1894841194152832,1.0463182926177979,1.1608409881591797,1.2940996885299683,1.1075448989868164,0.876349925994873,0.8233181834220886,0.7776401042938232,0.742710530757904,0.6108334064483643,1.2412079572677612,1.844802975654602,1.8238093852996826,1.4162671566009521,0.2070835828781128,-0.3435184061527252,-0.24320505559444427,-0.19887623190879822,-0.03012366220355034,0.3810010850429535,1.0133461952209473,1.3698220252990723,0.986508846282959,1.2276196479797363,1.5983630418777466,1.6804428100585938,0.39537665247917175,-0.36965706944465637,-0.6843037009239197,-0.971706211566925,-1.2337298393249512,-1.3300917148590088
0.8186965584754944,0.824498176574707,0.8928489089012146,0.9333986043930054,1.0412474870681763,1.1525322198867798,0.8887424468994141,1.0079398155212402,1.0340288877487183,1.2190698385238647,1.347660779953003,1.2268704175949097,1.24382483959198,1.6100162267684937,1.523200273513794,1.3972389698028564,1.4697308540344238,1.2831262350082397,1.2625389099121094,1.3028764724731445,1.6251592636108398,1.6450145244598389,2.0218913555145264,2.013643264770508,1.5728766918182373,1.3772001266479492,1.4874988794326782,1.0262774229049683,0.24317769706249237,-0.17120712995529175,0.35129478573799133,0.6918693780899048,0.23292940855026245,0.0026174508966505527,-0.5227355360984802,-0.1475764811038971,-0.24946166574954987,-0.5263822674751282,-0.5761696696281433,-0.7825732231140137,-1.4280787706375122,-1.651545763015747,-1.7307409048080444
0.7969804406166077,0.8063827157020569,0.828980565071106,0.8359736800193787,0.8131769895553589,0.8743113279342651,0.6485351920127869,1.0137965679168701,1.1360340118408203,0.7973963618278503,0.8634990453720093,0.9502254128456116,1.2687523365020752,1.8220127820968628,1.5998564958572388,1.57606041431427,1.5257929563522339,1.3470937013626099,1.3505104780197144,1.4954791069030762,1.63005793094635,1.4122916460037231,0.9916678071022034,0.34092962741851807,1.235335350036621,2.740128993988037,2.4936776161193848,0.8266372084617615,-0.5656161904335022,-0.13519689440727234,-0.5914372801780701,-1.0632411241531372,-0.3716984987258911,0.653245210647583,-0.4284418225288391,-1.7359815835952759,-1.2184311151504517,-0.2673206627368927,-0.913501501083374,-1.3980903625488281,-1.7233662605285645,-1.8368414640426636,-1.9134321212768555
0.827290952205658,0.775915801525116,0.7882600426673889,0.7602080702781677,0.6188702583312988,0.7592084407806396,0.16530312597751617,0.2603331506252289,0.2693999409675598,0.09334287792444229,0.47870874404907227,0.9461826086044312,1.2461024522781372,1.4495654106140137,1.282899260520935,1.1544110774993896,0.9955217838287354,1.2431131601333618,1.7879908084869385,1.608131766319275,1.3582812547683716,1.3645819425582886,0.7502534985542297,-0.0012979726307094097,0.3820648491382599,1.2413371801376343,0.7923963069915771,1.1873812675476074,-0.5649213194847107,-0.7223541140556335,-0.7506371736526489,-0.828834593296051,-0.4668441116809845,-0.09434690326452255,0.31129491329193115,-0.2547401189804077,0.17963771522045135,0.6583256125450134,-0.18476533889770508,-1.3917691707611084,-1.6582329273223877,-1.9176827669143677,-1.4812567234039307
0.9046527147293091,0.7987918257713318,0.793773889541626,0.7734741568565369,0.6747676134109497,0.42773616313934326,-0.27377229928970337,-0.3033481538295746,-1.0376534461975098,0.1885940134525299,1.131098985671997,1.4178686141967773,1.2861980199813843,1.032724142074585,0.9122607707977295,0.8358817100524902,0.9169474244117737,1.5791077613830566,2.0676722526550293,1.4606904983520508,1.018250823020935,1.1004676818847656,1.2499502897262573,1.3803461790084839,-0.7141570448875427,-1.704621434211731,-0.6091533899307251,1.5139195919036865,1.310778021812439,-0.9898495674133301,-0.8602662086486816,-0.9445361495018005,-1.5301061868667603,-1.282085657119751,0.21851973235607147,0.658171534538269,0.6714569330215454,0.31905248761177063,-0.08457015454769135,-0.6330479383468628,-1.952132225036621,-1.628778100013733,-0.8088287711143494
1.0479967594146729,0.9250074625015259,0.8673380017280579,0.8375475406646729,0.8026830554008484,0.12525390088558197,0.12508787214756012,-0.057690396904945374,-0.22365880012512207,0.7549225091934204,0.9704786539077759,0.9573671221733093,0.5413869023323059,0.4502671957015991,0.5982175469398499,1.0005903244018555,1.442766547203064,1.734267234802246,1.4981746673583984,1.1808737516403198,1.1163133382797241,1.4657117128372192,1.8517775535583496,1.7538223266601562,0.6885742545127869,-0.5824112892150879,0.08558991551399231,0.24512243270874023,1.0161739587783813,1.1429634094238281,0.9052004218101501,0.0072109936736524105,-1.2538368701934814,-1.248099684715271,-0.7103553414344788,-0.8544313907623291,-0.24115562438964844,-0.336841344833374,0.3151213526725769,0.6969191431999207,-0.4800761342048645,-0.531485378742218,-0.28835272789001465
1.208204746246338,1.0833125114440918,0.98508620262146,1.0150902271270752,1.3964807987213135,1.3172121047973633,0.8825029730796814,0.8119766116142273,1.4323760271072388,1.446911096572876,0.756101667881012,0.649537980556488,0.5528380870819092,0.9397286772727966,1.1852068901062012,1.5692672729492188,1.688248872756958,1.326959252357483,1.067232370376587,1.1828590631484985,1.4311200380325317,1.5703279972076416,1.4930039644241333,1.0709270238876343,1.2090601921081543,0.7762252688407898,-0.03237185627222061,-0.47849422693252563,0.3787855803966522,2.0149285793304443,2.0474698543548584,1.6311874389648438,0.5247595310211182,-1.0779742002487183,-1.5507270097732544,-1.2335201501846313,-1.1145415306091309,-0.4312668442726135,0.9534441232681274,0.8504323959350586,0.648932158946991,0.9187426567077637,-0.0195095706731081
1.3143113851547241,1.243957757949829,1.1064045429229736,1.0993843078613281,1.2712353467941284,1.8488346338272095,1.559705376625061,1.2045848369598389,1.526068925857544,1.3391315937042236,0.8250955939292908,0.6473646759986877,0.7918604612350464,1.1866610050201416,1.1230144500732422,1.3365246057510376,1.2144196033477783,1.0031358003616333,1.0697259902954102,1.0514442920684814,1.2929285764694214,1.2585933208465576,0.7733981609344482,0.45496949553489685,0.2860523462295532,0.35050854086875916,0.12997375428676605,0.8632844686508179,1.9303139448165894,1.529721736907959,0.6876556873321533,0.6743296980857849,0.7946497201919556,-0.425323486328125,-0.1995239406824112,0.39294999837875366,-1.3100309371948242,-0.6826936602592468,-0.23314973711967468,-0.690285325050354,-0.2811622619628906,0.2586272060871124,-0.4863693416118622
1.4548263549804688,1.3756153583526611,1.2108407020568848,1.050440788269043,0.16843825578689575,0.558699369430542,1.217950701713562,1.351764440536499,1.1783782243728638,0.8721072673797607,0.8366955518722534,0.7052958607673645,0.7829138040542603,0.8881019949913025,0.8620861172676086,1.0717085599899292,0.9136304259300232,0.7268384695053101,0.567419707775116,0.7605350017547607,1.3271175622940063,1.154671549797058,1.0229687690734863,0.8773247003555298,0.7685301899909973,0.948461651802063,1.4549850225448608,1.9657726287841797,2.2618045806884766,1.9938890933990479,0.4949336051940918,-0.44300946593284607,-0.4278677701950073,0.20137830078601837,0.8618412017822266,1.100029468536377,0.46393898129463196,0.49487587809562683,0.3969360291957855,-0.33192965388298035,-0.29895904660224915,-0.6495122313499451,-1.1807448863983154
1.5572092533111572,1.4523545503616333,1.334281325340271,1.2633862495422363,0.8448238372802734,0.4086339473724365,0.398102730512619,1.2578847408294678,1.3331501483917236,1.022089958190918,0.9336815476417542,0.5942245125770569,0.6852915287017822,0.6125680804252625,0.8561216592788696,0.8576589822769165,0.1743321269750595,0.03226767107844353,0.6478181481361389,1.245424509048462,1.2070121765136719,0.9867767095565796,1.3617808818817139,1.4746633768081665,1.3608765602111816,1.48270845413208,1.7231941223144531,1.5958430767059326,2.0827226638793945,2.241647958755493,1.4159733057022095,0.2870576083660126,0.08941680192947388,0.7012593150138855,0.937832772731781,0.9734836220741272,1.496964454650879,1.6251473426818848,1.2204946279525757,1.385636568069458,1.29684579372406,1.2352416515350342,-0.261360228061676
1.608319878578186,1.5135396718978882,1.4608362913131714,1.5108438730239868,1.7365752458572388,1.3869774341583252,0.9070047736167908,1.2137187719345093,1.4237085580825806,0.9758726358413696,-0.01255654077976942,-0.31067296862602234,0.34288692474365234,0.6264369487762451,0.8444425463676453,0.32713863253593445,0.2926420271396637,1.091404914855957,1.6482270956039429,1.3824989795684814,0.5334468483924866,0.101099394261837,0.31562140583992004,0.8559970855712891,1.4119915962219238,1.6592261791229248,1.4087193012237549,1.440305471420288,1.6990492343902588,1.54359769821167,2.1015877723693848,2.000852584838867,1.0723507404327393,0.8082354068756104,1.0491256713867188,0.9412947297096252,0.8273316621780396,0.673352062702179,1.0981403589248657,1.8090962171554565,2.011171340942383,1.9493662118911743,1.0881239175796509
1.6527005434036255,1.5978494882583618,1.5726240873336792,1.5739692449569702,1.4101018905639648,1.4460147619247437,1.365280270576477,1.5814741849899292,1.5234676599502563,1.0980224609375,0.2089945375919342,0.008861920796334743,0.07295425981283188,0.6264046430587769,0.5366964340209961,0.6306892037391663,1.5143979787826538,1.6916218996047974,0.8148652911186218,0.11230522394180298,-0.15097850561141968,-0.37668052315711975,-0.7133301496505737,-0.3265576660633087,0.6312585473060608,1.1103997230529785,1.1900306940078735,1.4548836946487427,1.2356356382369995,1.1995394229888916,1.7834291458129883,1.9792648553848267,1.5415613651275635,1.4749224185943604,1.4010175466537476,0.9400378465652466,0.6452378034591675,0.5783411264419556,0.4222949147224426,0.3903144299983978,0.515333354473114,0.8362271785736084,1.0953912734985352
