demo/1400-wind-surface-level-gfs-1.0.json
{"header": {"discipline": 0, "disciplineName": "Meteorological products", "gribEdition": 2, "gribLength": 11338.0, "center": 0, "centerName": "WRF OUTPUT", "subcenter": 0, "refTime": "2020-10-09T12:00:00.000Z", "significanceOfRT": 1, "significanceOfRTName": "Start of forecast", "productStatus": 0, "productStatusName": "Operational products", "productType": 1, "productTypeName": "Forecast products", "productDefinitionTemplate": 0, "productDefinitionTemplateName": "Analysis/forecast at horizontal level/layer at a point in time", "parameterCategory": 2, "parameterCategoryName": "Momentum", "parameterNumber": 3, "parameterNumberName": "V-component_of_wind", "parameterUnit": "m.s-1", "genProcessType": 2, "genProcessTypeName": "Forecast", "forecastTime": 0, "surface1Type": 103, "surface1TypeName": "Specified height level above ground", "surface1Value": 10, "surface2Type": 255, "surface2TypeName": "Missing", "surface2Value": 0, "gridDefinitionTemplate": 0, "gridDefinitionTemplateName": "Latitude_Longitude", "numberPoints": 65160, "shape": 6, "shapeName": "Earth spherical with radius of 6,371,229.0 m", "gridUnits": "degrees", "resolution": 48, "winds": "true", "scanMode": 0, "nx": 70.0, "ny": 70.0, "basicAngle": 0, "subDivisions": 0, "lo1": 12.008544921875, "la1": 43.66691207885742, "lo2": 13.70867919921875, "la2": 42.426788330078125, "dx": 0.024617210030555725, "dy": 0.01798853650689125}, "data":
[rows 38 to 56 of 70, columns 0 to 41 of 70]
-0.6056692600250244,-0.7113274335861206,-0.7911336421966553,-0.8773051500320435,-0.9072795510292053,-0.9162012338638306,-0.9480377435684204,-0.9986764192581177,-0.9391559362411499,-1.3026326894760132,-0.9633551836013794,-0.5124727487564087,-0.4820553660392761,-0.5040348768234253,-0.44812247157096863,-0.2630000710487366,-0.3228070139884949,-0.4271802306175232,-0.6201033592224121,-1.01621413230896,-1.6652437448501587,-1.7812211513519287,-1.6058882474899292,-1.3804386854171753,-1.0671677589416504,-0.6057811379432678,-0.5553517937660217,-0.18640168011188507,0.05817435681819916,0.5037128925323486,0.5183079242706299,0.4202762842178345,0.05425398796796799,-0.5466073751449585,-0.7024275660514832,-0.7109700441360474,-0.8916434049606323,-1.3361468315124512,-1.4536867141723633,-1.5985941886901855,-1.7221612930297852,-2.0838069915771484
-0.7252098321914673,-0.8609942197799683,-0.9618338346481323,-1.025976538658142,-0.9906637668609619,-1.264202356338501,-1.3680393695831299,-1.4896447658538818,-1.602006196975708,-1.4897122383117676,-0.9200775623321533,-0.5947166681289673,-0.6356984376907349,-0.7966318130493164,-0.6207983493804932,-0.4083815813064575,-0.5179096460342407,-0.6335675120353699,-0.4656216502189636,-0.22367021441459656,-0.3904910683631897,-1.2715013027191162,-1.5614418983459473,-1.3415336608886719,-1.0714043378829956,-0.7209876775741577,-0.46204668283462524,-0.3569493889808655,-0.31757819652557373,0.1637459546327591,0.42355960607528687,0.06928670406341553,-0.23561449348926544,-0.8973101377487183,-1.2920552492141724,-1.2919809818267822,-1.1461278200149536,-1.394232988357544,-1.5090680122375488,-1.180422306060791,-1.7616685628890991,-1.7532533407211304
-0.8700007796287537,-1.0152312517166138,-1.121112585067749,-1.152984380722046,-1.1038568019866943,-1.5964170694351196,-1.4453175067901611,-1.5012246370315552,-1.3533731698989868,-0.83710777759552,-0.7872004508972168,-0.9280551671981812,-0.7154759168624878,-0.5527718663215637,-0.30446121096611023,-0.36826092004776,-0.5282581448554993,-0.6723514795303345,-0.5852364301681519,-0.1484757959842682,0.23714648187160492,-0.4678921699523926,-1.3503987789154053,-1.2223838567733765,-1.003696322441101,-0.7131139039993286,-0.41236448287963867,-0.44215577840805054,-0.3161885738372803,0.11648289859294891,0.35970252752304077,-0.0486212782561779,-0.12498783320188522,-0.9301605224609375,-2.007181167602539,-2.224773406982422,-1.6689298152923584,-1.5152143239974976,-1.4451756477355957,-1.0315370559692383,-0.4481421709060669,0.6481196880340576
-1.0343756675720215,-1.1731469631195068,-1.2684831619262695,-1.2899951934814453,-1.2700611352920532,-1.673518180847168,-1.2685792446136475,-1.1336300373077393,-0.8450950384140015,-0.6768722534179688,-0.9484860301017761,-0.9403391480445862,-0.5804891586303711,-0.11312122642993927,0.07125778496265411,-0.2933759391307831,-0.6504213213920593,-0.7439281344413757,-0.7658820152282715,-0.8135567307472229,-0.7137885689735413,-0.1375407725572586,-0.5403798222541809,-1.2838544845581055,-1.0842221975326538,-0.7850784659385681,-0.6526591181755066,-0.6190947890281677,-0.5165724754333496,-0.10604824125766754,-0.0467338040471077,0.107134610414505,0.03948243707418442,-0.46956363320350647,-1.8843973875045776,-2.6078860759735107,-2.0038156509399414,-1.654294490814209,-1.3003036975860596,-0.6075419187545776,0.6223760843276978,1.9208781719207764
-1.273263931274414,-1.3843860626220703,-1.4658567905426025,-1.4571141004562378,-1.504117488861084,-1.6357388496398926,-1.2496533393859863,-1.2988176345825195,-1.2443127632141113,-1.1458806991577148,-1.2185804843902588,-1.1089991331100464,-0.9948078989982605,-0.562958836555481,-0.19803780317306519,-0.4902324676513672,-0.9204471707344055,-1.1479377746582031,-0.9144141674041748,-1.1523001194000244,-1.2083851099014282,-0.31865429878234863,0.2810865044593811,-1.058250904083252,-1.2928096055984497,-1.107733130455017,-1.1405518054962158,-1.1126551628112793,-0.8614852428436279,-0.2114640474319458,-0.11921671777963638,0.1793183833360672,-0.16750556230545044,-0.39632922410964966,-1.3211250305175781,-2.2376549243927,-2.0477001667022705,-1.4335899353027344,-0.43424758315086365,-0.2442416250705719,0.7763102054595947,1.7934701442718506
-1.484377145767212,-1.5745675563812256,-1.6106863021850586,-1.5401291847229004,-1.5842863321304321,-1.5056943893432617,-1.2348809242248535,-1.389998197555542,-1.463346004486084,-1.3333436250686646,-1.4256114959716797,-1.5124332904815674,-1.5414464473724365,-1.27736234664917,-0.7787771224975586,-0.7639234066009521,-0.9256228804588318,-1.1527976989746094,-1.131313681602478,-1.2005605697631836,-1.2321829795837402,-0.8407385349273682,-0.0029674172401428223,-0.40929490327835083,-1.2639518976211548,-1.4245193004608154,-1.6034387350082397,-1.5984082221984863,-1.2924516201019287,-0.7553943395614624,-0.4912867844104767,-0.3097168505191803,-0.5751816034317017,-0.8018349409103394,-1.5546611547470093,-1.7699624300003052,-1.4653961658477783,-0.20447024703025818,0.5162949562072754,-0.15392300486564636,0.7953534126281738,1.3642667531967163
-1.5655088424682617,-1.6365472078323364,-1.6479182243347168,-1.5360043048858643,-1.2066727876663208,-0.962511420249939,-1.0718231201171875,-1.2146788835525513,-1.4332373142242432,-1.352433443069458,-1.6520421504974365,-1.7667690515518188,-1.7144992351531982,-1.529984951019287,-1.2081255912780762,-1.0180599689483643,-0.8388454914093018,-0.7920108437538147,-0.9368747472763062,-1.208848476409912,-1.3511172533035278,-1.0557466745376587,-0.612544059753418,-0.3288092017173767,-0.9771600961685181,-1.394869089126587,-1.6516804695129395,-1.7240324020385742,-1.5246950387954712,-1.0476607084274292,-0.5245693922042847,-0.6060824990272522,-0.7250560522079468,-0.5899221897125244,-1.3658223152160645,-1.4883387088775635,-0.060989975929260254,1.4390759468078613,1.324176549911499,0.9376974105834961,1.0827628374099731,0.11907894909381866
-1.5728052854537964,-1.593580961227417,-1.6032103300094604,-1.480162262916565,-0.94493567943573,-0.8707728385925293,-0.9564306139945984,-1.1111538410186768,-1.452284812927246,-1.5210916996002197,-1.8614473342895508,-1.9740111827850342,-1.748355746269226,-1.4830851554870605,-1.3656673431396484,-1.243292212486267,-0.9870860576629639,-0.8573446273803711,-0.7956759333610535,-1.0867336988449097,-1.3084298372268677,-1.0334361791610718,-0.9296653270721436,-0.8823893070220947,-1.0312968492507935,-1.098341703414917,-1.2958955764770508,-1.5679659843444824,-1.5392813682556152,-1.198788046836853,-0.6466396450996399,-0.5874146223068237,-0.42731785774230957,0.45856156945228577,0.6100929975509644,-0.32786765694618225,1.1538053750991821,2.231821298599243,2.1737513542175293,1.8082563877105713,0.8796530961990356,-0.7681698799133301
-1.50333571434021,-1.4647669792175293,-1.4409140348434448,-1.3378536701202393,-1.081486701965332,-0.9272526502609253,-1.0248973369598389,-1.2603213787078857,-1.5613250732421875,-1.457276701927185,-1.822864294052124,-2.147679328918457,-1.670745849609375,-1.286746859550476,-1.2553048133850098,-1.3010399341583252,-1.0929455757141113,-0.964336633682251,-0.863343358039856,-0.8758822679519653,-0.7711436152458191,-1.284708023071289,-1.4570012092590332,-1.4837924242019653,-1.539381980895996,-1.4675867557525635,-1.342369794845581,-1.5134186744689941,-1.494527816772461,-1.3221008777618408,-0.8158494234085083,-0.4239814281463623,0.22169345617294312,1.3258641958236694,1.6301971673965454,0.44175291061401367,1.8318274021148682,2.1944503784179688,1.8609119653701782,1.0083848237991333,-0.1646863967180252,-1.4907331466674805
-1.363724946975708,-1.2281663417816162,-1.120625376701355,-0.9742804765701294,-0.7406606078147888,-0.14358773827552795,-0.10651534795761108,-0.6020935773849487,-1.3280766010284424,-1.082883596420288,-1.4677932262420654,-1.76276695728302,-1.5713016986846924,-1.538777232170105,-1.606208086013794,-1.3849155902862549,-1.0653951168060303,-0.9169141054153442,-0.8838177919387817,-0.8364899158477783,-0.6876904368400574,-1.5040546655654907,-2.1166281700134277,-2.1679201126098633,-2.0823655128479004,-1.910323143005371,-1.5876057147979736,-1.5674562454223633,-1.5278754234313965,-1.4272979497909546,-1.0477843284606934,-0.42268019914627075,0.3796723484992981,0.8320222496986389,0.4711824059486389,0.2956334948539734,2.382524251937866,1.8981233835220337,0.7761647701263428,-0.04695318639278412,-0.27926671504974365,-0.7812272310256958
-1.1530762910842896,-0.955108642578125,-0.7631963491439819,-0.5840756297111511,-0.6314354538917542,0.030986040830612183,0.706473708152771,0.24344950914382935,-0.3171919286251068,0.1338272988796234,-1.055373191833496,-1.9964553117752075,-2.3191819190979004,-2.210468053817749,-1.8082962036132812,-1.3936676979064941,-1.046144723892212,-0.8696570992469788,-0.8434003591537476,-0.8626062870025635,-1.0347261428833008,-1.2735826969146729,-1.7895300388336182,-2.068753957748413,-1.8930295705795288,-1.6151301860809326,-1.6427745819091797,-1.5999891757965088,-1.5658303499221802,-1.4729387760162354,-1.15900456905365,-0.9630358219146729,-0.3289422392845154,-0.047938019037246704,-0.7127100825309753,0.456353098154068,2.4845879077911377,1.606871485710144,-0.13751795887947083,-0.7938877940177917,-0.18318992853164673,0.34725505113601685
-0.8758513331413269,-0.6840720176696777,-0.47413426637649536,-0.28532838821411133,-0.285847008228302,0.10370460152626038,0.1677069365978241,0.1103634461760521,0.7189583778381348,1.405409574508667,0.6183946132659912,-1.3685641288757324,-1.9404486417770386,-1.2315585613250732,-1.0375350713729858,-1.021142840385437,-1.0247106552124023,-1.0023950338363647,-0.962918221950531,-0.8582018613815308,-1.0173742771148682,-0.7079653739929199,-0.5018258094787598,-0.9278548955917358,-1.604022741317749,-1.5330297946929932,-1.634088158607483,-1.6562209129333496,-1.6402696371078491,-1.5785691738128662,-1.2217658758163452,-1.0151535272598267,-0.752933144569397,-0.35664063692092896,-0.7163740396499634,1.3745094537734985,2.3980679512023926,1.3525543212890625,0.012274637818336487,-0.953583300113678,-1.2341887950897217,-0.31044501066207886
-0.5538653135299683,-0.3880373239517212,-0.21825452148914337,-0.1255670189857483,0.09758761525154114,0.6220571994781494,0.4633669853210449,0.68802809715271,1.310041904449463,1.4513213634490967,1.9683263301849365,1.1936379671096802,-0.12899267673492432,-0.032888077199459076,-0.6366764307022095,-0.8575353622436523,-1.0635960102081299,-1.0544607639312744,-0.9935821294784546,-0.8628529906272888,-0.8631407022476196,-0.4062126576900482,-0.1293286830186844,-0.4682300388813019,-1.4267492294311523,-1.696267008781433,-1.7157493829727173,-1.6866064071655273,-1.5178375244140625,-1.3915085792541504,-1.0102661848068237,-0.6062520742416382,-0.7910208702087402,-0.9198662042617798,0.029952913522720337,2.1035382747650146,1.8487930297851562,0.691321849822998,0.06957612931728363,-0.4139572083950043,-1.8488199710845947,-1.7745074033737183
-0.20957514643669128,-0.12399104982614517,-0.08277365565299988,-0.10813415050506592,0.17471487820148468,0.3696954846382141,0.6476637125015259,1.2180297374725342,1.5802538394927979,1.3061251640319824,1.023535966873169,1.4360408782958984,0.26042506098747253,-0.46111541986465454,-1.1218516826629639,-1.3019191026687622,-1.3861138820648193,-1.2630598545074463,-1.1188304424285889,-1.0099681615829468,-1.0052919387817383,-0.6947906613349915,-0.5230798125267029,-0.5864509344100952,-0.5953369736671448,-1.6321399211883545,-1.6530884504318237,-1.4797844886779785,-1.3354634046554565,-1.3107116222381592,-1.0522136688232422,-1.0316003561019897,-1.2324846982955933,-1.619519829750061,0.103896364569664,1.155566930770874,0.8542461395263672,-0.32716572284698486,-1.1383451223373413,-0.9156407117843628,-1.5038504600524902,-2.5017621517181396
0.30093443393707275,0.12078702449798584,-0.06338980793952942,-0.097857765853405,0.17120146751403809,0.40746527910232544,0.6940926313400269,1.131874680519104,1.5616568326950073,1.6070479154586792,0.7818013429641724,-0.21806320548057556,-0.49747273325920105,-1.1180689334869385,-1.6469621658325195,-1.7068841457366943,-1.7426279783248901,-1.5457026958465576,-1.4011735916137695,-1.2237091064453125,-1.1004176139831543,-1.0668308734893799,-1.0276566743850708,-0.67491614818573,-0.09989585727453232,-0.9894834756851196,-1.4127750396728516,-1.3373253345489502,-1.586754322052002,-1.6315736770629883,-1.4604980945587158,-1.4901158809661865,-1.616938591003418,-1.8861322402954102,-0.8367851972579956,-0.003922194242477417,0.43748995661735535,-0.21478664875030518,-1.5744459629058838,-1.485316514968872,-1.0755757093429565,-2.1835291385650635
0.6840159893035889,0.24726839363574982,-0.06598919630050659,-0.08299553394317627,0.20976516604423523,0.5043911337852478,0.6535336375236511,0.5193856954574585,0.7571942806243896,0.7540577054023743,0.4766230583190918,-1.1468877792358398,-1.667109727859497,-1.6567156314849854,-1.8585376739501953,-1.7391111850738525,-1.6488037109375,-1.5222476720809937,-1.551452398300171,-1.4004967212677002,-1.165644884109497,-1.0849316120147705,-1.3594579696655273,-1.1724148988723755,-0.7134662866592407,-0.7343295812606812,-1.4967167377471924,-1.5831718444824219,-1.968222975730896,-1.9698750972747803,-1.6347877979278564,-1.512091875076294,-0.9150686860084534,-0.5873805284500122,-1.5337977409362793,-0.8630624413490295,0.020114749670028687,0.5554434061050415,-1.1094746589660645,-0.8900182247161865,-0.9249731302261353,-1.9958829879760742
0.7316135168075562,0.24369487166404724,-0.06438524276018143,-0.13512389361858368,0.26415494084358215,0.12775108218193054,0.0531076118350029,-0.06310242414474487,-0.2761070132255554,-0.7837267518043518,-0.919381320476532,-1.0893691778182983,-1.7324014902114868,-1.9629572629928589,-1.975059151649475,-1.7106600999832153,-1.7430837154388428,-1.6837327480316162,-1.700343370437622,-1.5784448385238647,-1.502017855644226,-1.3040127754211426,-1.5047833919525146,-1.5726730823516846,-1.334221363067627,-1.254988193511963,-1.709919810295105,-1.833683729171753,-2.0879812240600586,-2.143188714981079,-1.6274058818817139,-1.5461313724517822,-0.023102667182683945,1.0163236856460571,-0.40932443737983704,-0.8165500164031982,-0.5812503099441528,0.08580264449119568,-1.0119755268096924,-0.7841272950172424,-1.479361653327942,-2.4029722213745117
0.6067363023757935,0.12001119554042816,-0.1901455968618393,-0.357316792011261,-0.4233137369155884,-0.30724745988845825,-0.23736193776130676,-0.24005126953125,-0.7192620038986206,-1.1578023433685303,-0.9428439736366272,-0.2811047434806824,-0.5821723341941833,-1.6089885234832764,-1.8674721717834473,-1.5532317161560059,-1.9766547679901123,-1.9867602586746216,-1.9062035083770752,-1.8027167320251465,-1.9010095596313477,-1.7965573072433472,-1.8374338150024414,-1.746480107307434,-1.546931505203247,-1.8064630031585693,-2.2043161392211914,-2.2995991706848145,-2.329195261001587,-2.4652156829833984,-1.793370008468628,-0.9178504347801208,0.9457718133926392,1.4675101041793823,1.0217281579971313,0.23536600172519684,-0.27781516313552856,-0.448721706867218,0.2084091305732727,0.1453993022441864,-0.4915052652359009,-1.923745036125183
0.2662576735019684,-0.17334617674350739,-0.46059340238571167,-0.6046788096427917,-0.9095727205276489,-0.7029229402542114,-0.5997157096862793,-0.5344639420509338,-0.6397875547409058,-0.3645285964012146,0.30954140424728394,0.49398303031921387,-0.22753828763961792,-0.9678008556365967,-1.6700592041015625,-1.5524468421936035,-1.8658078908920288,-2.032264471054077,-2.0017125606536865,-1.9136356115341187,-2.1043825149536133,-2.0885376930236816,-2.134392261505127,-2.0015151500701904,-1.9477241039276123,-2.1064558029174805,-2.152751922607422,-2.0974771976470947,-2.2371222972869873,-2.0862841606140137,-0.5871967077255249,1.108947992324829,2.3852615356445312,2.080132484436035,1.0772122144699097,0.613429844379425,-0.024495795369148254,-0.08019638806581497,1.2847862243652344,0.8602209091186523,0.6325985789299011,-0.3962734639644623
