demo/1400-wind-surface-level-gfs-1.0.json
{"header": {"discipline": 0, "disciplineName": "Meteorological products", "gribEdition": 2, "gribLength": 11338.0, "center": 0, "centerName": "WRF OUTPUT", "subcenter": 0, "refTime": "2020-10-06T12:00:00.000Z", "significanceOfRT": 1, "significanceOfRTName": "Start of forecast", "productStatus": 0, "productStatusName": "Operational products", "productType": 1, "productTypeName": "Forecast products", "productDefinitionTemplate": 0, "productDefinitionTemplateName": "Analysis/forecast at horizontal level/layer at a point in time", "parameterCategory": 2, "parameterCategoryName": "Momentum", "parameterNumber": 2, "parameterNumberName": "U-component_of_wind", "parameterUnit": "m.s-1", "genProcessType": 2, "genProcessTypeName": "Forecast", "forecastTime": 0, "surface1Type": 103, "surface1TypeName": "Specified height level above ground", "surface1Value": 10, "surface2Type": 255, "surface2TypeName": "Missing", "surface2Value": 0, "gridDefinitionTemplate": 0, "gridDefinitionTemplateName": "Latitude_Longitude", "numberPoints": 65160, "shape": 6, "shapeName": "Earth spherical with radius of 6,371,229.0 m", "gridUnits": "degrees", "resolution": 48, "winds": "true", "scanMode": 0, "nx": 70.0, "ny": 70.0, "basicAngle": 0, "subDivisions": 0, "lo1": 12.008544921875, "la1": 43.66691207885742, "lo2": 13.70867919921875, "la2": 42.426788330078125, "dx": 0.024617210030555725, "dy": 0.01798853650689125}, "data":
[rows 0 to 18 of 70, columns 0 to 42 of 70]
4.284864902496338,4.489706516265869,4.7300124168396,5.016063690185547,5.183454513549805,5.534741401672363,5.849694728851318,6.173223495483398,6.37965202331543,6.3891282081604,6.412121772766113,6.3800578117370605,6.013729572296143,5.75302267074585,5.3718180656433105,5.0478196144104,4.840777397155762,4.609278678894043,4.464888572692871,4.388833045959473,4.382783889770508,4.461378574371338,4.674109935760498,4.886541843414307,4.991281509399414,5.022205829620361,5.033305644989014,4.975633144378662,4.979842185974121,4.961031913757324,4.893439292907715,4.933999538421631,5.062469959259033,5.171818256378174,5.180691242218018,5.178921222686768,5.090233325958252,4.912230968475342,4.790669918060303,4.755471229553223,4.754937648773193,4.855464458465576,5.118192672729492
4.1069655418396,4.2324442863464355,4.5068135261535645,4.795255184173584,5.073623180389404,5.375246524810791,5.617706775665283,5.857170581817627,6.1035237312316895,6.119296073913574,6.364003658294678,6.514716148376465,6.28480863571167,5.8105268478393555,5.332213401794434,5.028293609619141,4.747631072998047,4.607458591461182,4.4554619789123535,4.337815761566162,4.29524040222168,4.279900074005127,4.464603900909424,4.702353000640869,4.799471378326416,4.858824253082275,4.85841703414917,4.769070148468018,4.598925590515137,4.541624069213867,4.506556510925293,4.637800693511963,4.848535060882568,5.124070167541504,5.218629360198975,5.200363636016846,5.150556564331055,5.036661624908447,4.922331809997559,4.857028484344482,4.8263325691223145,4.851838111877441,4.9487104415893555
4.06272029876709,4.258583068847656,4.431722164154053,4.6359686851501465,5.014511585235596,5.2879438400268555,5.629660606384277,5.770719528198242,5.971664905548096,5.965457916259766,6.080488681793213,6.154847621917725,5.981861591339111,5.54610538482666,5.210788726806641,4.887759685516357,4.6668477058410645,4.42064094543457,4.372107982635498,4.262531280517578,4.180685520172119,4.1173858642578125,4.290448188781738,4.5431952476501465,4.670979976654053,4.776877403259277,4.7443928718566895,4.581817626953125,4.384100914001465,4.495907306671143,4.63905668258667,4.7806830406188965,4.854891300201416,5.014792442321777,5.098304271697998,5.125160217285156,5.137913703918457,5.111963272094727,5.036416530609131,5.000746250152588,4.960751056671143,4.918262004852295,4.870347023010254
4.289999008178711,4.418026447296143,4.465933322906494,4.621570587158203,4.846921443939209,5.030422210693359,5.201289653778076,5.383090972900391,5.536434650421143,5.666103363037109,5.919095993041992,6.273353099822998,6.278890609741211,5.699905872344971,5.140547275543213,4.863466739654541,4.677227973937988,4.641278266906738,4.433244228363037,4.320574760437012,4.220135688781738,4.185286521911621,4.212352752685547,4.312360763549805,4.420251369476318,4.583446979522705,4.74642276763916,4.762781143188477,4.702354431152344,4.74472188949585,4.791436672210693,4.742242336273193,4.773491382598877,4.916060447692871,5.069965362548828,5.199986934661865,5.329067230224609,5.405206203460693,5.396546840667725,5.308700084686279,5.118750095367432,4.876153469085693,4.646762847900391
4.406994342803955,4.553162097930908,4.643411636352539,4.816140651702881,4.837192058563232,4.804352283477783,4.974160671234131,5.131019592285156,5.31818962097168,5.608303070068359,5.808927059173584,5.973618030548096,5.830044746398926,5.578214645385742,5.456546783447266,5.204580783843994,4.868669509887695,4.516916751861572,3.972749948501587,4.005902290344238,4.254666328430176,4.414053440093994,4.592578887939453,4.6478776931762695,4.417360305786133,4.307222366333008,4.441354751586914,4.778355121612549,4.829148769378662,4.8122124671936035,4.9267144203186035,4.803649425506592,4.767638206481934,4.984405517578125,5.361202239990234,5.656761646270752,5.841454029083252,5.938488960266113,5.844594955444336,5.470935821533203,4.899046421051025,4.380581855773926,4.170568466186523
4.781647205352783,5.049302577972412,5.177865982055664,5.41276216506958,5.045952320098877,4.764083385467529,5.1272406578063965,5.4960150718688965,5.792795658111572,6.273029804229736,6.357747554779053,6.238048553466797,5.838071346282959,5.2650675773620605,4.587983131408691,4.442973613739014,4.395776748657227,3.9419891834259033,3.4683189392089844,3.7464792728424072,4.325884819030762,4.607918739318848,4.321295261383057,4.217822074890137,4.428725242614746,4.489372730255127,4.450212478637695,4.961036682128906,5.249583721160889,4.762907028198242,4.429762840270996,4.648962497711182,4.908722877502441,5.31395149230957,5.621538162231445,5.583317756652832,5.345910549163818,5.065146446228027,4.673215866088867,4.262101650238037,4.097973823547363,4.2179670333862305,4.52891731262207
5.060928821563721,5.363388538360596,5.455989360809326,5.537060737609863,5.637282371520996,5.433575630187988,5.324105739593506,5.530025482177734,5.439377784729004,5.124390125274658,5.0464887619018555,4.986029624938965,4.857436656951904,4.762425422668457,4.355424404144287,3.9601008892059326,3.6306939125061035,3.4829652309417725,3.6401407718658447,4.039703845977783,4.627279281616211,4.692174911499023,4.413103103637695,4.105755805969238,3.896129608154297,4.113465785980225,4.766641139984131,5.08891487121582,4.863714218139648,4.761944770812988,4.822999477386475,4.932407855987549,5.167410850524902,5.398152828216553,5.394186019897461,5.069674491882324,4.599191188812256,4.321756839752197,4.404877185821533,4.593433856964111,4.645111083984375,4.630608558654785,4.601861476898193
4.9563188552856445,5.254725456237793,5.170745372772217,5.401641368865967,5.421672821044922,5.248268127441406,5.1007561683654785,5.143507480621338,5.288765907287598,4.857010841369629,4.386105537414551,4.554539203643799,4.735529899597168,4.049040794372559,3.7071681022644043,3.1178841590881348,3.0928196907043457,3.4138176441192627,3.8913609981536865,4.151595592498779,4.270092010498047,4.622025489807129,5.294190406799316,4.934356689453125,4.608283042907715,4.48640775680542,4.273229122161865,4.088908672332764,4.210773944854736,4.531665802001953,4.814779281616211,5.04833984375,5.077530384063721,4.88753604888916,4.552959442138672,4.297450065612793,4.263490676879883,4.351745128631592,4.616885662078857,4.76071310043335,4.5340189933776855,4.259917736053467,4.279226779937744
4.744804382324219,4.733758449554443,4.817012310028076,5.0238261222839355,5.160787582397461,5.056024551391602,4.989680767059326,4.861633777618408,4.486074447631836,4.020756721496582,3.7739450931549072,3.7144858837127686,3.5825064182281494,3.6342668533325195,3.487119197845459,3.3184401988983154,3.486192464828491,3.792639970779419,3.9957385063171387,4.385289192199707,4.357470989227295,4.4915361404418945,4.788743019104004,4.99897575378418,5.272769927978516,4.796394348144531,4.092092990875244,4.179059028625488,4.4627532958984375,4.312699794769287,4.253410339355469,4.357100963592529,4.240880966186523,4.156323432922363,3.9815735816955566,4.011584758758545,4.342320919036865,4.548607349395752,4.548671722412109,4.504085540771484,4.26307487487793,4.201652526855469,4.428028583526611
4.65354585647583,4.641555309295654,4.671579837799072,4.750369071960449,4.750430107116699,4.782787799835205,4.635909557342529,4.318214416503906,3.765718698501587,3.5192835330963135,3.70131254196167,3.3843860626220703,3.018266439437866,3.27349853515625,3.4252121448516846,3.4591002464294434,3.885222911834717,4.059060096740723,4.096018314361572,4.242300510406494,4.384174823760986,4.641017436981201,4.3383870124816895,4.3605499267578125,5.126995086669922,5.078351974487305,5.07019567489624,5.027312278747559,4.245062351226807,3.2737200260162354,3.0912671089172363,3.065312623977661,3.26108455657959,4.003381252288818,4.003438472747803,3.900559425354004,4.325250148773193,4.764520645141602,4.715263843536377,4.303115367889404,4.059289932250977,4.171480655670166,4.434413909912109
4.495550632476807,4.3678741455078125,4.2976179122924805,4.526792526245117,4.657254219055176,4.3533782958984375,4.178889274597168,3.798832893371582,3.2033345699310303,2.7827110290527344,2.5820839405059814,2.563999652862549,2.6761984825134277,2.864152669906616,3.140838384628296,3.4963090419769287,3.552168130874634,3.4646458625793457,3.985956907272339,4.116365432739258,4.161810874938965,5.245321750640869,5.197512626647949,3.7655460834503174,2.5392005443573,3.2770419120788574,5.0831499099731445,6.147665500640869,4.768799781799316,2.8584015369415283,2.231311321258545,2.227583646774292,2.712763786315918,3.990536689758301,4.510585784912109,4.383986473083496,4.21925687789917,4.731122016906738,4.930482387542725,4.304712772369385,3.884855270385742,4.229107856750488,4.148576259613037
4.42983341217041,4.257757663726807,4.164392948150635,3.9488003253936768,3.7292888164520264,3.7716426849365234,3.795738697052002,3.2845942974090576,2.7624974250793457,2.330267906188965,1.9590420722961426,2.2695581912994385,2.6838061809539795,2.7993555068969727,3.2296996116638184,3.683953285217285,3.394416570663452,3.295410633087158,4.3463640213012695,4.642617702484131,4.545406818389893,5.084011077880859,5.435185432434082,3.8982410430908203,2.359956741333008,2.494156837463379,3.6567771434783936,5.658134460449219,6.606388092041016,4.084346294403076,2.1931040287017822,2.336609125137329,2.7736897468566895,3.2340264320373535,4.067622661590576,4.565309524536133,4.517914772033691,4.644273281097412,4.860140800476074,4.37547492980957,4.2004828453063965,4.24640417098999,4.076302528381348
4.295833110809326,4.0395426750183105,3.894763708114624,3.727773904800415,3.521345376968384,3.3014955520629883,2.914449453353882,2.739757776260376,2.7505149841308594,2.1999807357788086,1.7733243703842163,2.2525205612182617,2.7485735416412354,2.869331121444702,3.4174959659576416,3.745194435119629,3.4108901023864746,3.3999316692352295,4.228785991668701,4.953214645385742,4.708695888519287,4.480268955230713,4.215472221374512,4.0591888427734375,3.391378879547119,2.6184425354003906,2.793245792388916,4.011392116546631,5.999593257904053,6.000310897827148,4.042821407318115,3.67116379737854,3.473419427871704,2.9413421154022217,3.5637943744659424,4.3288116455078125,4.4879279136657715,4.595166206359863,4.485710620880127,4.302443504333496,4.0070271492004395,4.007575988769531,4.174982070922852
4.11371374130249,3.775216579437256,3.730588436126709,3.5352182388305664,3.1857962608337402,2.8363020420074463,2.565856456756592,2.7434074878692627,2.805272102355957,2.182371139526367,1.7243096828460693,2.1426610946655273,2.6053428649902344,2.818392515182495,2.9930121898651123,3.2526347637176514,3.5695455074310303,3.8192548751831055,4.49971866607666,5.097174167633057,4.661362648010254,3.7068934440612793,3.7169809341430664,4.20553731918335,4.171390533447266,3.581786632537842,3.1797239780426025,3.8920071125030518,5.054166793823242,5.135952949523926,4.382544040679932,4.271791934967041,3.885636806488037,3.0483899116516113,3.3510196208953857,4.134035587310791,4.232664585113525,4.201196670532227,4.403841972351074,4.651183128356934,4.4232378005981445,4.459865570068359,4.588690280914307
4.027402400970459,3.7196133136749268,3.6224706172943115,3.3001575469970703,3.060619354248047,2.9185190200805664,2.792595386505127,2.6849365234375,2.5360195636749268,2.0406558513641357,1.8891563415527344,2.298053503036499,2.6853108406066895,2.946031332015991,3.1808762550354004,3.5046918392181396,4.038624286651611,4.427103042602539,4.600462913513184,4.184784889221191,3.91015625,4.143946647644043,4.110124111175537,3.7125730514526367,3.859283685684204,3.878944158554077,3.4861984252929688,3.6243228912353516,4.777824401855469,5.314064979553223,4.697403430938721,4.316307067871094,3.642662525177002,2.6816205978393555,2.9465298652648926,4.135454177856445,4.079185962677002,3.79423189163208,4.165998458862305,4.465770244598389,4.471214294433594,4.854701995849609,5.097939491271973
4.290863990783691,3.9223127365112305,3.599979877471924,3.3175299167633057,3.0166537761688232,2.7341551780700684,2.609091281890869,2.4133729934692383,2.128110408782959,2.0219204425811768,2.0531580448150635,2.378573179244995,2.70603346824646,2.912165403366089,3.2284491062164307,3.7183449268341064,4.335908889770508,4.618119716644287,3.8409833908081055,2.9640517234802246,3.158371925354004,4.037583827972412,4.106513023376465,3.6984784603118896,3.312191963195801,3.2158994674682617,2.9229249954223633,3.0416390895843506,4.692435264587402,5.8625264167785645,4.778491020202637,3.0605998039245605,2.789268970489502,2.4657223224639893,2.7059004306793213,4.018190383911133,4.467435836791992,4.0408935546875,4.0170087814331055,4.206960201263428,4.240668296813965,4.6708879470825195,4.374810218811035
4.337411880493164,3.9734721183776855,3.569610834121704,3.339320659637451,3.13199520111084,2.7742068767547607,2.4066238403320312,2.1108100414276123,2.000317096710205,2.178762912750244,2.276665210723877,2.398327112197876,2.7661824226379395,3.2899744510650635,3.6807310581207275,4.134378910064697,4.476678848266602,3.7750110626220703,2.641059637069702,2.46559739112854,3.2722418308258057,4.456266403198242,4.695279598236084,3.9921250343322754,3.1877450942993164,2.9158289432525635,2.5114288330078125,2.5852091312408447,3.621129035949707,5.588865280151367,5.525506019592285,3.261356830596924,2.2644236087799072,2.57305908203125,2.984226703643799,3.922400712966919,4.752065658569336,4.622596740722656,4.03182315826416,3.5661768913269043,3.8589539527893066,4.629992485046387,4.767862319946289
4.248966217041016,3.855534791946411,3.5240800380706787,3.2002201080322266,2.8354668617248535,2.6018495559692383,2.459557294845581,2.096216917037964,1.9570499658584595,2.281405210494995,2.3032138347625732,2.150326728820801,2.5707733631134033,3.5888025760650635,4.470474720001221,4.483919143676758,3.295621395111084,2.453429937362671,2.719970941543579,3.5166420936584473,3.775700092315674,3.779360771179199,4.016185760498047,3.850829839706421,3.29215669631958,2.9551944732666016,2.5036375522613525,2.256415367126465,2.811555862426758,4.541188716888428,6.374142646789551,5.251359939575195,2.772958993911743,2.4285740852355957,3.1760261058807373,3.809242010116577,4.050282955169678,3.888847827911377,4.078246116638184,4.276512145996094,4.057326316833496,4.673801422119141,5.6615071296691895
4.136868953704834,3.7276580333709717,3.3959505558013916,3.0296247005462646,2.756908416748047,2.4899370670318604,2.103579044342041,1.838783621788025,1.9830716848373413,2.206946849822998,2.1237010955810547,1.959320306777954,2.4337823390960693,3.7487192153930664,4.487730503082275,3.5328235626220703,2.71282958984375,2.8448660373687744,3.328677177429199,3.7930402755737305,3.700063467025757,3.27738356590271,3.39555025100708,3.5140817165374756,3.5371055603027344,3.5321297645568848,3.2306573390960693,2.918950080871582,2.9134321212768555,3.519493579864502,5.029323101043701,5.416073799133301,3.741773843765259,2.6219558715820312,3.215468168258667,3.9070353507995605,4.097698211669922,4.049272060394287,4.066227436065674,4.2908430099487305,4.123410701751709,4.441813945770264,5.22630500793457
