demo/1400-wind-surface-level-gfs-1.0.json
{"header": {"productDefinitionTemplate": 0, "surface1Type": 103, "productStatus": 0, "disciplineName": "Meteorological products", "subDivisions": 0, "winds": "true", "parameterNumberName": "U-component_of_wind", "discipline": 0, "surface2Value": 0, "significanceOfRTName": "Start of forecast", "surface2TypeName": "Missing", "surface2Type": 255, "productTypeName": "Forecast products", "dx": 0.024617210030555725, "dy": 0.01798853650689125, "numberPoints": 65160, "productStatusName": "Operational products", "gribEdition": 2, "parameterUnit": "m.s-1", "forecastTime": 0, "refTime": "2020-09-30T12:00:00.000Z", "productType": 1, "genProcessTypeName": "Forecast", "scanMode": 0, "genProcessType": 2, "gribLength": 11338.0, "significanceOfRT": 1, "productDefinitionTemplateName": "Analysis/forecast at horizontal level/layer at a point in time", "centerName": "WRF OUTPUT", "la1": 43.66691207885742, "la2": 42.426788330078125, "lo2": 13.70867919921875, "gridUnits": "degrees", "surface1Value": 10, "shapeName": "Earth spherical with radius of 6,371,229.0 m", "surface1TypeName": "Specified height level above ground", "nx": 70.0, "ny": 70.0, "lo1": 12.008544921875, "basicAngle": 0, "gridDefinitionTemplate": 0, "shape": 6, "parameterNumber": 2, "subcenter": 0, "parameterCategoryName": "Momentum", "parameterCategory": 2, "center": 0, "gridDefinitionTemplateName": "Latitude_Longitude", "resolution": 48}, "data":
[rows 19 to 37 of 70, columns 0 to 42 of 70]
1.900496482849121,1.6811586618423462,1.3584425449371338,1.2441643476486206,1.1724553108215332,1.1242393255233765,0.9112432599067688,0.5255929827690125,0.882401704788208,1.2941001653671265,1.0770143270492554,0.9060205221176147,0.43960511684417725,0.2815154790878296,0.9440052509307861,1.1227809190750122,1.4251989126205444,1.9397938251495361,2.2191762924194336,2.448176860809326,2.5818214416503906,2.5197014808654785,1.934092402458191,1.1937631368637085,1.1683682203292847,1.712843656539917,2.0455522537231445,2.1170766353607178,1.9971263408660889,1.8513543605804443,2.2791695594787598,2.952730178833008,2.753183364868164,2.427597999572754,2.5032877922058105,2.3849306106567383,2.2457098960876465,2.29305100440979,0.7911249995231628,-0.8654505014419556,-0.7234153747558594,0.8018937706947327,3.1061904430389404
1.8671711683273315,1.6884524822235107,1.3164777755737305,1.0448527336120605,1.0224061012268066,1.146041750907898,0.8876640796661377,0.8027324080467224,1.2715935707092285,1.1353386640548706,0.8197668194770813,1.1965882778167725,1.3005937337875366,1.0037578344345093,0.7920453548431396,0.845619261264801,1.5784821510314941,2.029998779296875,2.044161081314087,2.164520263671875,2.436305284500122,2.3645687103271484,1.7875607013702393,1.127618670463562,0.7180619239807129,0.8680183291435242,1.7182278633117676,2.361171245574951,2.2369093894958496,1.9827141761779785,2.333845376968384,2.848755121231079,2.787014961242676,2.557070732116699,2.488395929336548,2.6584970951080322,2.691166639328003,2.2111799716949463,0.4748607575893402,-0.7167546153068542,-0.7037298679351807,0.5313654541969299,2.4498488903045654
1.7459771633148193,1.6188637018203735,1.252405047416687,0.8090984225273132,0.7823255062103271,0.9299288392066956,0.7954995632171631,1.0763239860534668,1.301099181175232,1.3373087644577026,1.477318525314331,1.5899714231491089,1.4923166036605835,1.0198800563812256,0.21034231781959534,0.21949855983257294,1.234904408454895,1.6540074348449707,1.7757905721664429,2.086514711380005,2.0468225479125977,1.7868924140930176,1.7676090002059937,1.5678019523620605,1.0823653936386108,0.9630352258682251,1.5644898414611816,2.1924877166748047,2.117037296295166,2.1216087341308594,2.4428436756134033,3.026998996734619,3.003096103668213,2.624530076980591,2.714510440826416,3.1920979022979736,2.9367737770080566,1.793857455253601,-0.035062093287706375,-0.6159151196479797,-0.5635941028594971,0.21770545840263367,1.4940598011016846
1.6073839664459229,1.537160038948059,1.1344499588012695,0.5612861514091492,0.4560709595680237,0.7214693427085876,1.0648666620254517,1.410410761833191,1.4110609292984009,1.9539868831634521,1.9321027994155884,1.1941204071044922,1.149540662765503,1.2253791093826294,0.5631063580513,-0.26038235425949097,0.28377896547317505,1.457900881767273,1.9782755374908447,1.892291784286499,1.9776346683502197,1.831075668334961,1.7710931301116943,1.656424641609192,1.28898286819458,1.3191217184066772,1.4953449964523315,1.7947180271148682,2.275005340576172,2.3980891704559326,2.518616199493408,3.018712043762207,3.4649147987365723,3.21329402923584,2.605107307434082,2.644333839416504,2.341120958328247,0.5806736946105957,-0.7737069129943848,-0.23321323096752167,0.0369102880358696,0.3183615803718567,1.0181522369384766
1.4073216915130615,1.324730396270752,0.9260299205780029,0.25584420561790466,0.09918320924043655,0.6931920051574707,1.3104952573776245,1.410447597503662,1.4569531679153442,2.2766709327697754,1.7762737274169922,1.2056262493133545,1.1088241338729858,1.4133156538009644,1.4875918626785278,-0.3484135568141937,-0.49587035179138184,0.978793203830719,1.5378170013427734,1.634141445159912,1.7862110137939453,1.813397765159607,1.9189739227294922,2.0341362953186035,1.871137261390686,1.6794917583465576,1.621183156967163,2.01112699508667,2.6287779808044434,2.528961420059204,2.438138484954834,2.245249032974243,2.5401294231414795,2.970395088195801,2.036351203918457,1.6533966064453125,1.4955331087112427,-0.3848068118095398,-0.9005153179168701,0.11555234342813492,0.45011213421821594,0.42042240500450134,0.553870439529419
1.08621346950531,0.9835821390151978,0.6665642857551575,-0.16566942632198334,-0.14271630346775055,0.8738553524017334,1.3104640245437622,1.3668205738067627,1.5737868547439575,2.199512243270874,1.6181846857070923,1.0177770853042603,0.9645774364471436,1.4299341440200806,1.3064219951629639,-0.6482623219490051,-0.5907430052757263,0.8011632561683655,1.413941502571106,1.6671916246414185,1.7294700145721436,1.8004802465438843,1.9745439291000366,1.8930585384368896,1.8398311138153076,2.053147077560425,2.1376113891601562,2.295628786087036,2.540102005004883,2.4420666694641113,2.549034833908081,2.0275399684906006,2.1083319187164307,3.531863212585449,2.44996976852417,1.275790810585022,1.778935432434082,0.4811898469924927,-0.40273162722587585,-0.006562602706253529,0.19017374515533447,0.11140606552362442,0.34873753786087036
0.7352075576782227,0.6013054847717285,0.29145440459251404,-0.8741925358772278,-0.45642489194869995,0.8231745958328247,0.9033805727958679,1.1588134765625,1.6675584316253662,2.3370203971862793,2.032912254333496,1.1854764223098755,0.7451632618904114,1.6599915027618408,1.4946379661560059,-0.7435197830200195,-1.0057590007781982,0.1824987828731537,0.8926459550857544,1.2113852500915527,1.357655644416809,1.6723517179489136,2.0527663230895996,1.925577998161316,1.7141289710998535,2.192237377166748,2.334846019744873,2.393613338470459,2.778710126876831,2.9793426990509033,2.9238953590393066,2.0274903774261475,1.9653269052505493,3.2447471618652344,2.240692138671875,1.0990484952926636,1.7782886028289795,1.2009142637252808,1.362582802772522,0.7369093894958496,-0.9173674583435059,-0.32194045186042786,-0.14763030409812927
0.5024043917655945,0.3534000515937805,-0.194162055850029,-1.8353116512298584,-1.2858999967575073,0.0037807931657880545,0.20867690443992615,1.4130215644836426,2.245595693588257,2.17460298538208,1.9346330165863037,1.1236411333084106,0.5797284841537476,1.7299076318740845,1.8708384037017822,-0.2724171280860901,-1.4885371923446655,-0.7672448754310608,-0.01598082110285759,0.6818423271179199,1.3396432399749756,1.7585409879684448,2.0597169399261475,2.0477116107940674,1.8475154638290405,2.1988556385040283,2.475449562072754,2.649168014526367,2.7451422214508057,2.7364792823791504,2.6974644660949707,2.03043532371521,1.9075405597686768,3.234630584716797,2.9163050651550293,1.9287505149841309,2.0005109310150146,1.2156654596328735,2.1593778133392334,2.2650437355041504,-1.0347599983215332,-1.4730560779571533,-0.39412495493888855
0.32161685824394226,0.1399519145488739,-0.4832702875137329,-2.092271089553833,-1.9733824729919434,-0.9430903792381287,-0.3162045478820801,1.3551433086395264,2.466967821121216,2.32411527633667,1.9042624235153198,1.1755510568618774,1.1547833681106567,1.6867187023162842,2.2781054973602295,1.5704624652862549,-0.7190732955932617,-1.4430795907974243,-0.6221776604652405,0.3150380849838257,1.037862777709961,1.5692468881607056,2.064425468444824,1.9825685024261475,1.8801357746124268,2.2130959033966064,2.6294987201690674,2.7597639560699463,2.778891086578369,2.8475708961486816,2.6822221279144287,2.0084004402160645,1.9163334369659424,2.582252025604248,2.7484490871429443,2.2785239219665527,2.209320545196533,1.9057693481445312,1.5346589088439941,2.440807580947876,0.5450383424758911,-1.4471473693847656,-0.6478787064552307
0.12548786401748657,-0.02942570485174656,-0.6173437237739563,-2.1057708263397217,-1.8692960739135742,-0.9191159009933472,-0.3978310823440552,1.3507895469665527,2.2359752655029297,2.0326895713806152,1.773576259613037,1.3600068092346191,1.386284589767456,1.8860598802566528,2.0295143127441406,2.053119659423828,0.9506120085716248,-0.6851463913917542,-0.7441726922988892,-0.08307067304849625,0.7465518116950989,1.4597536325454712,1.9058942794799805,2.002890110015869,2.133094549179077,2.3812785148620605,2.7736546993255615,2.938521385192871,2.6761722564697266,2.566150426864624,2.511192560195923,1.8593025207519531,1.952017903327942,2.732844352722168,2.9186384677886963,2.5602376461029053,2.7158701419830322,2.626387596130371,1.6567598581314087,2.158318042755127,1.2730375528335571,-1.2044310569763184,-1.10002863407135
0.10748658329248428,-0.014015121385455132,-0.7696912288665771,-2.240264892578125,-1.9713298082351685,-0.8943989276885986,-0.3455137014389038,1.2539799213409424,2.0867888927459717,1.7582358121871948,1.130262851715088,1.0863054990768433,1.8644741773605347,2.039016008377075,1.7826918363571167,1.6745752096176147,0.8531883955001831,-0.10668565332889557,-0.04210894554853439,0.19040292501449585,0.6680827736854553,1.169209599494934,1.452630877494812,1.9931917190551758,2.3842928409576416,2.3786203861236572,2.522408962249756,2.686260223388672,2.777277946472168,2.714909791946411,2.1586215496063232,1.4765924215316772,1.8207200765609741,2.914823532104492,2.699101686477661,2.035531520843506,2.6260428428649902,3.2215147018432617,2.0313608646392822,1.9227674007415771,1.1416847705841064,-1.4122326374053955,-1.0761603116989136
0.10555026680231094,0.10244874656200409,-0.874018132686615,-2.390144109725952,-2.134016752243042,-0.9708934426307678,-0.350893497467041,1.1726295948028564,2.0404741764068604,1.292802333831787,0.36347365379333496,0.9524878263473511,1.9188287258148193,1.7522835731506348,1.113439917564392,1.032123327255249,0.6458393931388855,-0.32626473903656006,0.08141506463289261,0.703371524810791,0.7386063933372498,0.9243354797363281,1.3437618017196655,2.191074848175049,2.3096940517425537,2.258091449737549,2.2566421031951904,1.9063692092895508,2.283101797103882,2.3083057403564453,1.0912772417068481,0.310340017080307,1.271425485610962,2.799440383911133,2.8805317878723145,2.1890766620635986,2.4677977561950684,2.9229676723480225,2.420867919921875,2.5083863735198975,0.9488579034805298,-1.621515154838562,-1.0157561302185059
0.24314814805984497,0.32490891218185425,-0.8108817338943481,-2.3652267456054688,-2.11922025680542,-0.9279710650444031,-0.47197404503822327,0.9514129757881165,1.9580060243606567,0.7632759213447571,-0.21881753206253052,0.5250486135482788,1.3022316694259644,1.4385255575180054,1.2642760276794434,1.1075057983398438,1.0946826934814453,0.2951086759567261,0.2912385165691376,0.862029492855072,0.8482010960578918,1.102351188659668,1.4303945302963257,1.9807062149047852,2.0073018074035645,1.8819656372070312,1.835127830505371,1.5466747283935547,2.171196937561035,2.271507740020752,0.35929110646247864,-0.16592521965503693,1.5354390144348145,2.5442287921905518,2.4291059970855713,2.5300137996673584,2.8353991508483887,2.026171922683716,1.415029525756836,2.3545877933502197,0.4331793785095215,-1.6990313529968262,-0.4107512831687927
0.463407963514328,0.6628520488739014,-0.455582857131958,-1.961417317390442,-2.025442361831665,-0.9434176683425903,-0.3211062550544739,0.6517478227615356,0.9165788292884827,0.4088936746120453,0.20034873485565186,0.18430186808109283,0.5724180340766907,1.4397625923156738,1.4618618488311768,1.10105299949646,1.0503313541412354,0.5871756672859192,0.6869106888771057,1.2140649557113647,1.2760640382766724,1.4807288646697998,1.4650541543960571,1.5538854598999023,1.8823580741882324,2.1788108348846436,2.335127592086792,2.0200021266937256,2.454760789871216,2.176882028579712,0.6881629824638367,0.8791226148605347,2.152834415435791,2.5847668647766113,2.5709574222564697,2.9483494758605957,3.583430767059326,2.380707025527954,0.6489228010177612,1.617848515510559,0.6205832362174988,-1.2195926904678345,-0.3436622619628906
0.4506154954433441,0.6645417809486389,-0.24908608198165894,-1.2624775171279907,-1.2337062358856201,-0.43665066361427307,0.13820664584636688,0.12258672714233398,-0.34251779317855835,0.08134148269891739,0.31390610337257385,0.18793469667434692,0.8456652164459229,1.135896921157837,0.8601416945457458,1.0724784135818481,0.8488330245018005,0.6517559289932251,1.1877731084823608,1.631925344467163,1.4409160614013672,1.2199512720108032,1.0209612846374512,1.1790682077407837,1.6038962602615356,1.6429072618484497,2.5129480361938477,2.815502643585205,2.052257776260376,0.9516069293022156,0.1822914034128189,1.323337435722351,2.603813648223877,2.3985137939453125,2.180002450942993,2.730186939239502,3.2675557136535645,2.990586519241333,1.601966381072998,1.3429960012435913,0.9571523666381836,-0.7414209246635437,-1.4498658180236816
0.42857450246810913,0.591850221157074,-0.1196955144405365,-0.9109088182449341,-0.7682136297225952,-0.2615446150302887,0.2952894866466522,-0.10562819242477417,-0.6952782869338989,-0.14234474301338196,-0.1958734095096588,0.2508421540260315,0.7340987920761108,0.7098811864852905,0.8554868698120117,0.7669932842254639,0.6533694267272949,0.9318530559539795,1.2912578582763672,1.6173286437988281,1.1820605993270874,0.8615391254425049,1.1241899728775024,1.329167127609253,1.4565825462341309,1.2089582681655884,2.3486762046813965,2.8297648429870605,0.6324516534805298,-0.6791883111000061,0.009169923141598701,1.1424301862716675,2.0185399055480957,2.443253517150879,2.3522655963897705,2.306953191757202,2.5571839809417725,2.522247552871704,2.9667069911956787,2.705122709274292,0.5133470892906189,-0.7160395383834839,-1.318088173866272
0.6267398595809937,0.6471745371818542,0.05233194679021835,-0.8416769504547119,-0.7739941477775574,-0.3989435136318207,-0.552038311958313,-0.48845601081848145,-0.17921572923660278,-0.16943447291851044,-0.36104172468185425,0.033118415623903275,0.36968994140625,0.5747467875480652,0.40351754426956177,0.3955281376838684,0.7621325850486755,1.1515241861343384,1.2876815795898438,1.2310166358947754,1.1396209001541138,1.2255151271820068,1.3036819696426392,1.3092281818389893,1.4029382467269897,0.892964243888855,1.2871522903442383,2.6819803714752197,2.117988109588623,0.7382745742797852,0.5808009505271912,0.9874482154846191,1.9510036706924438,2.6783244609832764,2.7110543251037598,2.4559874534606934,2.4001376628875732,2.2379965782165527,2.839893341064453,3.0487146377563477,0.5748115181922913,-0.8973303437232971,-1.0369516611099243
0.7255580425262451,0.668648898601532,0.13511544466018677,-0.7024935483932495,-0.8369368314743042,-0.673926830291748,-0.8349548578262329,-0.7412940859794617,-0.44930514693260193,-0.3180021345615387,-0.4666946530342102,-0.2742788791656494,-0.06925827264785767,0.31475013494491577,0.34320324659347534,0.27887916564941406,0.6776878833770752,1.2719086408615112,1.3624815940856934,1.0409560203552246,0.9512765407562256,1.0983703136444092,1.2183243036270142,1.0965303182601929,1.2983392477035522,0.7719582915306091,0.8982504606246948,2.3535866737365723,2.4543981552124023,1.7162269353866577,1.4931902885437012,1.9019660949707031,2.4292142391204834,2.843475580215454,3.016782760620117,2.9017791748046875,2.6989192962646484,2.5577354431152344,2.589750289916992,2.811643600463867,0.7636159062385559,-0.9047845005989075,-0.49752452969551086
0.7128762006759644,0.6002023220062256,0.18913047015666962,-0.3844168782234192,-0.7833755612373352,-0.9860641360282898,-1.1494280099868774,-0.8115265965461731,-0.43002739548683167,-0.4770180284976959,-0.6976024508476257,-0.5250421762466431,-0.05418213829398155,0.33505797386169434,-0.04546484723687172,0.059868328273296356,0.7408111095428467,1.366392731666565,1.649698257446289,1.0554394721984863,0.6329058408737183,0.49763238430023193,0.7084095478057861,0.8371018767356873,1.093461513519287,0.9350708723068237,0.7396897673606873,1.3621084690093994,2.189375638961792,2.0225048065185547,1.7389330863952637,2.3572022914886475,2.5090560913085938,2.799154043197632,3.0710248947143555,3.0000386238098145,2.806699752807617,2.7288966178894043,2.86299991607666,2.894287109375,0.8695211410522461,-0.362816721200943,0.13200269639492035
