demo/1400-wind-surface-level-gfs-1.0.json
{"header": {"discipline": 0, "disciplineName": "Meteorological products", "gribEdition": 2, "gribLength": 11338.0, "center": 0, "centerName": "WRF OUTPUT", "subcenter": 0, "refTime": "2020-10-09T12:00:00.000Z", "significanceOfRT": 1, "significanceOfRTName": "Start of forecast", "productStatus": 0, "productStatusName": "Operational products", "productType": 1, "productTypeName": "Forecast products", "productDefinitionTemplate": 0, "productDefinitionTemplateName": "Analysis/forecast at horizontal level/layer at a point in time", "parameterCategory": 2, "parameterCategoryName": "Momentum", "parameterNumber": 2, "parameterNumberName": "U-component_of_wind", "parameterUnit": "m.s-1", "genProcessType": 2, "genProcessTypeName": "Forecast", "forecastTime": 0, "surface1Type": 103, "surface1TypeName": "Specified height level above ground", "surface1Value": 10, "surface2Type": 255, "surface2TypeName": "Missing", "surface2Value": 0, "gridDefinitionTemplate": 0, "gridDefinitionTemplateName": "Latitude_Longitude", "numberPoints": 65160, "shape": 6, "shapeName": "Earth spherical with radius of 6,371,229.0 m", "gridUnits": "degrees", "resolution": 48, "winds": "true", "scanMode": 0, "nx": 70.0, "ny": 70.0, "basicAngle": 0, "subDivisions": 0, "lo1": 12.008544921875, "la1": 43.66691207885742, "lo2": 13.70867919921875, "la2": 42.426788330078125, "dx": 0.024617210030555725, "dy": 0.01798853650689125}, "data":
[rows 0 to 18 of 70, columns 0 to 42 of 70]
1.8754228353500366,2.018315553665161,2.30112361907959,2.6422958374023438,2.9550328254699707,3.247276782989502,3.433537006378174,3.6070568561553955,3.7277231216430664,3.611351728439331,3.122706651687622,2.249385118484497,0.8373945951461792,-0.6045039892196655,-1.5679212808609009,-2.2663791179656982,-2.7325291633605957,-2.7093522548675537,-2.4389336109161377,-2.452004909515381,-2.5068984031677246,-2.4781463146209717,-2.3123161792755127,-2.138288974761963,-2.111392021179199,-2.111057758331299,-2.083487033843994,-1.9942524433135986,-1.9290785789489746,-1.9438176155090332,-1.9635937213897705,-1.9705300331115723,-1.9675776958465576,-1.9639058113098145,-1.95729660987854,-1.9026238918304443,-1.7879441976547241,-1.6138010025024414,-1.4472997188568115,-1.3781139850616455,-1.2981445789337158,-1.1685771942138672,-1.0678167343139648
1.7558088302612305,1.8281115293502808,2.0812909603118896,2.3683435916900635,2.734703779220581,3.0929059982299805,3.319117546081543,3.501800537109375,3.6225531101226807,3.613321304321289,3.3283658027648926,2.631727695465088,1.4324049949645996,0.1150163859128952,-0.9402762055397034,-1.74088716506958,-2.253021478652954,-2.4302196502685547,-2.3491714000701904,-2.3422799110412598,-2.3870866298675537,-2.3848114013671875,-2.271519660949707,-2.1361031532287598,-2.0996756553649902,-2.08408522605896,-2.0510525703430176,-1.9802749156951904,-1.9299440383911133,-1.9373270273208618,-1.9426782131195068,-1.9384845495224,-1.9218156337738037,-1.9082059860229492,-1.9094277620315552,-1.8716440200805664,-1.7803175449371338,-1.6529252529144287,-1.5186879634857178,-1.4340684413909912,-1.3364691734313965,-1.2004696130752563,-1.052363395690918
1.8166322708129883,1.8870768547058105,2.0355947017669678,2.262803792953491,2.5587875843048096,2.888037919998169,3.1993954181671143,3.489651679992676,3.629721164703369,3.6289639472961426,3.421025276184082,2.8704640865325928,1.8976056575775146,0.7416143417358398,-0.2811257541179657,-1.1057597398757935,-1.6617131233215332,-1.9937934875488281,-2.1898345947265625,-2.3214941024780273,-2.3622398376464844,-2.360776901245117,-2.2522764205932617,-2.091367721557617,-1.9739811420440674,-1.922329068183899,-1.9153988361358643,-1.904090166091919,-1.9067749977111816,-1.9196374416351318,-1.9398295879364014,-1.9435579776763916,-1.9277350902557373,-1.9140963554382324,-1.9121209383010864,-1.8792980909347534,-1.8027737140655518,-1.7054532766342163,-1.5952259302139282,-1.4783650636672974,-1.3507378101348877,-1.2171618938446045,-1.0542919635772705
1.9043519496917725,1.9836816787719727,2.1029136180877686,2.3017711639404297,2.536226511001587,2.7812228202819824,3.0174202919006348,3.252753734588623,3.3931007385253906,3.459383010864258,3.390744209289551,3.0353145599365234,2.3910160064697266,1.520813226699829,0.5426197648048401,-0.33321765065193176,-0.9024575352668762,-1.261148452758789,-1.5331873893737793,-1.7104943990707397,-1.7962455749511719,-1.8414890766143799,-1.7797954082489014,-1.6816179752349854,-1.6531920433044434,-1.7043333053588867,-1.747603178024292,-1.7580444812774658,-1.7953846454620361,-1.8258168697357178,-1.8516417741775513,-1.8651280403137207,-1.8673944473266602,-1.8651971817016602,-1.8704562187194824,-1.8638496398925781,-1.8329746723175049,-1.77769136428833,-1.6974722146987915,-1.6003566980361938,-1.4864919185638428,-1.3500783443450928,-1.1662853956222534
2.0330867767333984,2.136251211166382,2.2293529510498047,2.4442028999328613,2.747596263885498,2.917921304702759,2.9268746376037598,2.9035472869873047,2.9406065940856934,3.038008213043213,3.1246728897094727,3.1708967685699463,3.130335807800293,2.9337635040283203,2.3162522315979004,1.0745737552642822,0.10900095105171204,-0.21531164646148682,-0.5077083706855774,-0.7527504563331604,-0.9062550067901611,-1.1807126998901367,-1.2897443771362305,-1.2406871318817139,-1.3372787237167358,-1.6000629663467407,-1.6351529359817505,-1.5312395095825195,-1.574706792831421,-1.5522961616516113,-1.5479456186294556,-1.5506343841552734,-1.5707416534423828,-1.6132333278656006,-1.7038835287094116,-1.830812692642212,-1.9436981678009033,-1.9896154403686523,-1.9833781719207764,-1.948478102684021,-1.8827576637268066,-1.7607595920562744,-1.591033697128296
2.3034353256225586,2.486752510070801,2.543787717819214,2.6512763500213623,2.8477089405059814,2.8679862022399902,2.8505361080169678,2.9810800552368164,3.128469944000244,3.3011298179626465,3.386734962463379,3.358459234237671,3.3346598148345947,3.3451220989227295,3.338482141494751,2.9865517616271973,2.032945156097412,0.8020786643028259,-0.02707364410161972,-0.18355447053909302,-0.43148982524871826,-0.8235079050064087,-0.9763468503952026,-1.2277438640594482,-1.5712339878082275,-1.5661519765853882,-1.4150264263153076,-1.405609369277954,-1.404363989830017,-1.405902624130249,-1.4387332201004028,-1.4238749742507935,-1.4346308708190918,-1.5912361145019531,-1.775399923324585,-1.8468847274780273,-1.9099645614624023,-1.9894297122955322,-2.0085408687591553,-1.9914991855621338,-1.9523783922195435,-1.8847246170043945,-1.7605676651000977
2.5399179458618164,2.7166013717651367,2.6425466537475586,2.6754353046417236,2.7922234535217285,2.8084418773651123,2.715834617614746,2.7826576232910156,3.029109001159668,3.107194423675537,3.0279552936553955,2.9821548461914062,3.0173301696777344,3.1701295375823975,3.260138988494873,3.3336024284362793,3.3397951126098633,2.8770222663879395,1.9048418998718262,0.7807080149650574,0.6053732633590698,0.203363299369812,-0.7645909786224365,-1.006574034690857,-1.2239813804626465,-1.2735729217529297,-0.8866068720817566,-0.8077597618103027,-0.9301966428756714,-1.0774074792861938,-1.3014748096466064,-1.3626935482025146,-1.433138132095337,-1.5198744535446167,-1.6563098430633545,-1.8015944957733154,-1.9481301307678223,-2.0189971923828125,-2.0658469200134277,-2.0739405155181885,-2.0075597763061523,-1.9466469287872314,-1.8455369472503662
2.678312301635742,2.7834200859069824,2.672008752822876,2.6397430896759033,2.6504554748535156,2.6236517429351807,2.5368103981018066,2.475821018218994,2.6768412590026855,2.802638053894043,2.723201036453247,2.8068227767944336,2.9434046745300293,3.1102004051208496,3.1883225440979004,3.181471347808838,3.16828989982605,3.1131086349487305,3.143859386444092,2.7813594341278076,2.3660941123962402,1.76307213306427,0.286506325006485,-0.9259171485900879,-1.4345486164093018,-1.301747441291809,-1.116405725479126,-1.0187814235687256,-1.066189169883728,-1.2757704257965088,-1.362640142440796,-1.4986846446990967,-1.4908671379089355,-1.597670316696167,-1.7113606929779053,-1.797699213027954,-1.9262995719909668,-2.007662773132324,-2.0626540184020996,-2.0897488594055176,-2.0401084423065186,-1.9409644603729248,-1.849888563156128
2.86375093460083,2.864163875579834,2.5847387313842773,2.436408519744873,2.471480369567871,2.415105104446411,2.2799835205078125,1.9058647155761719,1.5704971551895142,1.8081369400024414,2.139659881591797,2.3931779861450195,2.5795211791992188,2.7369394302368164,2.882167339324951,2.9673514366149902,3.000269889831543,3.001570701599121,3.0761899948120117,3.213195323944092,3.0267717838287354,2.963895082473755,2.8439688682556152,1.7985998392105103,0.951422929763794,-0.595550537109375,-1.4015851020812988,-0.9461900591850281,-1.1591275930404663,-0.9405474662780762,-0.8691620826721191,-0.9558480978012085,-1.1642684936523438,-1.3887128829956055,-1.406588077545166,-1.5667515993118286,-1.7343158721923828,-1.9524328708648682,-2.1043713092803955,-2.0617105960845947,-1.9080802202224731,-1.8131287097930908,-1.801452398300171
3.0187411308288574,2.9011735916137695,2.4759984016418457,2.272482395172119,2.3238120079040527,1.8858054876327515,1.2022325992584229,0.868780255317688,0.9178701639175415,1.3238883018493652,1.8060188293457031,2.3057684898376465,2.608285427093506,2.7709133625030518,2.8485841751098633,2.905641555786133,3.0336408615112305,3.136958122253418,3.130855083465576,3.040915012359619,2.8207316398620605,2.72031307220459,2.39320969581604,1.609695553779602,2.3992435932159424,2.0198490619659424,-0.05383187532424927,-0.9405642747879028,-1.2138878107070923,-0.9639519453048706,-0.9920576810836792,-1.1848994493484497,-1.1832244396209717,-1.162967324256897,-1.362511396408081,-1.3664233684539795,-1.3542790412902832,-1.904114007949829,-2.162557601928711,-1.9720203876495361,-1.8453173637390137,-1.7818083763122559,-1.9562005996704102
3.0001940727233887,2.6553382873535156,2.090627670288086,1.946078896522522,1.5742342472076416,0.6500914692878723,0.4984745383262634,0.5323850512504578,0.7540092468261719,1.131283164024353,1.3651509284973145,1.9213449954986572,2.306708812713623,2.440443992614746,2.577300548553467,2.7778713703155518,2.9357876777648926,2.881437063217163,2.8328421115875244,2.7738800048828125,2.681034564971924,2.627603769302368,2.8048858642578125,1.9786956310272217,0.561250627040863,-0.07818537205457687,1.3024966716766357,1.9679524898529053,-0.442079097032547,-1.1245286464691162,-1.2581086158752441,-1.6442852020263672,-0.7875813841819763,-0.7951931357383728,-1.4599926471710205,-1.3932982683181763,-1.3627707958221436,-1.9400213956832886,-2.0851902961730957,-1.9825842380523682,-1.8761953115463257,-1.9216318130493164,-2.279583215713501
2.9845871925354004,2.4667537212371826,1.872972011566162,1.6330687999725342,0.6415074467658997,0.10441738367080688,0.20953580737113953,0.21147355437278748,0.3322380781173706,-0.27858057618141174,0.14606156945228577,1.300892949104309,1.933610200881958,2.0910768508911133,2.3122410774230957,2.694596290588379,2.8091301918029785,2.665097713470459,2.912590503692627,3.025448799133301,2.9121744632720947,2.6663193702697754,3.303969383239746,2.5509867668151855,-0.6248315572738647,-1.4887399673461914,0.16392940282821655,3.012887477874756,2.8859658241271973,-0.19054973125457764,-1.2228081226348877,-1.0984081029891968,-1.1416836977005005,-0.9395689368247986,-0.8880951404571533,-0.8303565979003906,-1.0782155990600586,-1.7428680658340454,-2.0042660236358643,-2.139148712158203,-2.059506893157959,-2.115236282348633,-2.2448065280914307
3.031373977661133,2.385890007019043,1.7071048021316528,1.2728536128997803,0.49275875091552734,0.2851105332374573,0.39388948678970337,0.6646245718002319,0.009920597076416016,-1.234858751296997,-0.33300691843032837,0.9806917309761047,1.7335083484649658,1.9761359691619873,2.1576309204101562,2.488654613494873,2.6496968269348145,2.4632673263549805,2.56276273727417,2.761451005935669,2.9291796684265137,2.8731155395507812,3.141146183013916,2.7602665424346924,-0.3560395836830139,-1.8853375911712646,-0.628505289554596,1.4679068326950073,3.537745714187622,1.5480177402496338,-0.9071714282035828,-1.2533130645751953,-1.905085802078247,-1.2412564754486084,-0.42807435989379883,-0.45484480261802673,0.18408703804016113,-0.10244166851043701,-1.4932305812835693,-1.8465416431427002,-1.8775484561920166,-2.001303195953369,-1.7580620050430298
3.025668144226074,2.3595213890075684,1.7334407567977905,1.2719345092773438,0.3560430705547333,-0.4406055808067322,-0.17349593341350555,0.5164308547973633,0.1379513144493103,-0.9956504106521606,-0.5126662850379944,0.9208476543426514,1.76790189743042,1.978646159172058,2.0951318740844727,2.172572612762451,2.2298009395599365,2.3506815433502197,2.5555410385131836,2.774717330932617,2.8604824542999268,3.031717300415039,3.0404229164123535,3.1706809997558594,2.1229803562164307,-0.15828552842140198,-0.7117692232131958,0.6689809560775757,2.8515372276306152,3.223452568054199,1.49014151096344,-0.7451850175857544,-2.113112211227417,-1.3147947788238525,-0.7302350401878357,-0.7733521461486816,0.06859889626502991,0.3909027874469757,-0.5649503469467163,-1.4671034812927246,-1.947938084602356,-1.7764849662780762,-1.2705553770065308
3.1163055896759033,2.498786449432373,1.8524301052093506,1.2779730558395386,0.7186996936798096,0.10841995477676392,-0.04440804570913315,-0.07431308180093765,-0.24062341451644897,-0.6344143748283386,-0.4819408357143402,0.7189822196960449,1.529876947402954,1.844525694847107,2.1601719856262207,2.117489814758301,2.1569252014160156,2.5040929317474365,2.6489288806915283,2.5649256706237793,2.5392582416534424,2.709367275238037,2.981529712677002,2.8253793716430664,2.6265010833740234,1.7225643396377563,0.5065771341323853,0.7114206552505493,1.8739628791809082,2.5822815895080566,1.6066197156906128,-0.2529745399951935,-1.4826321601867676,-1.179568886756897,-0.6555832624435425,-0.3073047995567322,-0.190985307097435,-0.5430692434310913,-0.4081963300704956,-1.1296941041946411,-1.7347793579101562,-1.399900197982788,-1.2754411697387695
3.2011656761169434,2.7285335063934326,2.269139528274536,1.8598871231079102,0.9711024761199951,-0.3700507879257202,-0.49884524941444397,-0.5944889187812805,-0.7691112756729126,-0.6923307776451111,-0.5367271900177002,0.47517111897468567,1.2373318672180176,1.7570066452026367,2.061641216278076,1.9057018756866455,1.9765561819076538,2.339232921600342,2.5349764823913574,2.4275314807891846,2.303041458129883,2.5327165126800537,3.0228917598724365,2.6385724544525146,2.214751720428467,2.0194714069366455,0.2517956495285034,-0.4761081039905548,1.4907883405685425,2.555490493774414,0.507988691329956,-0.9276990294456482,-1.1044116020202637,-1.2189613580703735,-0.5432559251785278,0.1246669590473175,-0.6950466632843018,-1.1050688028335571,0.12621675431728363,-0.3638240396976471,-0.9894639253616333,-0.8355096578598022,-1.3163071870803833
3.363797187805176,3.0402133464813232,2.5639004707336426,2.0095670223236084,1.5456748008728027,0.25065362453460693,-0.9183884859085083,-0.9855040311813354,-0.634379506111145,-0.4649249315261841,-0.40774205327033997,0.33917751908302307,1.06300687789917,1.6449863910675049,1.9536504745483398,1.9143226146697998,2.0503010749816895,2.327484130859375,2.2593650817871094,1.8908915519714355,2.046485424041748,2.6694979667663574,3.324249029159546,3.273564100265503,2.779757022857666,2.4825620651245117,0.8897002935409546,-0.7433290481567383,0.18646284937858582,2.6369340419769287,1.3893492221832275,-1.2628259658813477,-1.4147287607192993,-1.2484257221221924,-0.7278803586959839,-0.34192341566085815,-1.0091861486434937,-0.7056101560592651,0.776248574256897,0.1234082281589508,-0.13229650259017944,-0.14775681495666504,-1.3707220554351807
3.468646764755249,3.2447972297668457,2.793548345565796,2.2746009826660156,1.8265244960784912,0.5642043948173523,-0.8611559867858887,-1.1036696434020996,-0.7284801006317139,-0.46489742398262024,-0.1548054814338684,0.3369966447353363,0.8358945250511169,1.2891098260879517,1.5816693305969238,2.0649187564849854,2.322571277618408,1.9579048156738281,1.806997537612915,2.2478556632995605,2.687471866607666,2.903132915496826,3.1496949195861816,3.3367323875427246,3.1702661514282227,3.0329346656799316,2.225358724594116,-0.04571574926376343,-0.2814391255378723,1.9903713464736938,2.870945692062378,0.32252317667007446,-1.5257446765899658,-0.8219502568244934,-0.5410044193267822,-0.1583617925643921,-0.1624642312526703,0.10139089822769165,0.8723803162574768,0.7316832542419434,0.9138098955154419,1.5710337162017822,-0.030227601528167725
3.45473051071167,3.277681350708008,2.841780185699463,2.2680606842041016,2.185030460357666,1.481593370437622,-0.35776591300964355,-0.9734237194061279,-0.45883581042289734,-0.1701064556837082,-0.11566716432571411,-0.3169311285018921,-0.06839901208877563,0.5159121751785278,1.3223683834075928,2.1546027660369873,2.1346590518951416,1.9503986835479736,2.1293177604675293,2.477116584777832,2.6110551357269287,2.455474853515625,2.5114922523498535,2.854512929916382,3.0881452560424805,3.1322736740112305,2.9374165534973145,1.5827401876449585,0.4391937553882599,0.941457211971283,2.3654186725616455,2.5872907638549805,-0.37276339530944824,-1.333037257194519,-0.5243549942970276,-0.5840119123458862,-0.09382370114326477,0.18767790496349335,0.34531906247138977,0.33177387714385986,0.4708016812801361,1.727609395980835,1.9161094427108765
