demo/1400-wind-surface-level-gfs-1.0.json
{"header": {"discipline": 0, "disciplineName": "Meteorological products", "gribEdition": 2, "gribLength": 11338.0, "center": 0, "centerName": "WRF OUTPUT", "subcenter": 0, "refTime": "2020-10-06T12:00:00.000Z", "significanceOfRT": 1, "significanceOfRTName": "Start of forecast", "productStatus": 0, "productStatusName": "Operational products", "productType": 1, "productTypeName": "Forecast products", "productDefinitionTemplate": 0, "productDefinitionTemplateName": "Analysis/forecast at horizontal level/layer at a point in time", "parameterCategory": 2, "parameterCategoryName": "Momentum", "parameterNumber": 3, "parameterNumberName": "V-component_of_wind", "parameterUnit": "m.s-1", "genProcessType": 2, "genProcessTypeName": "Forecast", "forecastTime": 0, "surface1Type": 103, "surface1TypeName": "Specified height level above ground", "surface1Value": 10, "surface2Type": 255, "surface2TypeName": "Missing", "surface2Value": 0, "gridDefinitionTemplate": 0, "gridDefinitionTemplateName": "Latitude_Longitude", "numberPoints": 65160, "shape": 6, "shapeName": "Earth spherical with radius of 6,371,229.0 m", "gridUnits": "degrees", "resolution": 48, "winds": "true", "scanMode": 0, "nx": 70.0, "ny": 70.0, "basicAngle": 0, "subDivisions": 0, "lo1": 12.008544921875, "la1": 43.66691207885742, "lo2": 13.70867919921875, "la2": 42.426788330078125, "dx": 0.024617210030555725, "dy": 0.01798853650689125}, "data":
[rows 38 to 56 of 70, columns 0 to 43 of 70]
2.984304189682007,2.878380537033081,2.598781108856201,2.522153377532959,2.3837203979492188,2.1946346759796143,2.177619695663452,2.16801381111145,2.3230488300323486,1.9536678791046143,2.2086288928985596,2.4339640140533447,2.652235269546509,2.5145926475524902,2.7439427375793457,3.6809229850769043,3.743513345718384,3.5623395442962646,3.1745996475219727,3.0540049076080322,2.996763229370117,3.0408289432525635,3.366987705230713,3.5568134784698486,3.353179454803467,3.036468505859375,2.5095715522766113,2.104680299758911,2.509702205657959,3.0950005054473877,3.502795934677124,3.092665910720825,2.632624626159668,2.514569044113159,2.144282341003418,2.1109516620635986,2.590501546859741,3.095156669616699,3.7248263359069824,4.350700378417969,4.292473316192627,3.7166268825531006,2.9708008766174316,2.9715166091918945
2.947249174118042,2.72908616065979,2.508788585662842,2.395697832107544,2.280808687210083,2.103898525238037,2.442934989929199,2.406486988067627,2.3729324340820312,2.1813576221466064,2.4843883514404297,2.2605478763580322,2.577800989151001,2.5574748516082764,2.8513343334198,3.7221388816833496,3.736924171447754,3.598867177963257,3.7331833839416504,3.499128580093384,3.5780317783355713,3.093477249145508,3.261867046356201,3.571343421936035,3.4365856647491455,3.0587732791900635,2.5479228496551514,2.5256903171539307,3.088749647140503,3.4344828128814697,3.658564329147339,3.195746898651123,2.974201202392578,2.505918264389038,1.454322099685669,2.239797592163086,3.3124852180480957,3.4083127975463867,3.8827314376831055,4.430269241333008,4.566641807556152,4.471912860870361,3.8972959518432617,3.422255516052246
2.8996520042419434,2.641383647918701,2.522587776184082,2.4195916652679443,2.493664503097534,2.6129801273345947,2.777571678161621,2.615640640258789,2.467156410217285,2.315718173980713,2.2505505084991455,2.1797103881835938,2.618741035461426,2.609285354614258,3.010742664337158,3.7150039672851562,3.6894373893737793,3.586928129196167,3.4446868896484375,3.604579448699951,3.790383815765381,3.2745141983032227,3.3664681911468506,3.593083143234253,3.3689424991607666,2.9069700241088867,2.4256138801574707,2.949179172515869,3.7584986686706543,3.770695686340332,3.9566097259521484,3.432325839996338,3.320814609527588,2.651730537414551,1.7743514776229858,2.9179720878601074,3.4190924167633057,3.245687246322632,3.926567792892456,4.353664875030518,4.195896625518799,4.539246559143066,4.581418037414551,3.753933906555176
2.887690782546997,2.6460518836975098,2.501314640045166,2.589268684387207,2.925011396408081,3.0549511909484863,2.6000564098358154,2.752941608428955,2.850008964538574,2.1698110103607178,1.9841573238372803,2.383742570877075,2.5304017066955566,2.5479655265808105,2.9859516620635986,3.6516692638397217,3.620175361633301,3.4964022636413574,3.0134053230285645,3.18159556388855,3.21186900138855,3.510700225830078,4.03604793548584,3.7909109592437744,3.286107063293457,2.6014137268066406,2.3780770301818848,3.41313099861145,3.9718687534332275,3.8023183345794678,3.8215723037719727,3.3525350093841553,2.881176471710205,2.291813373565674,2.5682311058044434,3.3282485008239746,2.916105031967163,3.016298770904541,4.103076457977295,4.0035014152526855,3.214334011077881,3.554936170578003,3.5952308177948,3.0554933547973633
2.794978141784668,2.695202589035034,2.6201298236846924,2.6317367553710938,3.2258388996124268,3.1173274517059326,2.942308187484741,2.796903610229492,3.1218411922454834,2.194467544555664,2.231550931930542,2.3959152698516846,2.4528961181640625,2.451202392578125,2.850332021713257,3.574883222579956,3.6589176654815674,3.3289291858673096,2.976316213607788,3.335576295852661,3.426424980163574,3.9865736961364746,4.379536151885986,3.83451509475708,3.3738396167755127,2.509826183319092,2.8409721851348877,3.758542060852051,3.9391744136810303,3.794060707092285,3.5861709117889404,3.0655393600463867,2.497046947479248,2.254848003387451,3.01448917388916,3.4444968700408936,2.673595666885376,3.2194368839263916,4.1371169090271,3.7506611347198486,2.9058406352996826,2.8754661083221436,2.724076271057129,2.3373074531555176
2.7322299480438232,2.7486274242401123,2.703890085220337,2.578848361968994,3.206092357635498,3.1099023818969727,3.5708515644073486,2.6657474040985107,2.809159755706787,2.1415085792541504,2.5906665325164795,2.5535151958465576,2.660076141357422,2.634650468826294,2.8052399158477783,3.469432830810547,3.6776444911956787,3.4973795413970947,3.5391273498535156,3.9699625968933105,4.06519889831543,4.302682876586914,4.3534979820251465,3.9499833583831787,3.389417886734009,2.6740365028381348,3.5520238876342773,4.0728325843811035,3.9965171813964844,3.911149740219116,3.608426094055176,3.216310977935791,2.4704341888427734,3.098548412322998,3.5754165649414062,3.312814474105835,2.6101956367492676,3.8138577938079834,4.065280914306641,3.460775375366211,2.7288711071014404,2.2221827507019043,1.8546009063720703,1.7501327991485596
2.694387435913086,2.769866466522217,2.7842137813568115,2.548678398132324,2.851609468460083,3.0055124759674072,3.28509259223938,2.5984575748443604,2.476055383682251,2.249457359313965,2.5285372734069824,2.8300716876983643,2.8841917514801025,2.7693676948547363,2.8600428104400635,3.2847976684570312,3.52374529838562,3.7934153079986572,4.039576053619385,4.350582122802734,4.2707839012146,4.5050859451293945,4.369061470031738,3.8118669986724854,3.3238956928253174,2.851363182067871,4.074061870574951,4.322048664093018,4.1533331871032715,3.949557065963745,3.6818673610687256,3.593695878982544,3.060910701751709,3.7351150512695312,3.895279884338379,2.9378762245178223,2.624845504760742,4.563988208770752,4.586136817932129,3.2269177436828613,2.3665997982025146,1.4124023914337158,0.5159403085708618,0.5593717098236084
2.6903069019317627,2.718052864074707,2.7826685905456543,2.6565873622894287,2.788910388946533,2.799021005630493,2.872286081314087,2.620281219482422,2.553225040435791,2.3492140769958496,2.473290205001831,2.9600212574005127,2.9647793769836426,2.7001852989196777,2.9024970531463623,3.1537179946899414,3.380286455154419,3.780223846435547,4.061963081359863,4.381070137023926,4.346832275390625,4.236996650695801,3.895989418029785,3.622988224029541,3.250847578048706,3.0364737510681152,4.130561828613281,4.307694435119629,4.242955684661865,3.8708341121673584,3.63435435295105,3.6348164081573486,3.3430652618408203,3.454009532928467,3.413379192352295,2.9357874393463135,3.6514337062835693,5.150924205780029,4.697169780731201,3.0731759071350098,1.9284870624542236,0.8471543192863464,0.4206700026988983,0.8848742842674255
2.6463425159454346,2.6461634635925293,2.6984453201293945,2.733858823776245,2.7495479583740234,2.6466877460479736,2.784919500350952,2.692122220993042,2.693464994430542,2.5024383068084717,2.647580146789551,3.169020414352417,2.899569511413574,2.506031036376953,2.7496557235717773,3.0050241947174072,3.3463287353515625,3.7389049530029297,4.0669379234313965,4.493342876434326,4.447659969329834,4.35785436630249,3.7653374671936035,3.396702766418457,3.0562379360198975,3.0968525409698486,3.8786375522613525,4.284586429595947,4.241067409515381,3.83608341217041,3.5499422550201416,3.3438398838043213,3.033364772796631,2.982206344604492,2.6192550659179688,3.8743443489074707,4.728509902954102,5.025526523590088,3.7292661666870117,2.443506956100464,1.5624102354049683,1.5736851692199707,2.2173101902008057,2.9915332794189453
2.579920530319214,2.580768585205078,2.6383168697357178,2.617316722869873,2.5599756240844727,2.5277271270751953,2.968820571899414,2.7327301502227783,2.75846791267395,2.6581029891967773,2.7728075981140137,3.015430450439453,2.6148812770843506,2.4602622985839844,2.8224897384643555,2.832531452178955,3.276916742324829,3.798900842666626,4.112722396850586,4.316811561584473,4.4198431968688965,5.026739120483398,4.048063278198242,3.6875593662261963,3.2184507846832275,3.164943218231201,3.969242811203003,4.539678573608398,4.2271728515625,3.830610513687134,3.6001193523406982,3.1312215328216553,2.53436279296875,2.2333452701568604,2.653392791748047,5.0613203048706055,4.894916534423828,3.9777064323425293,2.339421033859253,1.5718367099761963,2.137866258621216,3.528440475463867,3.8907909393310547,3.9442806243896484
2.575057029724121,2.506049633026123,2.564570188522339,2.441171169281006,2.5724306106567383,2.7165043354034424,3.126119613647461,3.128051519393921,3.0579657554626465,2.8072633743286133,2.9041295051574707,2.655648946762085,2.3836259841918945,2.5369760990142822,3.0812578201293945,2.8280715942382812,3.223494529724121,3.7823822498321533,4.079858779907227,4.268351078033447,4.493824005126953,5.043505668640137,4.172499656677246,4.226353168487549,3.4353220462799072,3.1647372245788574,4.072664737701416,4.73866605758667,4.235604763031006,3.8520495891571045,3.902160882949829,3.077328681945801,2.331120729446411,2.0886693000793457,3.2816083431243896,5.072973251342773,4.434148788452148,2.8726344108581543,1.5938042402267456,1.2921257019042969,2.3396871089935303,3.974215507507324,4.0583391189575195,3.5365030765533447
2.6244895458221436,2.517866849899292,2.4964494705200195,2.4204182624816895,2.6551413536071777,2.7148241996765137,3.112820625305176,3.226871967315674,3.2753171920776367,3.1521718502044678,3.1247565746307373,2.712675094604492,2.333794593811035,2.6814913749694824,2.789705991744995,2.635725259780884,3.293553590774536,3.89391827583313,4.018204212188721,4.185821056365967,4.400601387023926,4.550973415374756,4.2547407150268555,3.913635492324829,3.2257161140441895,3.088710069656372,4.265801906585693,4.895226001739502,4.253612041473389,4.013117790222168,4.319766521453857,3.3765361309051514,2.6898274421691895,3.164541006088257,4.669652938842773,4.643561840057373,3.6481659412384033,2.3536601066589355,1.9606773853302002,1.5362229347229004,2.2709503173828125,3.52956223487854,3.3284876346588135,2.3227477073669434
2.6047635078430176,2.519942283630371,2.3857662677764893,2.363053560256958,2.544379949569702,2.7216408252716064,3.0141963958740234,2.764863967895508,3.165161609649658,3.0484185218811035,2.9349558353424072,2.7477221488952637,2.427673816680908,2.5046579837799072,1.961449146270752,2.431047201156616,3.4696621894836426,3.9205241203308105,3.950754404067993,4.152791976928711,4.218554973602295,4.257544994354248,4.175539016723633,3.647831439971924,3.7366695404052734,3.623426675796509,4.64518404006958,5.040282726287842,4.205622673034668,4.125016689300537,4.4605326652526855,3.4290239810943604,2.800597906112671,4.032072067260742,4.997028350830078,4.111910343170166,3.1851747035980225,2.6640498638153076,2.707362413406372,2.5550355911254883,3.1096673011779785,3.5958480834960938,3.3000099658966064,2.562885284423828
2.694664478302002,2.549302101135254,2.320424795150757,2.3574559688568115,2.4643497467041016,2.584059000015259,2.7750320434570312,2.800266742706299,2.996288299560547,2.676433801651001,2.6182520389556885,2.512590169906616,2.166980743408203,1.6953513622283936,1.7383190393447876,2.9364867210388184,3.830108880996704,3.5713889598846436,3.8936424255371094,4.211722373962402,4.255519866943359,4.2100629806518555,4.078854084014893,3.7757725715637207,3.9896717071533203,4.211971282958984,4.932775974273682,4.880373001098633,3.754330635070801,3.915123701095581,4.1606621742248535,3.193821907043457,2.942389488220215,4.049044132232666,4.646899700164795,3.8940844535827637,3.1456801891326904,2.995805263519287,2.936676025390625,3.910175085067749,4.165820121765137,3.8492653369903564,3.868870973587036,3.49021577835083
2.7758982181549072,2.5237720012664795,2.3367252349853516,2.402374744415283,2.326606512069702,2.248253107070923,2.4907233715057373,3.0435948371887207,3.064643621444702,2.878960609436035,2.706033229827881,2.4370501041412354,1.9394476413726807,1.4381523132324219,2.361753225326538,3.520402193069458,4.008957862854004,3.55538010597229,3.8309357166290283,4.123791217803955,4.31674337387085,4.30292272567749,4.124434471130371,3.818232297897339,3.4481890201568604,3.971804141998291,4.6757049560546875,4.286601543426514,3.383333206176758,4.210295677185059,4.1742777824401855,3.4902665615081787,3.8074471950531006,4.5079665184021,4.451356887817383,4.251084327697754,4.2952470779418945,3.6495587825775146,3.233018398284912,4.100393772125244,4.351602554321289,3.4964990615844727,3.421708345413208,3.0288209915161133
2.8385438919067383,2.475870370864868,2.347191095352173,2.44876766204834,2.269172191619873,2.1706600189208984,2.4370315074920654,2.8972058296203613,2.823758363723755,3.0110690593719482,2.6894545555114746,2.769747734069824,2.3842403888702393,2.096184253692627,2.961801528930664,3.529365062713623,3.966519355773926,3.8397443294525146,3.92665696144104,4.081314563751221,4.29027795791626,4.267159461975098,4.255590438842773,3.6332061290740967,3.1889331340789795,3.615769386291504,4.1761603355407715,3.88218355178833,3.539419174194336,4.716586112976074,4.628073692321777,4.090359210968018,4.774190425872803,5.006237983703613,4.518784046173096,4.249708652496338,4.683699607849121,4.180665016174316,3.3217990398406982,3.919473171234131,4.0423808097839355,3.0053837299346924,2.579075574874878,2.24318265914917
2.8547098636627197,2.474172592163086,2.3501694202423096,2.3365347385406494,2.284914493560791,2.450679302215576,2.5926620960235596,2.705204725265503,2.5005154609680176,3.105754852294922,2.97448468208313,3.1505825519561768,3.0246572494506836,2.5465617179870605,3.325655937194824,3.6242918968200684,4.118846416473389,4.04318904876709,4.161321640014648,4.213261127471924,4.47201681137085,4.103774547576904,4.3203511238098145,3.916853427886963,3.2471325397491455,3.8909647464752197,4.220991134643555,4.085480213165283,3.9896950721740723,4.7258076667785645,4.887228012084961,4.651357650756836,4.977408409118652,5.108439922332764,4.748650074005127,4.440325736999512,4.00526762008667,3.666799545288086,3.722825765609741,4.145820617675781,4.042020797729492,3.480205535888672,2.655644655227661,2.0715601444244385
2.9223663806915283,2.528796434402466,2.4225804805755615,2.2941620349884033,2.414628744125366,2.446387767791748,2.772597074508667,2.6524643898010254,2.5368170738220215,3.104304552078247,3.289259910583496,3.356137990951538,3.379589557647705,2.732292652130127,3.2315497398376465,3.5116515159606934,4.193483829498291,4.153134822845459,4.288297653198242,4.23453426361084,4.696415424346924,4.51701545715332,4.332462787628174,4.31808614730835,3.35532283782959,4.4249114990234375,5.0824294090271,4.446034908294678,4.4005961418151855,4.680632591247559,5.064141750335693,5.393922805786133,5.190211772918701,4.538118362426758,4.667814254760742,4.815981864929199,3.979079246520996,3.7905056476593018,4.645872116088867,4.861180305480957,4.337646484375,4.351912975311279,3.3823022842407227,3.2021408081054688
2.9852492809295654,2.63442063331604,2.5356364250183105,2.296226978302002,2.495635747909546,2.588552713394165,2.777545928955078,2.703181028366089,2.746999740600586,3.025454521179199,3.246612548828125,3.3468074798583984,3.3188364505767822,2.9372129440307617,2.962554931640625,3.0978002548217773,3.670152187347412,4.180313587188721,3.9703590869903564,4.239553928375244,4.638789653778076,4.811943054199219,4.463569641113281,4.157005786895752,3.529120922088623,4.07467794418335,4.893894195556641,4.569293975830078,4.573986053466797,4.675753593444824,5.062122344970703,5.303211212158203,5.142664909362793,4.169559478759766,3.772212505340576,4.269650936126709,4.514252185821533,4.244136333465576,5.04219388961792,4.617219924926758,4.2480316162109375,3.9687986373901367,3.7453761100769043,4.470052242279053
