demo/1530-wind-surface-level-gfs-1.0.json
{"header": {"productDefinitionTemplate": 0, "surface1Type": 103, "productStatus": 0, "disciplineName": "Meteorological products", "subDivisions": 0, "winds": "true", "parameterNumberName": "U-component_of_wind", "discipline": 0, "surface2Value": 0, "significanceOfRTName": "Start of forecast", "surface2TypeName": "Missing", "surface2Type": 255, "productTypeName": "Forecast products", "dx": 0.024617210030555725, "dy": 0.01798853650689125, "numberPoints": 65160, "productStatusName": "Operational products", "gribEdition": 2, "parameterUnit": "m.s-1", "forecastTime": 0, "refTime": "2020-09-30T13:30:00.000Z", "productType": 1, "genProcessTypeName": "Forecast", "scanMode": 0, "genProcessType": 2, "gribLength": 11338.0, "significanceOfRT": 1, "productDefinitionTemplateName": "Analysis/forecast at horizontal level/layer at a point in time", "centerName": "WRF OUTPUT", "la1": 43.66691207885742, "la2": 42.426788330078125, "lo2": 13.70867919921875, "gridUnits": "degrees", "surface1Value": 10, "shapeName": "Earth spherical with radius of 6,371,229.0 m", "surface1TypeName": "Specified height level above ground", "nx": 70.0, "ny": 70.0, "lo1": 12.008544921875, "basicAngle": 0, "gridDefinitionTemplate": 0, "shape": 6, "parameterNumber": 2, "subcenter": 0, "parameterCategoryName": "Momentum", "parameterCategory": 2, "center": 0, "gridDefinitionTemplateName": "Latitude_Longitude", "resolution": 48}, "data":
[rows 38 to 56 of 70, columns 0 to 42 of 70]
-0.44236114621162415,-0.29294565320014954,0.2835460305213928,0.37141239643096924,0.6862928867340088,1.3861279487609863,0.950878381729126,0.014397653751075268,-1.0325016975402832,-0.12921734154224396,0.8897438645362854,0.1681259572505951,0.7217968106269836,1.6851850748062134,0.7660325169563293,-0.0021222210489213467,0.72994065284729,1.264697551727295,1.6881840229034424,1.5902924537658691,0.5640314817428589,-0.18257538974285126,-0.09401525557041168,0.303144633769989,1.0114933252334595,1.5960029363632202,1.4424916505813599,1.0612109899520874,1.5908466577529907,1.705101490020752,1.6145731210708618,2.3679659366607666,2.4851632118225098,2.3557183742523193,2.454214096069336,2.818995952606201,3.0585386753082275,2.9790267944335938,3.2360057830810547,3.2263174057006836,3.2695631980895996,2.3960514068603516,0.028502656146883965
-0.2940225899219513,-0.15240275859832764,0.46456900238990784,0.5012056231498718,0.6131368279457092,1.0968923568725586,1.3566027879714966,0.8174055218696594,-0.4010831415653229,-0.08423998951911926,0.1871790587902069,-0.23894008994102478,0.7615631818771362,1.5381630659103394,0.2488349825143814,-0.17450794577598572,0.8835285902023315,1.2516249418258667,1.1753253936767578,0.9047799110412598,0.8326519131660461,0.1296788454055786,-0.6194479465484619,0.08782961964607239,1.0620025396347046,1.5611361265182495,1.3741258382797241,1.0493042469024658,1.1944278478622437,0.8222497701644897,1.3061585426330566,2.4212656021118164,2.5150766372680664,2.268444538116455,2.2308273315429688,2.6088485717773438,2.9022693634033203,3.0313849449157715,3.13002872467041,3.1757164001464844,3.147352457046509,2.2231597900390625,-0.26185864210128784
-0.07489115744829178,0.036060236394405365,0.6197437644004822,0.7237531542778015,0.8409070372581482,0.8855157494544983,0.8401169180870056,0.1416461020708084,-0.34779199957847595,0.4143986999988556,0.5609733462333679,-0.093343086540699,0.727057933807373,1.3148213624954224,0.06658290326595306,-0.032154835760593414,0.9235266447067261,1.0057854652404785,0.46663445234298706,0.2665307819843292,1.2654221057891846,1.3888609409332275,-0.20049133896827698,-0.023237712681293488,1.4747543334960938,1.6265188455581665,0.9678140878677368,0.7933415174484253,0.7295103073120117,0.3816834092140198,1.1555893421173096,2.1982812881469727,2.583988666534424,2.8308212757110596,2.1880581378936768,1.7324411869049072,2.4041085243225098,2.6834158897399902,2.851358652114868,3.1139261722564697,2.8551042079925537,2.7644691467285156,2.099510669708252
0.3004303276538849,0.4103722870349884,0.7725242376327515,0.9316861033439636,1.3075724840164185,1.4711211919784546,0.8296304941177368,-0.5302608013153076,-0.9476373195648193,0.5030026435852051,1.289284348487854,0.17791205644607544,0.46662914752960205,1.0294861793518066,0.0033881133422255516,-0.009449665434658527,0.7907463312149048,0.7980319857597351,0.6075590252876282,0.5692710280418396,1.0414706468582153,1.5249741077423096,0.41948264837265015,0.0987851694226265,0.9684160351753235,0.9483284950256348,0.38138633966445923,0.5000254511833191,0.38214194774627686,-0.052021127194166183,0.5814862251281738,1.6230801343917847,2.234687328338623,2.657848596572876,2.395672082901001,1.5982024669647217,1.6110445261001587,2.1745028495788574,2.548957347869873,2.6716909408569336,2.4999094009399414,2.0427706241607666,1.9707684516906738
0.5720669627189636,0.6675483584403992,0.8748794794082642,0.9210751056671143,1.0217033624649048,1.5680227279663086,1.9819526672363281,0.6258544921875,-0.7182176113128662,0.30843931436538696,1.22079598903656,0.15346524119377136,0.3146517276763916,0.6349103450775146,-0.2943227291107178,-0.21427640318870544,0.7823039293289185,0.8557783365249634,0.8367246985435486,0.9693078398704529,0.47434481978416443,0.7696068286895752,1.310339093208313,1.2756786346435547,1.0034984350204468,1.1648002862930298,0.792626678943634,0.13356725871562958,-0.32074910402297974,-0.5984072685241699,0.10895906388759613,1.4081083536148071,2.677286148071289,2.9820799827575684,2.7126526832580566,1.8052678108215332,1.4692045450210571,1.5515574216842651,1.549527645111084,2.2809717655181885,1.9838075637817383,0.9919790029525757,1.5391193628311157
0.8043434023857117,0.9147021770477295,0.9988938570022583,0.955679714679718,1.0253325700759888,1.6670962572097778,1.7875456809997559,0.997233510017395,-0.26895061135292053,0.19620221853256226,1.2249289751052856,0.603533148765564,0.7150050401687622,0.15452133119106293,-1.0192562341690063,-0.5849177241325378,0.738554060459137,1.091634750366211,1.059179425239563,1.0064029693603516,0.0011734102154150605,-0.07174717634916306,0.72788006067276,1.3482937812805176,1.2324481010437012,1.6751967668533325,1.6924561262130737,0.08950400352478027,-1.001645565032959,-1.002763032913208,0.030758503824472427,1.7400603294372559,3.112161636352539,3.2357890605926514,2.187297821044922,1.195256233215332,1.175499439239502,0.9227187633514404,1.3727234601974487,2.2609355449676514,1.5500515699386597,0.9523272514343262,2.036627769470215
0.9261326789855957,1.0450541973114014,1.1352777481079102,1.1762211322784424,0.9983630180358887,1.7979995012283325,1.7218035459518433,1.1919358968734741,0.6157920956611633,0.30296409130096436,1.1453874111175537,1.1522871255874634,1.0876812934875488,0.3571524918079376,-0.8750101923942566,-0.6991564035415649,0.6959779858589172,1.4697259664535522,1.3305953741073608,1.0380253791809082,0.21969091892242432,-0.30969199538230896,0.08675210922956467,0.7345424294471741,0.9781376719474792,1.211229681968689,1.7355138063430786,0.9703699946403503,-0.6732417345046997,-1.336525797843933,-0.14963269233703613,2.1126296520233154,3.106295347213745,2.6266677379608154,1.848931908607483,1.2966423034667969,0.7472146153450012,0.4423927366733551,0.9893532991409302,1.6587116718292236,1.6677395105361938,1.8028589487075806,2.2272746562957764
1.0429381132125854,1.2401589155197144,1.4046190977096558,1.2608497142791748,0.9101563096046448,1.5045723915100098,1.8599416017532349,1.4256439208984375,1.0162497758865356,0.6522853374481201,1.1447207927703857,0.7417301535606384,-0.36568066477775574,0.13129831850528717,-0.0696643814444542,-0.7714995741844177,0.3981660306453705,1.6325502395629883,1.4085005521774292,0.9576367139816284,0.37955915927886963,-0.5391232371330261,-0.15809310972690582,0.30848994851112366,0.18814519047737122,0.6287137866020203,1.5735210180282593,1.7541412115097046,0.3328811228275299,-1.257368803024292,-0.48038235306739807,1.6493784189224243,2.3133339881896973,1.7160544395446777,2.032545804977417,2.457122802734375,1.497826337814331,0.469847708940506,0.8095952868461609,1.8540270328521729,2.6351232528686523,2.921541213989258,2.7591605186462402
1.099906325340271,1.3156384229660034,1.5245593786239624,1.7449241876602173,1.7887674570083618,1.4438247680664062,1.363007664680481,1.5081617832183838,0.8903624415397644,0.6806736588478088,1.09824538230896,-0.34124505519866943,-0.5957015156745911,0.9490544199943542,0.09056452661752701,-1.0015124082565308,0.2567196488380432,1.8925929069519043,1.546054720878601,0.6102269291877747,0.6849779486656189,0.44672664999961853,-0.237606480717659,-0.23439988493919373,0.07134648412466049,0.5653197765350342,1.4774980545043945,1.7111091613769531,0.6218898892402649,-0.8060842752456665,-0.5915511846542358,0.8005563020706177,1.597197413444519,1.741891622543335,2.508409023284912,3.289187431335449,1.9434367418289185,0.4509269893169403,1.0648244619369507,2.5741794109344482,3.157196044921875,3.223994731903076,2.9523723125457764
1.2387092113494873,1.4569334983825684,1.5843690633773804,1.561896800994873,1.462425708770752,1.3358732461929321,1.675047755241394,2.118896007537842,1.525168538093567,0.9089224934577942,0.3957632780075073,-0.5974135994911194,0.2620299160480499,1.2164973020553589,-0.2456149160861969,-1.0576684474945068,0.6422743797302246,2.1009156703948975,1.7807049751281738,0.8803282380104065,0.19695620238780975,0.6884654760360718,0.5512973070144653,-0.20681951940059662,-0.22154507040977478,0.14858482778072357,0.9985008835792542,1.6015539169311523,1.2336721420288086,-0.01568477600812912,-0.30493292212486267,0.18178193271160126,1.1049864292144775,1.941332221031189,3.022566318511963,3.0540151596069336,1.389439582824707,0.8643593192100525,1.985812783241272,3.0657124519348145,3.6277337074279785,3.559542179107666,2.8278212547302246
1.317932367324829,1.5490506887435913,1.6520838737487793,1.2893270254135132,1.3491469621658325,1.8199301958084106,2.051175355911255,2.391852617263794,1.761709213256836,0.556688129901886,-0.3047487139701843,0.039584215730428696,0.8869748711585999,0.22204196453094482,-0.7097575664520264,-0.3150714933872223,1.1739459037780762,2.318146228790283,1.8406496047973633,0.6111330986022949,-0.5329346060752869,-0.13229675590991974,1.2853126525878906,0.3843259811401367,-0.8568043112754822,-0.14309100806713104,0.806463360786438,1.8110371828079224,1.8220627307891846,0.39618077874183655,0.17444387078285217,0.38354700803756714,0.8622153997421265,2.1054115295410156,2.675905466079712,2.2350823879241943,1.6031709909439087,2.077393054962158,2.8680434226989746,3.1152749061584473,3.5356767177581787,3.693471670150757,3.54557466506958
1.337868332862854,1.4964314699172974,1.6328682899475098,1.310373306274414,1.463786005973816,1.9359968900680542,2.1503865718841553,2.729198932647705,1.9525973796844482,0.2396322339773178,-0.03201742470264435,0.8146461248397827,0.32977694272994995,-0.479718953371048,-0.08499576896429062,0.8558173179626465,1.865612268447876,2.5713279247283936,2.071600914001465,0.5958489775657654,-0.9065349698066711,-0.837581992149353,1.357373833656311,1.4814797639846802,-0.335248738527298,-0.5042346119880676,0.9063937067985535,1.794541835784912,1.7222623825073242,0.9877557158470154,0.993505597114563,1.2662800550460815,1.562658429145813,2.7246241569519043,1.9862339496612549,0.8120959997177124,1.9126818180084229,2.8924121856689453,3.0935752391815186,3.118429183959961,2.9830069541931152,3.06355619430542,3.344006061553955
1.3525373935699463,1.4425197839736938,1.547719955444336,1.5476912260055542,1.6053074598312378,1.614018201828003,1.917974591255188,2.455819606781006,1.5554044246673584,-0.25756311416625977,-0.4242904484272003,0.7529033422470093,0.4299059510231018,-0.025896625593304634,0.691493570804596,1.6750330924987793,2.257230520248413,2.6818912029266357,2.4519691467285156,1.1786526441574097,-0.6634752750396729,-1.127315640449524,0.7062661647796631,1.9155516624450684,0.3309415578842163,-0.8980433940887451,0.47634801268577576,1.0505726337432861,1.1124398708343506,1.533240556716919,1.9556430578231812,1.6820138692855835,1.7125144004821777,2.3830904960632324,1.276118516921997,0.9747064113616943,2.956425189971924,3.577413558959961,3.511899709701538,3.4629859924316406,3.2845816612243652,2.7815210819244385,2.9845173358917236
1.4559601545333862,1.5067931413650513,1.5351605415344238,1.3952980041503906,1.4568597078323364,1.9360519647598267,2.2328457832336426,2.4819092750549316,1.3987150192260742,-0.5621527433395386,-0.5114604234695435,0.647810161113739,0.9544665217399597,1.2145355939865112,1.6433559656143188,1.9875448942184448,2.139859437942505,2.5120389461517334,2.5418641567230225,1.7251588106155396,0.3585411012172699,-0.6969791054725647,-0.089347705245018,1.6091177463531494,1.638333797454834,0.21415147185325623,0.1542254537343979,0.8642053604125977,1.6875194311141968,2.2613868713378906,2.069401264190674,1.6004375219345093,1.612600564956665,0.9599010348320007,0.33298149704933167,1.8953850269317627,3.709665536880493,4.091937065124512,3.7429239749908447,3.592465400695801,2.9937846660614014,2.0754361152648926,2.5781962871551514
1.5985536575317383,1.6475372314453125,1.619430422782898,1.507524847984314,1.486035704612732,1.9560467004776,1.8915404081344604,1.9754784107208252,1.0537679195404053,-0.8523985743522644,-0.3577132821083069,0.8254673480987549,1.2696897983551025,1.6704597473144531,2.0069363117218018,1.849329948425293,1.566176414489746,1.5420843362808228,1.4852795600891113,1.0652668476104736,0.7634684443473816,0.027616553008556366,-0.15686869621276855,1.1218549013137817,2.0589492321014404,1.9076683521270752,1.6550532579421997,1.8311052322387695,2.0987091064453125,2.2098729610443115,1.9036849737167358,1.589756727218628,1.0156760215759277,-0.19659952819347382,0.20354516804218292,2.8175392150878906,4.221034049987793,3.2003862857818604,1.9924323558807373,1.896376132965088,1.4138555526733398,0.7216832637786865,1.2212876081466675
1.563708782196045,1.5994244813919067,1.6592451333999634,1.6802985668182373,1.5935519933700562,1.7539292573928833,1.4594244956970215,1.7004700899124146,1.0658791065216064,-0.8695219159126282,-0.28363022208213806,1.1480438709259033,1.1763758659362793,1.1524348258972168,1.3481818437576294,1.0367789268493652,0.7516310214996338,1.112910509109497,0.8816776871681213,0.48768341541290283,0.6428412199020386,0.2762444317340851,0.4536263048648834,1.51983642578125,2.0870912075042725,2.0211446285247803,2.056448221206665,2.1791129112243652,1.820845365524292,2.085106611251831,2.016693592071533,1.4036285877227783,0.4613742232322693,-0.1423792541027069,0.7183322310447693,2.353502035140991,3.6783957481384277,3.22617506980896,1.7154254913330078,1.1770950555801392,1.4401707649230957,0.9191025495529175,0.3768041729927063
1.659920573234558,1.6766951084136963,1.6577024459838867,1.6092851161956787,1.5795501470565796,1.671950340270996,2.0197103023529053,2.27508544921875,1.9640470743179321,1.1080844402313232,1.050281047821045,1.0801326036453247,0.8766908645629883,1.1083993911743164,0.21645060181617737,0.24388116598129272,1.6774919033050537,1.793891429901123,0.7526247501373291,0.4900914430618286,0.6946938633918762,0.11686795204877853,0.5740342736244202,1.6033005714416504,1.8973209857940674,1.9403668642044067,2.153761863708496,2.0939066410064697,0.9684202671051025,0.7906140685081482,1.8248766660690308,1.1216535568237305,-0.41189783811569214,-0.3507235646247864,0.8886989951133728,2.1028270721435547,3.0066587924957275,2.998363494873047,1.9791806936264038,1.082684874534607,1.6067250967025757,1.6496467590332031,0.7425657510757446
1.9523310661315918,1.893708348274231,1.673460602760315,1.4428695440292358,1.2232717275619507,1.073345422744751,1.833507776260376,2.4043469429016113,2.4294638633728027,2.872217893600464,2.413848400115967,1.3863307237625122,1.455570936203003,1.1650583744049072,-0.5201075077056885,0.18051646649837494,2.102236032485962,1.8175429105758667,0.8138848543167114,0.672069251537323,0.4863283038139343,-0.12032599002122879,0.6809325218200684,2.1393778324127197,2.20513653755188,1.0507162809371948,1.071629285812378,1.5219948291778564,0.45474734902381897,-0.1956452876329422,0.8880178332328796,1.066946268081665,-0.1098572239279747,-0.6916391849517822,0.6594099998474121,2.3179924488067627,2.831848621368408,2.558851480484009,1.4783406257629395,1.0001252889633179,1.8165971040725708,2.7008790969848633,2.2828612327575684
2.01590633392334,1.9191254377365112,1.7048760652542114,1.4133872985839844,0.9040696620941162,0.6311085224151611,1.4524649381637573,2.044079542160034,2.086137294769287,2.2787816524505615,1.8367506265640259,1.3367985486984253,1.9502028226852417,1.1978968381881714,-1.0206692218780518,-0.1943345069885254,1.3663326501846313,1.418055772781372,1.310068130493164,0.7268095016479492,0.020451204851269722,-0.08868604898452759,0.8189693093299866,2.1163575649261475,1.7523301839828491,0.00819237157702446,0.38480639457702637,1.7666491270065308,0.7791839838027954,-0.40367254614830017,0.4043162763118744,1.3680989742279053,0.9028633832931519,-0.14431647956371307,0.5493327379226685,2.321499824523926,3.16866397857666,2.6471900939941406,1.8646104335784912,1.7545790672302246,2.525000810623169,3.14764142036438,2.939016819000244
