demo/1530-wind-surface-level-gfs-1.0.json
{"header": {"productDefinitionTemplate": 0, "surface1Type": 103, "productStatus": 0, "disciplineName": "Meteorological products", "subDivisions": 0, "winds": "true", "parameterNumberName": "U-component_of_wind", "discipline": 0, "surface2Value": 0, "significanceOfRTName": "Start of forecast", "surface2TypeName": "Missing", "surface2Type": 255, "productTypeName": "Forecast products", "dx": 0.024617210030555725, "dy": 0.01798853650689125, "numberPoints": 65160, "productStatusName": "Operational products", "gribEdition": 2, "parameterUnit": "m.s-1", "forecastTime": 0, "refTime": "2020-09-30T13:30:00.000Z", "productType": 1, "genProcessTypeName": "Forecast", "scanMode": 0, "genProcessType": 2, "gribLength": 11338.0, "significanceOfRT": 1, "productDefinitionTemplateName": "Analysis/forecast at horizontal level/layer at a point in time", "centerName": "WRF OUTPUT", "la1": 43.66691207885742, "la2": 42.426788330078125, "lo2": 13.70867919921875, "gridUnits": "degrees", "surface1Value": 10, "shapeName": "Earth spherical with radius of 6,371,229.0 m", "surface1TypeName": "Specified height level above ground", "nx": 70.0, "ny": 70.0, "lo1": 12.008544921875, "basicAngle": 0, "gridDefinitionTemplate": 0, "shape": 6, "parameterNumber": 2, "subcenter": 0, "parameterCategoryName": "Momentum", "parameterCategory": 2, "center": 0, "gridDefinitionTemplateName": "Latitude_Longitude", "resolution": 48}, "data":
[rows 19 to 37 of 70, columns 0 to 42 of 70]
2.3398776054382324,2.06473708152771,1.6405304670333862,1.3434079885482788,1.1316627264022827,1.0750343799591064,0.9856930375099182,0.6183280944824219,0.8469245433807373,1.1637375354766846,1.2326878309249878,1.302823781967163,1.202292561531067,1.2497197389602661,1.6867345571517944,1.5739761590957642,1.300870656967163,1.657455563545227,2.0297653675079346,2.318394422531128,2.4743218421936035,2.298220157623291,2.0839781761169434,2.062157154083252,2.2750260829925537,2.6628475189208984,2.6659140586853027,2.3225111961364746,1.9974048137664795,1.9870219230651855,2.62552809715271,3.4089107513427734,3.135862350463867,2.6521365642547607,2.852567434310913,2.936326742172241,2.8765194416046143,3.043592929840088,3.308396339416504,3.0733771324157715,2.014497995376587,1.3180346488952637,2.3261032104492188
2.427555799484253,2.18437123298645,1.7257559299468994,1.3710440397262573,1.1756491661071777,0.991297721862793,0.7065014839172363,0.725479245185852,1.1661176681518555,1.025819182395935,1.1225720643997192,1.677398920059204,1.6627357006072998,1.541023850440979,1.5691053867340088,1.4768716096878052,1.5307711362838745,1.7590646743774414,1.8837846517562866,2.007396936416626,2.31419038772583,2.2287144660949707,1.8657410144805908,1.714768886566162,2.015787124633789,2.3572463989257812,2.3712644577026367,2.239945411682129,2.064985513687134,2.0797007083892822,2.5855276584625244,3.1859958171844482,3.1111111640930176,2.763122797012329,2.685628890991211,2.960484743118286,3.046393394470215,2.918148994445801,3.12264347076416,3.1765642166137695,1.7980527877807617,0.8935924172401428,1.7615163326263428
2.4509077072143555,2.2623331546783447,1.7466228008270264,1.1839162111282349,0.9363590478897095,0.7509377598762512,0.6103165745735168,0.9045200943946838,1.0828797817230225,1.0371222496032715,1.5417838096618652,2.1967172622680664,2.3903470039367676,2.0080161094665527,1.4234734773635864,1.21084725856781,1.2935787439346313,1.2773494720458984,1.5151705741882324,1.9761087894439697,1.9259557723999023,1.7257211208343506,1.7616641521453857,2.0110180377960205,2.157945156097412,1.9432774782180786,1.9026294946670532,2.1694328784942627,2.1689321994781494,2.2379326820373535,2.561129570007324,3.192744255065918,3.2679898738861084,2.9186761379241943,3.0050952434539795,3.6124937534332275,3.333855152130127,2.9568214416503906,3.0323338508605957,3.1641507148742676,1.6501692533493042,0.3848557472229004,1.0530962944030762
2.473635673522949,2.3342032432556152,1.7075095176696777,1.0300259590148926,0.6641075015068054,0.5098172426223755,0.8129109740257263,1.0647664070129395,0.9250787496566772,1.458439826965332,2.078584671020508,1.8708828687667847,1.7119172811508179,1.4594988822937012,1.2628569602966309,0.9965807795524597,0.6651336550712585,1.0672972202301025,1.6377418041229248,1.7506036758422852,1.8613489866256714,1.8312654495239258,1.7958431243896484,1.7916264533996582,1.6553401947021484,1.7028990983963013,1.8148412704467773,2.0930488109588623,2.408360242843628,2.3685176372528076,2.4574217796325684,3.048323392868042,3.7126054763793945,3.494537353515625,3.024122714996338,3.1949925422668457,3.174715518951416,2.9178271293640137,2.832183599472046,2.2311363220214844,0.6076490879058838,-0.13147728145122528,0.7198050618171692
2.2464869022369385,2.0563275814056396,1.4635794162750244,0.7244560718536377,0.2759908139705658,0.5152775645256042,1.081714153289795,0.871482253074646,0.7346822619438171,1.7570044994354248,2.058537006378174,1.567295789718628,1.4593255519866943,1.4607086181640625,1.6626663208007812,0.8235058784484863,0.030968504026532173,0.7031235694885254,1.2578598260879517,1.5338613986968994,1.7841066122055054,1.8452285528182983,1.8765228986740112,1.9878325462341309,1.9476397037506104,1.8412703275680542,1.766469120979309,2.1483306884765625,2.59078049659729,2.4184069633483887,2.4344892501831055,2.3745710849761963,2.90397047996521,3.1797266006469727,2.82326078414917,2.7678370475769043,2.8522109985351562,2.445396900177002,0.9993206858634949,-0.2209216207265854,-0.1405760496854782,0.15541048347949982,0.6589654088020325
1.8546541929244995,1.5772613286972046,1.0861454010009766,0.16703654825687408,-0.07072881609201431,0.8046290278434753,1.1555241346359253,0.648227334022522,0.7758836150169373,1.6575678586959839,1.7680492401123047,1.6239793300628662,1.6563729047775269,1.7925031185150146,1.9046550989151,0.30684894323349,-0.5501046776771545,0.7096501588821411,1.6088563203811646,1.7618368864059448,1.6697578430175781,1.6336308717727661,1.7711880207061768,1.8377900123596191,1.9853675365447998,2.1657118797302246,2.1363158226013184,2.19132137298584,2.3369133472442627,2.298825263977051,2.609278440475464,2.335055351257324,2.7262439727783203,3.7749948501586914,3.4939708709716797,2.843280076980591,2.7858474254608154,2.277158498764038,1.1153898239135742,-0.21101698279380798,0.3361484110355377,1.1980422735214233,0.9470073580741882
1.314016580581665,0.9192702174186707,0.5208034515380859,-0.7327008843421936,-0.5230752825737,0.8296670317649841,0.8097941875457764,0.47711703181266785,1.0713063478469849,1.8892513513565063,1.9389777183532715,1.9976624250411987,2.028604745864868,2.3436567783355713,1.9382330179214478,-0.44555574655532837,-0.9864944815635681,0.968982458114624,1.750545859336853,1.3212534189224243,1.021195650100708,1.335486650466919,1.8536348342895508,1.822758436203003,1.6980971097946167,2.0862255096435547,2.107916831970215,2.0825388431549072,2.509988784790039,2.828699827194214,2.8968710899353027,2.4264042377471924,2.655214548110962,3.631356716156006,3.0995168685913086,2.3572375774383545,2.5141632556915283,1.9194753170013428,2.5119729042053223,2.5391838550567627,1.1037238836288452,0.5369653105735779,0.3139515519142151
0.9398168921470642,0.5000860095024109,-0.025570621713995934,-1.7192225456237793,-1.3595480918884277,-0.2733352482318878,-0.23229563236236572,0.69321209192276,1.6034398078918457,1.9177172183990479,2.0777392387390137,1.9723496437072754,1.77321457862854,2.08246111869812,2.289642333984375,0.419938325881958,-0.5852136015892029,0.5474169850349426,0.5526142716407776,0.5149839520454407,0.9421756863594055,1.4057433605194092,1.7967326641082764,1.8176579475402832,1.6556826829910278,1.9481903314590454,2.145199775695801,2.279630422592163,2.4760401248931885,2.605567216873169,2.6800124645233154,2.3497087955474854,2.5155436992645264,3.622468948364258,3.2567315101623535,2.723104476928711,2.722792387008667,2.5295331478118896,2.7239608764648438,3.5926883220672607,1.8796278238296509,-0.22162313759326935,0.07702688127756119
0.6375352144241333,0.17275919020175934,-0.3408350646495819,-2.0138700008392334,-2.270888090133667,-1.7272762060165405,-1.257602334022522,0.37446287274360657,1.7331621646881104,2.091621160507202,2.236284017562866,2.176579236984253,2.1183066368103027,2.2299702167510986,2.638939380645752,1.9189209938049316,0.42341485619544983,0.12858286499977112,0.25514715909957886,0.3700934648513794,0.6819623112678528,1.2129099369049072,1.7704274654388428,1.670379877090454,1.520212173461914,1.8805433511734009,2.279313564300537,2.4650630950927734,2.6061694622039795,2.8582122325897217,2.8331170082092285,2.5393762588500977,2.6647331714630127,2.9388442039489746,2.943516492843628,2.8530197143554688,2.7128944396972656,2.5730643272399902,2.4555840492248535,3.233267307281494,2.7104570865631104,0.5365830063819885,-3.0704883101861924e-05
0.41557052731513977,0.07364238798618317,-0.39319413900375366,-1.9559006690979004,-2.0885355472564697,-1.6044914722442627,-1.1541149616241455,0.41164568066596985,1.5706188678741455,2.0561137199401855,2.3481407165527344,2.339064836502075,2.261049270629883,2.33793306350708,2.3669869899749756,2.334852457046509,1.6312706470489502,0.7180208563804626,0.32713213562965393,0.3516537845134735,0.8066831827163696,1.3703913688659668,1.6309130191802979,1.5257240533828735,1.66954505443573,2.090529203414917,2.5322508811950684,2.74069881439209,2.5813510417938232,2.620631456375122,2.833974838256836,2.6125240325927734,2.738056182861328,3.2045111656188965,3.244737386703491,3.0051932334899902,3.0563063621520996,2.8424880504608154,2.6873056888580322,3.0229005813598633,3.2818894386291504,1.6957305669784546,0.33428895473480225
0.12927016615867615,-0.07276951521635056,-0.419665664434433,-1.9207375049591064,-1.9540677070617676,-1.311150074005127,-0.8583149909973145,0.5573826432228088,1.5773831605911255,1.9750893115997314,2.114824056625366,2.1251139640808105,2.2337374687194824,2.1335036754608154,1.966621994972229,1.9620625972747803,1.61457097530365,0.8916509747505188,0.5855318307876587,0.7479597926139832,1.0713839530944824,1.2523401975631714,1.2013156414031982,1.542686104774475,2.0202584266662598,2.216999053955078,2.33807373046875,2.463235378265381,2.4898576736450195,2.5229263305664062,2.2792742252349854,1.593386173248291,1.7282228469848633,2.7765913009643555,2.6032180786132812,1.9181640148162842,2.6186227798461914,3.246860980987549,2.6918258666992188,2.5773062705993652,3.125631332397461,1.9345593452453613,-0.07893010973930359
-0.020383741706609726,-0.08041714131832123,-0.42315608263015747,-1.8391999006271362,-1.8842660188674927,-1.128533124923706,-0.6405370235443115,0.7546250820159912,1.733723521232605,1.7898054122924805,1.4667730331420898,1.6827762126922607,2.1601366996765137,1.9190807342529297,1.476099967956543,1.3642981052398682,1.033257246017456,0.5375074148178101,0.6618878245353699,0.923683226108551,1.1350059509277344,1.207012414932251,1.2922875881195068,1.9167371988296509,2.08770489692688,2.160885810852051,1.9912254810333252,1.4953161478042603,1.8101115226745605,2.1264572143554688,1.7321337461471558,0.7788631319999695,0.9866744875907898,2.373034954071045,2.6638011932373047,2.2953009605407715,2.5179121494293213,3.215709924697876,3.2708253860473633,3.3292665481567383,3.127830982208252,0.6605498194694519,-0.6518455147743225
-0.08909329026937485,-0.05677187442779541,-0.3714682459831238,-1.652209997177124,-1.7540907859802246,-0.980927050113678,-0.6315946578979492,0.6744315028190613,1.647443413734436,1.3457701206207275,0.6877502799034119,0.9414381980895996,1.689209222793579,1.5785069465637207,1.4735867977142334,1.377076506614685,1.295089602470398,0.7472426891326904,0.6805171370506287,1.1017686128616333,1.2772136926651,1.521041989326477,1.59926438331604,1.980205774307251,1.8686515092849731,1.659468173980713,1.5603034496307373,1.4198659658432007,1.9602041244506836,2.359992027282715,1.7377121448516846,0.9921995401382446,1.6456127166748047,2.507563352584839,2.60508131980896,2.779937744140625,2.976713180541992,3.073485851287842,2.838453769683838,3.359583854675293,2.0978951454162598,-0.9284026622772217,-0.874678909778595
-0.05216493830084801,0.09877549111843109,-0.1248466745018959,-1.0777193307876587,-1.6320836544036865,-1.1179277896881104,-0.1431845873594284,0.7166646718978882,1.064432978630066,0.8344435691833496,0.40569233894348145,0.6181023120880127,0.7576861381530762,1.2924383878707886,1.7199797630310059,1.3945980072021484,1.243606448173523,0.7901753187179565,0.8057602047920227,1.333600401878357,1.5732189416885376,1.9090378284454346,1.9107564687728882,1.7604540586471558,1.6029866933822632,1.684593915939331,2.073230504989624,2.0929176807403564,2.3026461601257324,2.290280342102051,1.2026172876358032,0.9816150665283203,2.155432939529419,2.8219316005706787,3.0323069095611572,3.4417808055877686,3.7366557121276855,3.260809898376465,2.6034772396087646,2.785489082336426,1.3709237575531006,-1.0075933933258057,-0.8049740791320801
-0.12144735455513,0.10607980936765671,0.007481348235160112,-0.1290813833475113,-0.2760981619358063,-0.18513123691082,0.27707570791244507,0.5416771769523621,-0.07591839134693146,0.02954109199345112,0.9996495842933655,0.7017894387245178,0.7604520916938782,1.44035005569458,1.181100845336914,1.2350919246673584,0.9654931426048279,0.7643294930458069,1.3398289680480957,1.7166022062301636,1.7312026023864746,1.702010989189148,1.383965015411377,1.175281286239624,1.2922667264938354,1.3462507724761963,2.3468332290649414,2.8876399993896484,1.7157857418060303,0.34970664978027344,-0.052210744470357895,1.0649807453155518,2.3643078804016113,2.491215229034424,2.4825196266174316,2.92667818069458,3.119840145111084,2.8907158374786377,2.5021867752075195,2.203587532043457,2.459604501724243,1.295488953590393,-0.2995151877403259
-0.18541847169399261,0.008155410178005695,0.08446038514375687,0.3418438136577606,0.5051550269126892,1.0524262189865112,1.2576472759246826,0.4283214807510376,0.05599300190806389,0.5807462334632874,0.5937524437904358,0.4200912415981293,0.897569477558136,1.077375888824463,1.1741571426391602,1.1282756328582764,0.6379610300064087,0.7752079963684082,1.4137482643127441,1.6545239686965942,1.5034791231155396,1.4784218072891235,1.355587124824524,1.3116568326950073,1.3867322206497192,1.267465353012085,2.234577178955078,2.736034393310547,0.5453203916549683,-0.8233417272567749,0.03542392700910568,0.9633240699768066,1.8614892959594727,2.4474587440490723,2.52059006690979,2.533195734024048,2.570291757583618,2.453822135925293,2.749603271484375,3.08280611038208,3.0433638095855713,2.3781824111938477,0.12523630261421204
-0.35763829946517944,-0.206710547208786,0.1507095992565155,0.7556285858154297,0.8045498728752136,0.8697619438171387,1.1037492752075195,-0.0749102309346199,-0.16130293905735016,0.7026427984237671,0.5677309632301331,0.8657960891723633,1.0402443408966064,1.030448317527771,1.063942790031433,0.6294285655021667,0.42498645186424255,0.9668457508087158,1.582422137260437,1.725520372390747,1.4262683391571045,1.3956043720245361,1.3929505348205566,1.3753130435943604,1.5479108095169067,1.0089823007583618,1.1507405042648315,2.309009075164795,1.8223066329956055,0.46305176615715027,0.34427410364151,0.8503872156143188,1.8093105554580688,2.674571990966797,2.7754650115966797,2.727084159851074,2.7535200119018555,2.6440861225128174,3.0573923587799072,3.3337066173553467,2.8803796768188477,2.449997663497925,1.1239093542099
-0.44422271847724915,-0.29352542757987976,0.1671881228685379,0.8786363005638123,0.7992219924926758,0.7915931344032288,0.18887612223625183,-0.4610137343406677,-0.13786128163337708,0.3104129731655121,0.8321292996406555,0.8019401431083679,0.7052674293518066,0.9907486438751221,1.0328590869903564,0.40796971321105957,0.4144091010093689,1.0702134370803833,1.7781614065170288,2.0153820514678955,1.3714998960494995,0.9447513222694397,1.0150996446609497,1.1409337520599365,1.5532112121582031,1.1134703159332275,0.937603771686554,1.9298688173294067,1.8843296766281128,1.0495191812515259,1.021667718887329,1.6425334215164185,2.225203275680542,2.787123680114746,2.98616361618042,3.0882911682128906,3.0765581130981445,3.105440616607666,3.1701698303222656,3.302037239074707,3.2251315116882324,2.725304126739502,1.4735838174819946
-0.4940311908721924,-0.326818585395813,0.18723231554031372,0.6912502646446228,0.8637500405311584,1.007684588432312,0.15199922025203705,-0.42087486386299133,-0.8360743522644043,-0.2238476276397705,1.442707896232605,0.9664387106895447,0.5260897874832153,1.4094966650009155,1.098231554031372,0.0342094711959362,0.3885727822780609,1.154313325881958,1.9018319845199585,1.954695701599121,1.1556140184402466,0.37707218527793884,0.45963558554649353,0.783359706401825,1.4714006185531616,1.6165590286254883,1.239690899848938,1.099576473236084,1.6131854057312012,1.7592190504074097,1.4557474851608276,2.139183521270752,2.368335008621216,2.7244553565979004,3.059995651245117,3.1348936557769775,3.090158700942993,3.1883506774902344,3.413301467895508,3.422548532485962,3.252924680709839,2.4540207386016846,0.8996067047119141
