demo/1530-wind-surface-level-gfs-1.0.json
{"header": {"productDefinitionTemplate": 0, "surface1Type": 103, "productStatus": 0, "disciplineName": "Meteorological products", "subDivisions": 0, "winds": "true", "parameterNumberName": "V-component_of_wind", "discipline": 0, "surface2Value": 0, "significanceOfRTName": "Start of forecast", "surface2TypeName": "Missing", "surface2Type": 255, "productTypeName": "Forecast products", "dx": 0.024617210030555725, "dy": 0.01798853650689125, "numberPoints": 65160, "productStatusName": "Operational products", "gribEdition": 2, "parameterUnit": "m.s-1", "forecastTime": 0, "refTime": "2020-09-30T13:30:00.000Z", "productType": 1, "genProcessTypeName": "Forecast", "scanMode": 0, "genProcessType": 2, "gribLength": 11338.0, "significanceOfRT": 1, "productDefinitionTemplateName": "Analysis/forecast at horizontal level/layer at a point in time", "centerName": "WRF OUTPUT", "la1": 43.66691207885742, "la2": 42.426788330078125, "lo2": 13.70867919921875, "gridUnits": "degrees", "surface1Value": 10, "shapeName": "Earth spherical with radius of 6,371,229.0 m", "surface1TypeName": "Specified height level above ground", "nx": 70.0, "ny": 70.0, "lo1": 12.008544921875, "basicAngle": 0, "gridDefinitionTemplate": 0, "shape": 6, "parameterNumber": 3, "subcenter": 0, "parameterCategoryName": "Momentum", "parameterCategory": 2, "center": 0, "gridDefinitionTemplateName": "Latitude_Longitude", "resolution": 48}, "data":
[rows 19 to 37 of 70, columns 0 to 42 of 70]
1.214821457862854,1.1636931896209717,1.162731409072876,1.2677541971206665,1.3779693841934204,1.5202524662017822,1.6489256620407104,1.945300817489624,1.7918014526367188,1.4990719556808472,2.0826117992401123,1.9665324687957764,1.1956052780151367,0.9253014922142029,0.6797884702682495,1.1563180685043335,1.3587583303451538,0.6761894822120667,-0.0693262442946434,-0.2182394117116928,0.046230435371398926,-0.08129904419183731,-0.2992747724056244,-0.2551829516887665,0.15543869137763977,0.46210694313049316,0.6702286601066589,0.8222727179527283,0.7581005096435547,1.008184552192688,1.4357569217681885,1.870246171951294,1.8131277561187744,1.756270408630371,1.4966464042663574,1.22166907787323,0.8734109997749329,0.49128592014312744,0.19248197972774506,-0.13110342621803284,-0.44879207015037537,-0.4668002426624298,-0.26269054412841797
1.3235605955123901,1.310521125793457,1.379332184791565,1.472194790840149,1.5491626262664795,1.626685380935669,1.7508372068405151,2.246556282043457,2.1354026794433594,1.9053459167480469,2.1587302684783936,1.4259141683578491,0.8030321598052979,0.2850911021232605,0.07313347607851028,0.13536591827869415,0.04956727847456932,0.07799782603979111,0.42033910751342773,0.6047229170799255,0.5852909088134766,0.7354483604431152,1.0160441398620605,1.0338561534881592,1.0238401889801025,0.9706112146377563,1.452183485031128,1.7764344215393066,1.9128743410110474,2.047292470932007,2.048685073852539,1.9938900470733643,1.4346970319747925,1.1424866914749146,0.9274466633796692,0.616176426410675,0.15850818157196045,-0.24906599521636963,-0.5794687867164612,-0.6931631565093994,-0.9228444695472717,-1.2860699892044067,-0.6805585622787476
1.3501149415969849,1.4370014667510986,1.5478911399841309,1.5816882848739624,1.632033348083496,1.825506567955017,2.0449180603027344,2.192915678024292,2.034377336502075,1.8728326559066772,1.1067663431167603,0.38482019305229187,0.04446946457028389,-0.3552702069282532,-0.4725709557533264,-0.2340373694896698,0.3759968876838684,1.066922664642334,1.0789752006530762,1.0516389608383179,1.1158442497253418,1.4595122337341309,1.4784282445907593,1.2243783473968506,0.9339063763618469,1.2265794277191162,1.746775507926941,2.1254734992980957,2.078726291656494,1.8425698280334473,1.574528694152832,1.3491185903549194,0.9117388129234314,0.4570261836051941,0.15340666472911835,-0.18966196477413177,-0.5162135362625122,-0.9166301488876343,-1.4500772953033447,-1.6464251279830933,-1.3755512237548828,-1.5654836893081665,-1.1928833723068237
1.322092890739441,1.4983502626419067,1.6591476202011108,1.6530590057373047,1.7476059198379517,1.8785533905029297,2.124481439590454,1.7782379388809204,1.7160390615463257,1.8544518947601318,0.7949671149253845,0.3519166111946106,0.49220752716064453,0.9254429340362549,0.8001669645309448,0.7522709965705872,1.3410875797271729,1.8049644231796265,1.5155234336853027,1.6411454677581787,1.8673899173736572,1.5257902145385742,1.362755537033081,1.26316237449646,1.4392788410186768,1.9135197401046753,1.9430994987487793,1.9541401863098145,1.82893705368042,1.2599122524261475,1.0181488990783691,0.8941733837127686,1.1668829917907715,0.7481639981269836,0.08750607818365097,-0.24628204107284546,-0.2794167697429657,-0.6245883703231812,-1.1999261379241943,-1.77666175365448,-1.7723945379257202,-1.8363056182861328,-1.9324283599853516
1.3174574375152588,1.5078483819961548,1.6544528007507324,1.6943143606185913,1.7746312618255615,1.9597707986831665,1.6572327613830566,1.5971522331237793,1.909472942352295,1.8015989065170288,0.993051290512085,1.0847535133361816,1.3774948120117188,1.509653925895691,0.9727200865745544,0.8299029469490051,1.378566026687622,1.6474627256393433,1.4470140933990479,1.4049873352050781,1.1515177488327026,1.13954758644104,1.3543328046798706,1.6224550008773804,1.8273487091064453,1.5653446912765503,1.3161895275115967,1.425860047340393,1.3519712686538696,1.007298469543457,1.0695464611053467,0.999423086643219,1.518092155456543,1.2886461019515991,0.7080972194671631,0.54190593957901,0.5282081365585327,0.21724693477153778,0.0798792839050293,-0.6198672652244568,-1.3599661588668823,-2.0892205238342285,-2.6291921138763428
1.306750774383545,1.4866840839385986,1.665870189666748,1.764737606048584,1.8453078269958496,1.8638728857040405,1.310151219367981,1.8234771490097046,1.9561116695404053,1.4555813074111938,1.025707483291626,1.2342087030410767,1.0384538173675537,0.9010683298110962,0.5318900942802429,0.5760513544082642,1.0828651189804077,1.185292363166809,0.6562795042991638,0.37840667366981506,0.758053719997406,1.3899949789047241,1.3817888498306274,1.1961033344268799,1.1359590291976929,1.0330314636230469,1.069777488708496,1.3108477592468262,1.2721880674362183,1.045142412185669,0.966492772102356,0.6188098788261414,0.6683061718940735,0.6810511350631714,0.241878479719162,0.2859097421169281,0.28825923800468445,0.39027780294418335,1.0859836339950562,-0.7602263689041138,-2.051121234893799,-2.419947624206543,-2.4982059001922607
1.2747873067855835,1.4752472639083862,1.666823387145996,1.8799809217453003,1.9461393356323242,1.561566710472107,1.6837878227233887,2.0940709114074707,1.5972752571105957,1.0683656930923462,0.9893819689750671,0.8310945630073547,0.9631525278091431,1.3320740461349487,0.810136079788208,0.03037278912961483,-0.056136440485715866,-0.4804682731628418,-0.49915561079978943,0.38802239298820496,1.0602222681045532,1.1446152925491333,1.048233985900879,0.9017385244369507,1.079825520515442,1.3649564981460571,1.4124715328216553,1.2887825965881348,1.1660584211349487,0.8329290151596069,0.5019114017486572,0.029809556901454926,-0.22606348991394043,0.035742297768592834,0.3094228208065033,0.7394094467163086,0.9880312085151672,1.4133628606796265,1.8415361642837524,0.5341845750808716,-1.9008631706237793,-2.139411687850952,-1.905452847480774
1.222583532333374,1.4385850429534912,1.6413627862930298,1.8026591539382935,1.80277681350708,1.5713069438934326,1.603736162185669,1.592936396598816,1.0005908012390137,0.828070878982544,0.9070155620574951,0.8882118463516235,1.4176609516143799,1.4579105377197266,1.1547937393188477,0.22480034828186035,-1.1192193031311035,-1.4894158840179443,-0.32475900650024414,0.9836423397064209,1.2573825120925903,1.2387641668319702,1.2056610584259033,1.1698254346847534,1.358483076095581,1.5221208333969116,1.4400871992111206,1.1727404594421387,0.8712567090988159,0.5898897051811218,0.3480421006679535,0.29468992352485657,-0.02288617379963398,0.2997772693634033,1.1604723930358887,1.6346213817596436,1.7574536800384521,1.7884145975112915,1.5382353067398071,1.7406291961669922,0.3357653319835663,-1.36888587474823,-1.5915553569793701
1.151505947113037,1.3324860334396362,1.4310778379440308,1.4060076475143433,1.1461756229400635,1.077762246131897,0.6935180425643921,0.4096510112285614,0.4082527756690979,0.6093109250068665,0.5940356254577637,0.7091570496559143,0.6731252670288086,0.5776118040084839,0.7340697050094604,0.8632943630218506,-0.5957733392715454,-1.2736477851867676,0.6382811665534973,1.5304687023162842,1.6424452066421509,1.5302176475524902,1.2970988750457764,1.3395177125930786,1.5004695653915405,1.4859849214553833,1.2973823547363281,0.9230637550354004,0.448892205953598,0.19873428344726562,0.25882411003112793,0.40019333362579346,0.18602187931537628,0.34674686193466187,0.8864694833755493,1.0320841073989868,0.8759416937828064,0.3446750044822693,0.06771024316549301,-0.029756413772702217,0.4808880090713501,-1.2250021696090698,-1.8471877574920654
1.083452820777893,1.1829335689544678,1.2062251567840576,1.025697946548462,0.6024124622344971,0.3316746950149536,0.025593729689717293,-0.33513912558555603,0.17264705896377563,0.49336668848991394,0.41508549451828003,0.3796972334384918,0.0342208594083786,-0.385099321603775,-0.39384856820106506,0.07265667617321014,0.11091460287570953,0.1741752028465271,1.5884153842926025,1.8523766994476318,1.6103214025497437,1.3007756471633911,1.4095865488052368,1.5731148719787598,1.4458798170089722,1.0272068977355957,0.6311632990837097,0.36954283714294434,0.05512323975563049,-0.2005060464143753,-0.2774849534034729,-0.39295729994773865,-0.323131799697876,-0.18748769164085388,-0.24659384787082672,-0.2680400013923645,-0.1955643743276596,-0.5254424810409546,-1.0752474069595337,-1.3567689657211304,-0.9800611734390259,-1.4327393770217896,-2.2589781284332275
1.0781909227371216,1.0806639194488525,1.06637442111969,0.7916463017463684,0.30580487847328186,0.05446721613407135,-0.40910103917121887,-0.6751345992088318,-0.34011924266815186,-0.38503357768058777,-0.4244910776615143,-0.10488978773355484,-0.21343596279621124,-0.7038575410842896,-0.6624566316604614,-0.0629003718495369,0.8175070881843567,1.8722484111785889,1.958290457725525,1.7850826978683472,1.5436804294586182,1.5155426263809204,1.6371269226074219,1.4458503723144531,0.780809760093689,0.3011913597583771,0.0038061332888901234,0.09229734539985657,0.739170253276825,0.6368816494941711,0.3213109076023102,0.1438979208469391,0.3347022533416748,0.36149436235427856,0.21263498067855835,0.08178680390119553,0.26314684748649597,0.29018333554267883,-0.13257481157779694,-0.6368405222892761,-1.080607533454895,-1.476267695426941,-1.8089998960494995
1.1159300804138184,1.0548619031906128,1.0220234394073486,0.5885598659515381,-0.24526748061180115,-0.40329521894454956,-0.7132778167724609,-0.838036060333252,-0.5394325852394104,-0.868391215801239,-1.0522099733352661,-0.7175285816192627,-0.1539071649312973,0.35993850231170654,0.8799539804458618,1.3330116271972656,1.480721116065979,1.8728102445602417,1.7364678382873535,1.8005037307739258,1.8488259315490723,1.7741354703903198,1.4566816091537476,1.0925376415252686,0.6365686655044556,0.6701397895812988,0.6802589893341064,1.3835020065307617,1.943840503692627,1.3891104459762573,1.0690345764160156,1.4062011241912842,1.4093271493911743,1.3120779991149902,1.4151302576065063,1.2806179523468018,0.7710891962051392,0.6089315414428711,0.42115411162376404,-0.07089536637067795,-0.7991204857826233,-0.8771334290504456,-1.1207557916641235
1.2199422121047974,1.1573541164398193,1.0977293252944946,0.6134902834892273,-0.39067399501800537,-0.6443799138069153,-0.9270535707473755,-1.3660070896148682,-0.8913468718528748,-1.023694396018982,-1.3931721448898315,-1.4009627103805542,-0.12404773384332657,1.1913431882858276,1.5638099908828735,1.406306266784668,1.6529908180236816,1.7955348491668701,1.9406429529190063,1.7265819311141968,1.8557655811309814,1.5781606435775757,1.0710986852645874,0.7625207901000977,1.0603113174438477,1.5700576305389404,1.684424877166748,1.8612210750579834,1.2245707511901855,0.5840373635292053,0.6949720978736877,1.6032062768936157,1.414345383644104,1.1047643423080444,0.9384056329727173,0.6417074799537659,-0.03639189898967743,-0.4934617578983307,-0.6104604601860046,-0.6910433769226074,-0.500657856464386,-0.714002788066864,-1.0567299127578735
1.4425309896469116,1.416704773902893,1.375139594078064,0.864874005317688,-0.9455583691596985,-1.2245875597000122,-1.528930902481079,-1.5069729089736938,-1.1875156164169312,-0.23276877403259277,-0.5333341956138611,-0.9803200960159302,0.25883373618125916,0.4933619797229767,0.578151524066925,1.1780399084091187,1.6001536846160889,1.7666927576065063,1.7346774339675903,1.3747144937515259,1.3492796421051025,1.0066131353378296,0.4558272659778595,0.5868179798126221,1.2140411138534546,1.6472392082214355,1.2978999614715576,0.007664661854505539,-0.9563515782356262,-0.6439933180809021,0.8755537867546082,1.9913697242736816,1.5505446195602417,0.6050525307655334,0.1380385011434555,-0.03942255303263664,0.03845547139644623,0.14853540062904358,0.19464391469955444,0.34308868646621704,1.1181206703186035,-0.6928033828735352,-1.7965649366378784
1.6489300727844238,1.6286317110061646,1.6215035915374756,1.2468321323394775,-0.16701951622962952,-0.7920618653297424,-1.436771035194397,-0.8355876803398132,-0.5693138837814331,0.21955186128616333,-0.1195652186870575,0.04831298440694809,0.22933916747570038,0.020213184878230095,0.6423878073692322,0.9425236582756042,0.9815289974212646,1.2222999334335327,1.1041805744171143,0.8741650581359863,0.7538620829582214,0.6555944085121155,0.7547760009765625,1.1454061269760132,1.2806380987167358,1.2356237173080444,0.9011462926864624,0.08134734630584717,-1.2205573320388794,-0.44290676712989807,1.8116995096206665,2.4068055152893066,1.7253267765045166,0.88005530834198,0.5163331031799316,0.4094303548336029,0.6862117648124695,1.3738398551940918,1.8145400285720825,1.4712928533554077,1.2125548124313354,-0.3294684588909149,-2.1726560592651367
1.6940333843231201,1.6500144004821777,1.6419211626052856,1.408945918083191,0.9114678502082825,0.19651630520820618,-0.40624892711639404,-0.2201402187347412,0.6249268054962158,0.35288259387016296,0.22973278164863586,0.3912232220172882,-0.2326398342847824,0.21829994022846222,0.5414968132972717,0.4040448069572449,0.7866778373718262,0.9651195406913757,0.8970206379890442,0.8226945400238037,0.8244351744651794,0.8743365406990051,0.9551924467086792,0.8151004910469055,0.6601464152336121,0.3991776406764984,1.0643349885940552,1.6034057140350342,0.9286779761314392,1.4708139896392822,2.6167917251586914,2.441011667251587,1.8835134506225586,1.5832663774490356,1.1850498914718628,0.9578210711479187,0.9814637899398804,1.4103084802627563,1.5392749309539795,0.93111652135849,0.16261717677116394,-0.10997693240642548,-1.2865521907806396
1.6664845943450928,1.5843793153762817,1.5239933729171753,1.2351006269454956,0.13586658239364624,-0.06961781531572342,0.04150344431400299,0.8618714213371277,1.2919286489486694,1.1163989305496216,0.5536233186721802,-0.08255691081285477,-0.1755766123533249,0.32308608293533325,0.43036672472953796,0.554099440574646,0.9274916052818298,1.0757426023483276,1.0267404317855835,0.6704967617988586,0.3571828007698059,0.3379550278186798,0.27262479066848755,0.3382209241390228,0.49813657999038696,0.3279888927936554,0.6265181303024292,1.485273838043213,2.108027696609497,2.822416305541992,2.8097000122070312,2.0963902473449707,1.4919042587280273,1.2879385948181152,0.9982537031173706,0.8696509599685669,0.8939035534858704,0.8010876774787903,0.5888308882713318,0.4172886312007904,0.07616562396287918,-0.3203672170639038,-0.4375063478946686
1.5748294591903687,1.4388211965560913,1.3400081396102905,1.1353482007980347,0.3072394132614136,-0.09603201597929001,0.23468510806560516,1.098270297050476,0.9844659566879272,1.2877362966537476,0.30680644512176514,-0.5810989737510681,0.20744402706623077,0.8217208981513977,0.367056667804718,0.4936574399471283,1.0096371173858643,1.1802088022232056,0.9386564493179321,0.128060445189476,-0.8898744583129883,-1.0576406717300415,-0.49433207511901855,-0.04100263863801956,0.3409023880958557,0.07434265315532684,-0.8072553277015686,-0.1251547932624817,1.48799467086792,2.2170145511627197,1.912245750427246,1.181125283241272,0.40748658776283264,0.35715943574905396,0.45688918232917786,0.4873714745044708,0.5095619559288025,0.37443581223487854,0.032867029309272766,-0.2115090936422348,-0.4256523549556732,-0.8579363822937012,-1.012309193611145
1.2845332622528076,1.1022133827209473,0.9735704064369202,0.931575357913971,1.2838371992111206,0.7131387591362,0.25618448853492737,0.08415473252534866,0.21752816438674927,0.47818291187286377,-0.021749617531895638,0.20188333094120026,1.0505834817886353,0.9087662696838379,0.1498858481645584,0.8103156685829163,1.19587242603302,1.165196180343628,0.7350695729255676,0.18763749301433563,-0.7812765836715698,-1.6620551347732544,-1.4162216186523438,-0.9125424027442932,-0.324560284614563,-0.2923166751861572,-1.1218734979629517,-0.37069037556648254,0.7194351553916931,1.012786626815796,1.0981180667877197,0.7668662667274475,0.2546757757663727,0.2676425874233246,0.4773520231246948,0.4654693603515625,0.313984751701355,0.24524204432964325,0.07024819403886795,-0.33476170897483826,-0.32042109966278076,-0.6582821011543274,-1.6255241632461548
