demo/1530-wind-surface-level-gfs-1.0.json
{"header": {"productDefinitionTemplate": 0, "surface1Type": 103, "productStatus": 0, "disciplineName": "Meteorological products", "subDivisions": 0, "winds": "true", "parameterNumberName": "V-component_of_wind", "discipline": 0, "surface2Value": 0, "significanceOfRTName": "Start of forecast", "surface2TypeName": "Missing", "surface2Type": 255, "productTypeName": "Forecast products", "dx": 0.024617210030555725, "dy": 0.01798853650689125, "numberPoints": 65160, "productStatusName": "Operational products", "gribEdition": 2, "parameterUnit": "m.s-1", "forecastTime": 0, "refTime": "2020-09-30T13:30:00.000Z", "productType": 1, "genProcessTypeName": "Forecast", "scanMode": 0, "genProcessType": 2, "gribLength": 11338.0, "significanceOfRT": 1, "productDefinitionTemplateName": "Analysis/forecast at horizontal level/layer at a point in time", "centerName": "WRF OUTPUT", "la1": 43.66691207885742, "la2": 42.426788330078125, "lo2": 13.70867919921875, "gridUnits": "degrees", "surface1Value": 10, "shapeName": "Earth spherical with radius of 6,371,229.0 m", "surface1TypeName": "Specified height level above ground", "nx": 70.0, "ny": 70.0, "lo1": 12.008544921875, "basicAngle": 0, "gridDefinitionTemplate": 0, "shape": 6, "parameterNumber": 3, "subcenter": 0, "parameterCategoryName": "Momentum", "parameterCategory": 2, "center": 0, "gridDefinitionTemplateName": "Latitude_Longitude", "resolution": 48}, "data":
[rows 38 to 56 of 70, columns 0 to 42 of 70]
1.0008375644683838,0.784911572933197,0.6226524710655212,0.5667212605476379,1.1179828643798828,1.0506869554519653,0.37742137908935547,-0.4369918704032898,-0.9052372574806213,-1.5144559144973755,-1.2842215299606323,0.8092160820960999,1.27094304561615,0.6806426048278809,0.5788224935531616,1.2548071146011353,1.1493229866027832,0.8273407220840454,0.7202736139297485,1.0261939764022827,0.6694775819778442,-1.0475002527236938,-1.7672216892242432,-1.2392536401748657,-0.8135175704956055,-0.3937939703464508,-0.5941406488418579,-0.29955700039863586,-0.4123297333717346,0.1756402850151062,0.7224885821342468,0.6314976811408997,0.38788914680480957,0.1759786605834961,0.08024261146783829,0.09202653169631958,0.11628061532974243,0.09237769991159439,0.19099989533424377,0.23477333784103394,0.22462992370128632,-0.13354767858982086,-1.3796138763427734
0.9144232869148254,0.654620349407196,0.44352179765701294,0.2709018588066101,0.006805135868489742,0.010727801360189915,0.05036987364292145,0.11440019309520721,-0.07549099624156952,-0.9762037396430969,-0.12339078634977341,1.1030136346817017,1.1949336528778076,0.5892300605773926,0.6894524693489075,1.027370810508728,1.0973681211471558,0.7700015902519226,1.016194224357605,1.537493348121643,1.7645139694213867,0.3910673260688782,-1.1338086128234863,-0.7222114205360413,-0.568161129951477,-0.8382061719894409,-0.7244301438331604,-0.646599531173706,-0.043183621019124985,0.8994505405426025,1.2763489484786987,1.0092171430587769,1.049485206604004,0.5951285362243652,-0.5127853155136108,-1.0218042135238647,-0.746231734752655,-0.49859896302223206,-0.13973642885684967,0.3549332618713379,0.3412642180919647,0.9301412105560303,-0.4167226552963257
0.9068772792816162,0.6459444165229797,0.42141759395599365,0.2413286417722702,-0.2807893455028534,-0.6634911894798279,-0.5528252720832825,0.9719288349151611,1.8795604705810547,1.724653720855713,1.6634635925292969,1.0867667198181152,0.9811906218528748,0.605568528175354,0.832817792892456,1.0231304168701172,1.2901862859725952,1.0994749069213867,0.8525760173797607,0.4552404284477234,0.7261183857917786,0.4659089148044586,-0.810860812664032,-0.9588879346847534,-0.9002205729484558,-0.986905038356781,-0.5154158473014832,0.02180805802345276,0.5745508670806885,0.8720147609710693,1.0834449529647827,1.4616142511367798,1.9910194873809814,1.551310420036316,0.466402143239975,-0.7914209961891174,-1.3408821821212769,-1.1729954481124878,-0.8139097690582275,-0.1521419733762741,0.7503713369369507,2.065685749053955,2.123298168182373
0.9939020276069641,0.7530825734138489,0.5524246096611023,0.5148971080780029,0.7224580645561218,0.5462899804115295,0.4013962149620056,1.327013373374939,1.351731777191162,1.3170838356018066,0.8220216631889343,0.3390885293483734,0.28636789321899414,0.3520664870738983,0.81712406873703,1.1752376556396484,1.6134577989578247,1.361670732498169,0.8466916680335999,-0.681117057800293,-1.0705305337905884,-0.055537205189466476,-0.1554936170578003,-1.8050017356872559,-2.018939971923828,-1.0734734535217285,-0.6281020641326904,-0.19537357985973358,0.08228214830160141,0.412380188703537,0.868028461933136,1.6370350122451782,1.707134485244751,1.3010201454162598,1.1345925331115723,0.414974570274353,-0.4155232906341553,-1.061619758605957,-0.9206473231315613,0.09056615829467773,1.0072194337844849,2.2260355949401855,3.0326738357543945
1.2517009973526,1.066329002380371,0.9259040951728821,0.908714234828949,1.5047632455825806,1.5643709897994995,1.2882333993911743,1.3653159141540527,0.941512942314148,0.3485203981399536,0.1621108204126358,-0.062364958226680756,-0.6792041659355164,-0.7576695084571838,0.9213557243347168,1.4302846193313599,1.888192892074585,1.36286461353302,0.9544258713722229,-0.11712207645177841,-0.7935976982116699,0.07839777320623398,0.6649461984634399,-0.016658008098602295,0.02822665497660637,0.8083400726318359,0.026007037609815598,-0.7295725345611572,-0.28448429703712463,0.24428796768188477,0.9547783136367798,1.2899621725082397,0.931895911693573,0.6085046529769897,0.5242284536361694,0.21938225626945496,-0.23723191022872925,-0.3345020115375519,0.6465792059898376,1.344809651374817,1.465311050415039,2.406456708908081,2.4198758602142334
1.5230361223220825,1.388999342918396,1.25327467918396,1.1115909814834595,0.9977560639381409,1.0342158079147339,0.9771753549575806,1.3329919576644897,1.1092290878295898,0.38255971670150757,0.32124844193458557,-0.036366917192935944,-1.4358601570129395,-0.7473123073577881,1.2837191820144653,1.491011142730713,1.7921620607376099,1.2717554569244385,0.885635495185852,0.888859212398529,0.06695897877216339,-0.21449583768844604,0.2825906276702881,1.0220940113067627,1.2134205102920532,1.2356983423233032,0.8696355819702148,-0.3703523278236389,-0.5448600053787231,-0.15595301985740662,0.812125027179718,0.9572007656097412,0.6335466504096985,0.8593639731407166,0.9869577884674072,0.42600107192993164,-0.4000163674354553,0.7772721648216248,1.8910691738128662,1.945514440536499,2.0877273082733154,2.2569289207458496,1.8482401371002197
1.6224638223648071,1.5433971881866455,1.4068100452423096,1.161476969718933,0.8488258719444275,1.2235006093978882,1.3900562524795532,1.0525755882263184,0.7120888829231262,-0.41968834400177,-0.36374640464782715,-0.5399229526519775,-0.5230093002319336,1.3714065551757812,1.5024851560592651,1.254372477531433,1.482937216758728,1.1134729385375977,0.8078940510749817,1.2733752727508545,-0.03390360251069069,-0.6047080755233765,-0.3386116027832031,-0.35800981521606445,0.2181015908718109,0.8330175876617432,1.3226318359375,0.7915756702423096,-0.21673670411109924,-0.07401567697525024,0.689871072769165,1.0117100477218628,1.1776092052459717,2.022181987762451,2.546295404434204,1.8599101305007935,0.5221983194351196,1.7388298511505127,2.7054762840270996,2.3989880084991455,2.2073304653167725,1.3912721872329712,0.24829953908920288
1.674143671989441,1.5866023302078247,1.47943115234375,1.259724736213684,1.0244534015655518,0.8380277156829834,1.106214165687561,0.4992927312850952,0.37027454376220703,-0.17220167815685272,-0.5370177626609802,-0.6704356074333191,1.1714180707931519,1.3803863525390625,0.9079498052597046,1.1111373901367188,1.413738489151001,0.9052897691726685,0.6608771085739136,1.3574447631835938,0.7918487787246704,-0.42054441571235657,-0.8675093054771423,-0.9137466549873352,-0.13243292272090912,0.5248544216156006,0.7142577171325684,0.5799654722213745,-0.20861412584781647,-0.6155831813812256,-0.35773152112960815,0.6369150876998901,1.6438982486724854,2.4973244667053223,2.756556272506714,2.062809944152832,0.8797940611839294,2.37589168548584,3.287675619125366,2.54268479347229,1.5856622457504272,0.2809186577796936,-0.9307335615158081
1.6258457899093628,1.5392483472824097,1.448329210281372,1.314261555671692,0.9495735764503479,0.5455206632614136,0.6494052410125732,0.4370463490486145,-0.3337247669696808,-0.6848192811012268,-0.8200455904006958,0.40742257237434387,1.2193526029586792,-0.31927794218063354,0.3617672324180603,1.4548532962799072,1.4697846174240112,0.6676865816116333,0.7235256433486938,1.0514894723892212,1.3216572999954224,0.9143814444541931,-0.8859754800796509,-1.1202744245529175,-0.8662269711494446,-0.664529025554657,-0.3052886724472046,-0.43625253438949585,-0.657439649105072,-0.8917941451072693,-1.0649659633636475,-0.1744198203086853,1.21239173412323,1.882501244544983,1.641046166419983,1.1249544620513916,1.0629583597183228,2.90341854095459,2.935927391052246,1.8539915084838867,0.791654109954834,0.18898487091064453,-0.3337421715259552
1.3715842962265015,1.3476881980895996,1.3141939640045166,1.2626969814300537,1.3719254732131958,1.2275198698043823,1.0686450004577637,0.7778619527816772,-0.15748834609985352,-0.7216321229934692,-0.17617695033550262,1.1175297498703003,0.03472105413675308,-0.5851738452911377,1.2055699825286865,1.9259095191955566,1.3772971630096436,0.6026037931442261,0.7738908529281616,1.22272527217865,1.4110983610153198,2.35726261138916,0.5855931043624878,-1.1802839040756226,-1.0762712955474854,-0.4049146771430969,0.23995940387248993,0.4002372622489929,-0.35548731684684753,-1.043180227279663,-1.2732716798782349,-1.122341275215149,0.09406136721372604,0.6038429737091064,0.43897488713264465,0.6930364966392517,1.8914668560028076,2.8100063800811768,1.976496934890747,1.0372586250305176,1.0932362079620361,1.3789794445037842,1.3257633447647095
1.1478331089019775,1.1429953575134277,1.1438987255096436,1.0805467367172241,1.264312744140625,1.1116682291030884,1.046692132949829,1.0892741680145264,1.0018174648284912,1.1920479536056519,1.4970743656158447,1.24097740650177,0.29591232538223267,1.1822998523712158,2.590668201446533,2.235367774963379,1.362419605255127,0.7105078101158142,0.7273014783859253,1.6572810411453247,1.9644098281860352,2.552029848098755,2.063000202178955,0.3509277403354645,-0.7594457864761353,-0.4324133098125458,0.2236560434103012,0.3418489098548889,-0.19348940253257751,-0.7426450848579407,-0.3745289742946625,-0.9593778848648071,-0.7359466552734375,-0.4892295002937317,-0.6540970206260681,1.2169535160064697,2.6287317276000977,2.127002716064453,0.8558149933815002,0.3514074981212616,0.8586894273757935,1.3472809791564941,1.6553609371185303
1.1325269937515259,1.1230007410049438,1.1082046031951904,1.0249006748199463,0.8742164373397827,0.7513830661773682,1.065016269683838,1.3016360998153687,1.6076310873031616,2.174752950668335,2.3454508781433105,1.8698283433914185,1.6777013540267944,2.5603299140930176,2.428222894668579,1.4790087938308716,0.8902884125709534,0.5391445755958557,0.5463971495628357,1.2256172895431519,1.3464988470077515,1.7544167041778564,1.9908602237701416,1.6370048522949219,-0.6359716653823853,-1.2325160503387451,-0.6934885382652283,-0.9404394030570984,-0.3384355306625366,0.5972080826759338,1.0386326313018799,0.37674444913864136,0.1335832178592682,0.0168132483959198,0.5715462565422058,2.457742929458618,2.6231956481933594,1.3721500635147095,0.42926380038261414,-0.0033936272375285625,-0.4800134003162384,-0.43125128746032715,0.050380513072013855
1.1498202085494995,1.154158592224121,1.1078823804855347,1.0902659893035889,1.130496859550476,1.1309341192245483,1.3802896738052368,1.1707806587219238,1.4560785293579102,2.014204978942871,2.310974359512329,2.2723164558410645,2.236438274383545,2.073550224304199,1.1735682487487793,0.2574476897716522,0.13717222213745117,0.1270991712808609,0.2728199362754822,1.115616798400879,1.2562532424926758,1.3851609230041504,1.7391618490219116,1.879555106163025,0.7057307958602905,-1.2388718128204346,-0.8742911219596863,-0.3787819743156433,0.8546220660209656,1.3188731670379639,1.0395456552505493,0.7925902009010315,0.39023759961128235,0.277370810508728,2.245433807373047,2.544041156768799,1.6598819494247437,0.6627103090286255,0.19421277940273285,-0.2335977405309677,-0.9238057136535645,-1.4611870050430298,-1.4045944213867188
1.2710212469100952,1.2336642742156982,1.1123921871185303,1.121443748474121,1.4448063373565674,1.4622465372085571,0.9477880001068115,0.7284810543060303,1.5167874097824097,1.966303825378418,1.9812095165252686,1.9012846946716309,1.3652949333190918,0.7817151546478271,0.07797131687402725,-0.5711009502410889,-0.5143072009086609,-0.470432847738266,-0.07064978778362274,1.4585511684417725,2.0420913696289062,1.7345165014266968,1.7640094757080078,2.007413864135742,2.2075281143188477,0.9013513922691345,0.8278706073760986,1.1047388315200806,1.197645902633667,0.6011149287223816,0.03300539776682854,-0.3087189495563507,-0.8326337933540344,-0.09022500365972519,1.7557257413864136,1.182273507118225,0.41170734167099,-0.13259649276733398,-0.4775783121585846,-0.6768585443496704,-0.4520145654678345,-0.865685224533081,-1.0163836479187012
1.593576431274414,1.3951294422149658,1.2001456022262573,1.0847162008285522,0.9174181818962097,0.626599907875061,0.3467938005924225,0.8308727741241455,1.580698847770691,1.4049229621887207,1.1951220035552979,0.8505873084068298,-0.10059019923210144,-0.3665759265422821,-0.2948111593723297,-0.1982785165309906,-0.28362879157066345,-0.1776071935892105,0.31805965304374695,1.7567627429962158,2.4327645301818848,2.3560638427734375,1.8749974966049194,1.512563705444336,1.3530579805374146,1.679909348487854,1.4323216676712036,0.6748759150505066,-0.10710639506578445,-0.23306593298912048,-0.5457623600959778,-0.9388166069984436,-1.2378594875335693,0.22115513682365417,1.075778841972351,1.0269699096679688,1.1828068494796753,0.8484359979629517,0.5035735964775085,0.6539267897605896,0.9425554275512695,0.27469655871391296,0.2516178786754608
1.8571288585662842,1.4861587285995483,1.26235830783844,1.0910512208938599,0.6080741286277771,0.33881527185440063,0.7111991047859192,0.8431746363639832,1.1081632375717163,0.2239435315132141,-0.3144412040710449,0.071522556245327,0.14830034971237183,0.1853128969669342,0.5368709564208984,1.66806960105896,1.7456063032150269,1.2361589670181274,1.2257649898529053,1.840438961982727,2.1483073234558105,2.351577043533325,2.1387264728546143,1.1441948413848877,0.6990587711334229,1.0206080675125122,0.6693712472915649,-0.3185752034187317,-1.0352630615234375,-0.8736225962638855,-0.6882002949714661,-1.1145226955413818,-0.45829159021377563,1.5253044366836548,1.9558686017990112,1.754135251045227,2.1323328018188477,2.1346206665039062,1.3327879905700684,1.2671605348587036,1.4166488647460938,0.6451663970947266,-0.000980553450062871
1.8573815822601318,1.449514627456665,1.2475457191467285,1.039658546447754,0.6881131529808044,0.7579298615455627,1.1841487884521484,1.0268499851226807,1.1112123727798462,0.9099348187446594,0.43747958540916443,1.0587118864059448,1.2888059616088867,0.9689710140228271,1.5527260303497314,2.5021326541900635,2.587085008621216,1.809436321258545,1.6589232683181763,1.7120990753173828,1.8437800407409668,2.01077938079834,2.2077035903930664,1.5769033432006836,1.0668070316314697,0.8327603340148926,0.7119033932685852,0.35121169686317444,-0.613349437713623,-0.41617441177368164,0.4796767830848694,-0.11948025226593018,1.2008235454559326,2.737421751022339,2.9826886653900146,2.282545804977417,1.7095845937728882,1.467698574066162,0.9628469347953796,1.1384952068328857,1.6926301717758179,1.5125017166137695,0.07252413779497147
1.8042560815811157,1.4065099954605103,1.2246224880218506,0.992584228515625,0.746479332447052,0.9704833626747131,1.3755439519882202,1.6222468614578247,1.608683466911316,2.0592093467712402,2.1972038745880127,2.140422821044922,1.5611319541931152,0.653623104095459,0.9343240857124329,1.1401289701461792,1.544910192489624,2.016594886779785,2.076678514480591,1.5528231859207153,2.1363978385925293,2.425784111022949,2.2034313678741455,1.9859235286712646,1.1801936626434326,1.0853943824768066,2.069423198699951,1.9272453784942627,1.0926316976547241,1.6435922384262085,2.4382176399230957,2.534231185913086,2.769056558609009,2.6346631050109863,2.897357940673828,2.510272741317749,1.6149766445159912,1.2090939283370972,1.726004958152771,2.6958296298980713,2.8612844944000244,2.739518642425537,1.567944049835205
1.6306910514831543,1.3068749904632568,1.1413147449493408,0.9453846216201782,0.9500738382339478,1.1862483024597168,1.0722495317459106,1.0757293701171875,0.9746285080909729,1.2016340494155884,1.8820559978485107,2.114755868911743,1.7423756122589111,1.2723757028579712,0.3005056083202362,-0.2897026836872101,0.44207680225372314,1.7552053928375244,1.9723641872406006,1.7545937299728394,2.5981009006500244,2.7815699577331543,2.353053331375122,2.035905122756958,1.5365004539489746,1.7824652194976807,2.9137730598449707,2.543095111846924,2.3098626136779785,2.5592849254608154,2.7475333213806152,3.0448999404907227,3.0943150520324707,2.5452167987823486,1.8862109184265137,1.7056663036346436,1.4678466320037842,1.3105050325393677,2.2603981494903564,2.7245025634765625,2.597254753112793,2.2915561199188232,1.710158348083496
