demo/1630-wind-surface-level-gfs-1.0.json
{"header": {"productDefinitionTemplate": 0, "surface1Type": 103, "productStatus": 0, "disciplineName": "Meteorological products", "subDivisions": 0, "winds": "true", "parameterNumberName": "V-component_of_wind", "discipline": 0, "surface2Value": 0, "significanceOfRTName": "Start of forecast", "surface2TypeName": "Missing", "surface2Type": 255, "productTypeName": "Forecast products", "dx": 0.024617210030555725, "dy": 0.01798853650689125, "numberPoints": 65160, "productStatusName": "Operational products", "gribEdition": 2, "parameterUnit": "m.s-1", "forecastTime": 0, "refTime": "2020-09-30T14:30:00.000Z", "productType": 1, "genProcessTypeName": "Forecast", "scanMode": 0, "genProcessType": 2, "gribLength": 11338.0, "significanceOfRT": 1, "productDefinitionTemplateName": "Analysis/forecast at horizontal level/layer at a point in time", "centerName": "WRF OUTPUT", "la1": 43.66691207885742, "la2": 42.426788330078125, "lo2": 13.70867919921875, "gridUnits": "degrees", "surface1Value": 10, "shapeName": "Earth spherical with radius of 6,371,229.0 m", "surface1TypeName": "Specified height level above ground", "nx": 70.0, "ny": 70.0, "lo1": 12.008544921875, "basicAngle": 0, "gridDefinitionTemplate": 0, "shape": 6, "parameterNumber": 3, "subcenter": 0, "parameterCategoryName": "Momentum", "parameterCategory": 2, "center": 0, "gridDefinitionTemplateName": "Latitude_Longitude", "resolution": 48}, "data":
[rows 0 to 18 of 70, columns 0 to 42 of 70]
1.3743233680725098,1.444201946258545,1.9513386487960815,1.887225866317749,1.6412842273712158,1.6802489757537842,1.478637933731079,1.29446280002594,1.1261401176452637,1.2042278051376343,0.4552481174468994,0.45375001430511475,0.30128902196884155,-0.06701232492923737,-0.3125608563423157,-0.4265249967575073,-0.5609920620918274,-0.6709566712379456,-0.8436968922615051,-1.1977072954177856,-1.3081035614013672,-1.5162334442138672,-1.3961310386657715,-1.1093195676803589,-0.8177191019058228,-0.6001136302947998,-0.4616820216178894,-0.21997350454330444,-0.2041005790233612,-0.3177521824836731,-0.4896119236946106,-0.6170840263366699,-0.887222945690155,-1.1147093772888184,-1.2415573596954346,-1.5264332294464111,-1.9060801267623901,-2.098248243331909,-2.1774535179138184,-2.1704394817352295,-2.2447011470794678,-2.304811954498291,-2.25004506111145
1.5400526523590088,1.6054223775863647,2.106654405593872,1.9807984828948975,1.706979751586914,1.7307064533233643,1.4402515888214111,1.2163716554641724,0.9913161396980286,1.0517785549163818,0.33411985635757446,0.4258423447608948,0.3870355784893036,0.04697314277291298,-0.20722360908985138,-0.3789731562137604,-0.5330257415771484,-0.6834339499473572,-0.9126858115196228,-1.2937121391296387,-1.2757943868637085,-1.4078600406646729,-1.2306272983551025,-0.9416326284408569,-0.6778260469436646,-0.5148119926452637,-0.38888201117515564,-0.13738566637039185,-0.13333076238632202,-0.27483245730400085,-0.47529342770576477,-0.6180967092514038,-0.9026994109153748,-1.119261622428894,-1.2090325355529785,-1.4267328977584839,-1.7947765588760376,-1.9623066186904907,-2.019594430923462,-2.031923770904541,-2.179523229598999,-2.2626473903656006,-2.210301637649536
1.8923814296722412,2.016430377960205,2.0565998554229736,1.91156804561615,1.7932395935058594,1.7435575723648071,1.5981082916259766,1.5539253950119019,1.3320753574371338,1.1448967456817627,0.8885398507118225,0.7909708023071289,0.6343048214912415,0.3765237033367157,0.1238136813044548,-0.18059565126895905,-0.407039612531662,-0.6082524061203003,-0.721405565738678,-0.7344512343406677,-0.4353698194026947,-0.30751684308052063,-0.22248885035514832,-0.1985214650630951,-0.22201181948184967,-0.3030363917350769,-0.3358427584171295,-0.3175242841243744,-0.37909984588623047,-0.4987525939941406,-0.6549882888793945,-0.8564816117286682,-1.0968087911605835,-1.2951080799102783,-1.46513831615448,-1.686346411705017,-1.859770655632019,-1.9967036247253418,-2.096275568008423,-2.1891510486602783,-2.2928121089935303,-2.3481218814849854,-2.343982458114624
2.294196605682373,2.1532716751098633,2.0607101917266846,1.8888639211654663,1.6390533447265625,1.4017302989959717,1.0905823707580566,1.1224342584609985,1.1758770942687988,1.2154606580734253,1.167111873626709,1.1187586784362793,0.8900467753410339,0.5663620829582214,0.4065442383289337,0.21980489790439606,-0.11421560496091843,-0.48017755150794983,-0.4604742228984833,-0.29446280002593994,-0.12279801070690155,-0.2229502946138382,-0.290298730134964,-0.31894567608833313,-0.41300123929977417,-0.751862645149231,-0.6742463707923889,-0.41274797916412354,-0.24610906839370728,-0.3748335540294647,-0.38611575961112976,-0.6714087724685669,-0.9032076597213745,-1.0760307312011719,-1.2905008792877197,-1.6376585960388184,-1.8784358501434326,-2.0946810245513916,-2.2604823112487793,-2.307223081588745,-2.26824688911438,-2.2377841472625732,-2.221644401550293
2.363945484161377,2.131542921066284,2.039895534515381,1.9354724884033203,1.5815539360046387,1.325109839439392,1.514492154121399,1.4492502212524414,1.530126690864563,1.3520324230194092,1.0015482902526855,0.7444770336151123,0.6542646884918213,0.5470170974731445,0.5236208438873291,0.28946512937545776,-0.10236810892820358,-0.3157897889614105,-0.33141008019447327,-0.3770442605018616,-0.06414366513490677,0.1651882529258728,0.23535043001174927,0.29596924781799316,-0.009019619785249233,-0.6517651081085205,-1.0690860748291016,-0.4161134660243988,0.09128060936927795,-0.11353446543216705,-0.525012731552124,-0.7975946664810181,-1.0137302875518799,-1.2066466808319092,-1.5443711280822754,-1.857763409614563,-2.01430606842041,-2.1201059818267822,-2.1944618225097656,-2.2634568214416504,-2.265026569366455,-2.3596978187561035,-2.295116662979126
2.2999842166900635,2.060986042022705,1.9677343368530273,1.8818284273147583,1.5617164373397827,1.5646523237228394,1.8749139308929443,1.7094742059707642,1.5055526494979858,0.9730644822120667,0.6085922718048096,0.46771717071533203,0.6544855237007141,0.7007306218147278,0.5944980382919312,0.3892708420753479,0.29039087891578674,0.230148583650589,0.04707072302699089,0.18402878940105438,0.8136699795722961,0.8382535576820374,0.43977105617523193,0.053995054215192795,-0.43593886494636536,-0.4186007082462311,-0.40568429231643677,-0.171329528093338,-0.010023527778685093,-0.32109758257865906,-1.0670310258865356,-1.3438109159469604,-1.483939290046692,-1.6530369520187378,-1.8833831548690796,-1.8846523761749268,-1.8585423231124878,-1.8964715003967285,-2.007573127746582,-2.1836369037628174,-2.41534423828125,-2.580488681793213,-2.3418843746185303
2.0923352241516113,1.826960563659668,1.7870957851409912,1.6944363117218018,1.4496078491210938,1.3458997011184692,1.241995930671692,1.2286773920059204,1.1472002267837524,0.8438479900360107,0.8801681995391846,0.9857372045516968,1.0086019039154053,0.9073723554611206,0.6769338846206665,0.5886533856391907,0.5384633541107178,0.389408141374588,0.27662038803100586,0.7051807045936584,0.7817042469978333,0.2399393767118454,-0.43693646788597107,-0.8249428868293762,-0.5393083095550537,-0.12614654004573822,-0.09107910096645355,-0.6819429993629456,-1.0800410509109497,-1.2733210325241089,-1.461127519607544,-1.5768935680389404,-1.6158385276794434,-1.5675467252731323,-1.278188705444336,-1.1231755018234253,-1.1139074563980103,-1.429356575012207,-1.8985568284988403,-2.206897735595703,-2.285167932510376,-2.0989139080047607,-1.9278749227523804
1.618208408355713,1.4542725086212158,1.4373173713684082,1.4055416584014893,1.1424100399017334,1.01552152633667,1.0585711002349854,0.9851106405258179,0.9273548722267151,0.8649871945381165,0.7345437407493591,0.7870393395423889,0.8120042681694031,0.9436831474304199,1.0453730821609497,0.8315110206604004,0.7128803730010986,0.7039515376091003,0.7477473020553589,0.8207431435585022,0.6162450313568115,0.2926519513130188,0.6105432510375977,1.0938118696212769,1.6967328786849976,0.9774021506309509,-1.0004775524139404,-1.9701874256134033,-2.648310899734497,-2.6073544025421143,-2.281251907348633,-2.0253713130950928,-1.9328639507293701,-1.6074515581130981,-0.9789486527442932,-0.7635427713394165,-0.6401702165603638,-0.7279860377311707,-1.2268868684768677,-1.5956181287765503,-1.5480254888534546,-1.3529918193817139,-1.4911688566207886
1.1758657693862915,1.0679141283035278,1.1333794593811035,1.1048892736434937,0.8340446352958679,0.8008743524551392,0.7089508175849915,0.5816843509674072,0.39159706234931946,0.5185531377792358,0.7927114963531494,0.9939855933189392,1.2301907539367676,1.8247283697128296,1.9081764221191406,1.7430516481399536,1.7608842849731445,1.6306225061416626,1.4610291719436646,1.2527835369110107,1.0005593299865723,0.749470591545105,1.4853266477584839,1.9823211431503296,1.96034574508667,0.8840686678886414,-0.4670150876045227,-1.1744866371154785,-2.0095605850219727,-2.726247787475586,-2.782594680786133,-2.267800807952881,-1.9490422010421753,-1.6168949604034424,-1.223106861114502,-1.079532504081726,-0.8088156580924988,-0.5173326730728149,-0.8820524215698242,-0.9109512567520142,-0.7918457388877869,-0.6408383250236511,-0.9174028038978577
0.8904252052307129,0.8753364086151123,0.9074392318725586,0.8634472489356995,0.6617447733879089,0.5742006897926331,0.36226630210876465,0.2590366303920746,0.19214151799678802,0.2615317702293396,0.9529333114624023,1.3517801761627197,1.6634705066680908,2.2422430515289307,1.944379210472107,1.8024052381515503,1.7886954545974731,1.5154218673706055,1.262201189994812,0.8094080686569214,0.5331113934516907,0.6850435733795166,0.780304491519928,0.40590140223503113,0.11954417079687119,0.8951596617698669,1.5481534004211426,0.7423080801963806,-0.4659736454486847,-1.5704054832458496,-2.602123498916626,-2.3852367401123047,-1.8737993240356445,-1.5428643226623535,-1.323641061782837,-1.3840843439102173,-1.1068658828735352,-0.809794008731842,-1.2874319553375244,-1.312943458557129,-0.8000620603561401,-0.5189542174339294,-0.7803224921226501
0.702063262462616,0.6625707149505615,0.6993979215621948,0.6733478307723999,0.5994710922241211,0.7081432938575745,0.5697380304336548,0.3809686005115509,0.32526618242263794,0.5359138250350952,1.3591934442520142,1.9487149715423584,1.8584855794906616,1.7135392427444458,1.2244714498519897,0.952935516834259,0.8172123432159424,0.7632322311401367,0.9084600806236267,0.6336570978164673,0.7521256804466248,1.4072556495666504,1.1544616222381592,0.4466439187526703,0.02003561146557331,1.0215381383895874,1.5548443794250488,1.4596314430236816,0.4737982451915741,-0.6920316815376282,-1.0124754905700684,-1.5557883977890015,-1.641941785812378,-1.904997706413269,-1.7969741821289062,-1.9409234523773193,-1.9079065322875977,-1.8193333148956299,-1.9498074054718018,-1.9164183139801025,-1.3883557319641113,-1.1440649032592773,-0.8381197452545166
0.6411652565002441,0.4682645797729492,0.49809688329696655,0.5376259684562683,0.7061575651168823,1.0826642513275146,0.9986017942428589,0.8850385546684265,0.2543070316314697,0.8059882521629333,1.649794101715088,1.9269020557403564,1.5460752248764038,1.0840442180633545,0.8756633400917053,0.8166448473930359,0.6825590133666992,0.9984636306762695,1.5173293352127075,1.3526207208633423,1.4323937892913818,1.6688710451126099,1.474500060081482,1.0590628385543823,0.7105613946914673,0.4503716826438904,0.47080299258232117,1.2411253452301025,1.322941780090332,0.2294304370880127,-0.6729466915130615,-1.3937439918518066,-1.7050164937973022,-1.9435365200042725,-2.092911720275879,-2.744575023651123,-2.973085403442383,-2.6733150482177734,-2.249135971069336,-1.1082803010940552,-1.092148780822754,-0.9597703218460083,-0.47458022832870483
0.6419892907142639,0.42533862590789795,0.3814612329006195,0.33445224165916443,0.2789323329925537,0.2870953679084778,0.35861533880233765,0.3129277527332306,0.3028966188430786,0.5060446262359619,0.33269405364990234,0.15995557606220245,0.38743168115615845,0.6051638126373291,0.9305475950241089,1.2064508199691772,1.3920336961746216,1.8211262226104736,2.0476365089416504,1.785828709602356,1.434617042541504,1.3010118007659912,1.1830648183822632,1.1909128427505493,1.0290777683258057,0.6906111836433411,0.40039321780204773,0.24665944278240204,0.5118677616119385,1.0287282466888428,-0.05720570683479309,-0.6085648536682129,-1.7789959907531738,-1.9289429187774658,-1.3945708274841309,-2.1510732173919678,-2.440938949584961,-1.857843041419983,-1.216441035270691,-0.16615897417068481,-0.2843377888202667,-0.21294274926185608,-0.3126487135887146
0.6427649855613708,0.46933048963546753,0.3357175886631012,0.2280094474554062,0.12440164387226105,-0.11769849061965942,-0.035147663205862045,0.3456897735595703,1.058613896369934,1.2974872589111328,0.6741945147514343,0.3162776827812195,0.5202341079711914,1.162428855895996,1.4816255569458008,1.6352037191390991,1.7407783269882202,1.6722962856292725,1.480573058128357,1.2052868604660034,0.9991291761398315,0.9716920852661133,1.03493332862854,1.0260517597198486,1.037834882736206,0.6435173153877258,0.018410375341773033,-0.6257143020629883,-0.5709401965141296,0.4627053141593933,0.9279109835624695,0.6646425724029541,0.0878247618675232,-1.0837417840957642,-1.3879501819610596,-1.6635053157806396,-1.6911089420318604,-1.3037148714065552,-0.49406835436820984,-0.20472463965415955,0.18995071947574615,0.07860017567873001,-0.461150199174881
0.6326689720153809,0.5191897749900818,0.3431883156299591,0.25126832723617554,0.22256647050380707,-0.05690854415297508,0.2071741223335266,0.5511177778244019,1.1303811073303223,1.6766297817230225,1.719976544380188,1.5421404838562012,1.2985787391662598,1.623884677886963,1.3875693082809448,1.488547682762146,1.3978488445281982,1.141992449760437,0.9109023213386536,0.7484897375106812,0.9569003582000732,1.0300463438034058,0.7572041749954224,0.22074417769908905,-0.022747516632080078,-0.18189674615859985,-0.5070422291755676,-0.4340565800666809,0.27676159143447876,0.4617849886417389,0.4349871277809143,0.6163081526756287,0.9132212996482849,-0.26425066590309143,-1.8115551471710205,-2.053241014480591,-1.866701602935791,-1.7405750751495361,-0.9853023290634155,-1.008976936340332,-0.18090379238128662,-0.301574170589447,-0.7650483250617981
0.6857767105102539,0.582805335521698,0.4037429094314575,0.3226493000984192,0.28547176718711853,0.13460533320903778,0.4442102015018463,0.500621497631073,1.0758548974990845,1.3856661319732666,1.595772385597229,1.5635713338851929,1.3402373790740967,1.282971739768982,1.066145896911621,1.3700613975524902,1.1619325876235962,0.7876627445220947,0.5164487957954407,0.8611311912536621,1.638392448425293,1.4932610988616943,1.135380744934082,0.6957932710647583,0.3348771929740906,0.3130847215652466,0.4429391622543335,0.9389156699180603,1.6541937589645386,1.7430235147476196,0.6950655579566956,0.08173268288373947,-0.26430606842041016,-0.3952384889125824,-0.6328129768371582,-0.8316870331764221,-0.7518308758735657,-1.4965710639953613,-1.0580483675003052,-1.613736867904663,-1.171083927154541,-0.9474515914916992,-1.0698697566986084
0.7801333069801331,0.6626767516136169,0.5068740844726562,0.4415312707424164,0.5184462070465088,0.6824293732643127,0.885333240032196,0.9792273640632629,1.4644863605499268,1.5804383754730225,1.3736400604248047,1.0660024881362915,1.157101035118103,1.376523733139038,1.4106651544570923,1.08089017868042,0.3130718469619751,-0.12863120436668396,0.7043418288230896,1.5514425039291382,1.7555625438690186,1.4210600852966309,1.3595690727233887,1.2081634998321533,0.9200376272201538,0.9010629653930664,1.1706169843673706,1.4632675647735596,1.5577980279922485,1.8048028945922852,1.198767066001892,0.2375776618719101,0.07418900728225708,0.5094298720359802,0.7200987935066223,-0.09479514509439468,-0.04164549708366394,-1.1171034574508667,-1.1249432563781738,-0.990653395652771,-1.6727385520935059,-1.2864434719085693,-1.4020371437072754
0.9077266454696655,0.807249903678894,0.6988205313682556,0.6753440499305725,0.7371234893798828,0.7978638410568237,1.007358193397522,1.17721688747406,1.6631112098693848,1.594778299331665,0.9829915165901184,0.6752811074256897,1.2904242277145386,1.7311190366744995,1.6158024072647095,0.5412641167640686,0.06718973815441132,0.6771990060806274,1.66754150390625,1.601661205291748,0.6167213916778564,0.027549615129828453,0.000702299177646637,0.2947169244289398,0.7352467775344849,1.0635911226272583,1.1232085227966309,1.022812843322754,0.9634595513343811,1.0571262836456299,1.7380220890045166,1.703115463256836,1.124988079071045,1.3771610260009766,1.488823652267456,0.6505389213562012,0.3643017113208771,-0.4040827453136444,-1.2259076833724976,-0.7035749554634094,-1.264168381690979,-1.1630936861038208,-1.0500158071517944
1.0412548780441284,0.9649153351783752,0.9108024835586548,0.9371564984321594,1.0637620687484741,1.1599383354187012,1.286508560180664,1.5410797595977783,1.8252053260803223,1.545574426651001,1.3823968172073364,1.4994877576828003,1.5851391553878784,1.6051925420761108,1.1394075155258179,0.680182933807373,1.3065412044525146,1.870347023010254,1.0896810293197632,0.24462321400642395,-0.3973294198513031,-0.8860905766487122,-1.1771782636642456,-0.8181574940681458,0.0060752383433282375,0.5632584095001221,0.5323383212089539,0.4678390622138977,0.45920199155807495,0.7103780508041382,1.5844871997833252,2.054687976837158,1.6241087913513184,1.5810351371765137,1.7065227031707764,1.4642648696899414,1.0355806350708008,0.4799155294895172,-0.09781234711408615,-0.46499061584472656,-0.8232216835021973,-0.8092953562736511,-0.30258357524871826
