demo/1630-wind-surface-level-gfs-1.0.json
{"header": {"productDefinitionTemplate": 0, "surface1Type": 103, "productStatus": 0, "disciplineName": "Meteorological products", "subDivisions": 0, "winds": "true", "parameterNumberName": "U-component_of_wind", "discipline": 0, "surface2Value": 0, "significanceOfRTName": "Start of forecast", "surface2TypeName": "Missing", "surface2Type": 255, "productTypeName": "Forecast products", "dx": 0.024617210030555725, "dy": 0.01798853650689125, "numberPoints": 65160, "productStatusName": "Operational products", "gribEdition": 2, "parameterUnit": "m.s-1", "forecastTime": 0, "refTime": "2020-09-30T14:30:00.000Z", "productType": 1, "genProcessTypeName": "Forecast", "scanMode": 0, "genProcessType": 2, "gribLength": 11338.0, "significanceOfRT": 1, "productDefinitionTemplateName": "Analysis/forecast at horizontal level/layer at a point in time", "centerName": "WRF OUTPUT", "la1": 43.66691207885742, "la2": 42.426788330078125, "lo2": 13.70867919921875, "gridUnits": "degrees", "surface1Value": 10, "shapeName": "Earth spherical with radius of 6,371,229.0 m", "surface1TypeName": "Specified height level above ground", "nx": 70.0, "ny": 70.0, "lo1": 12.008544921875, "basicAngle": 0, "gridDefinitionTemplate": 0, "shape": 6, "parameterNumber": 2, "subcenter": 0, "parameterCategoryName": "Momentum", "parameterCategory": 2, "center": 0, "gridDefinitionTemplateName": "Latitude_Longitude", "resolution": 48}, "data":
[rows 19 to 37 of 70, columns 0 to 42 of 70]
2.490943431854248,2.3154983520507812,1.9320836067199707,1.5156149864196777,1.3239755630493164,1.248133897781372,0.9878078699111938,0.5594212412834167,0.6921757459640503,0.937461793422699,1.0308899879455566,1.248152732849121,1.3307015895843506,1.4026901721954346,1.799033761024475,1.6971162557601929,1.3851460218429565,1.6849629878997803,1.9973441362380981,2.170372486114502,2.198380947113037,2.031406879425049,1.7957791090011597,1.5136221647262573,1.6244786977767944,2.206069231033325,2.4004294872283936,2.2052133083343506,1.9779906272888184,1.930273175239563,2.4795784950256348,3.286113739013672,3.20859432220459,2.7696568965911865,2.776928186416626,2.848996639251709,2.8019931316375732,3.004915237426758,3.274087429046631,3.0136606693267822,2.2030866146087646,1.7395728826522827,2.689119577407837
2.479198932647705,2.2863097190856934,1.8964924812316895,1.520317554473877,1.421231746673584,1.182517647743225,0.7570739388465881,0.6827045679092407,0.8628994822502136,0.6635304689407349,0.8289558291435242,1.5544261932373047,1.751725196838379,1.6842526197433472,1.7864201068878174,1.6155563592910767,1.6609411239624023,1.9059538841247559,1.8581006526947021,1.7941391468048096,2.06571626663208,2.065412759780884,1.7084556818008423,1.4947336912155151,1.7163078784942627,1.9397705793380737,2.0519778728485107,2.1369612216949463,2.091491937637329,2.1258156299591064,2.4855899810791016,2.9992270469665527,3.1146059036254883,2.9207005500793457,2.6786675453186035,2.869779109954834,2.9521474838256836,2.9327034950256348,3.0952460765838623,3.129155158996582,2.5892751216888428,2.02331280708313,2.3177285194396973
2.507514476776123,2.3263964653015137,1.875919222831726,1.3767979145050049,1.2002336978912354,0.9298298358917236,0.6972509622573853,0.8353648781776428,0.6418026685714722,0.5385118126869202,1.161475419998169,2.0624611377716064,2.4197261333465576,2.1690757274627686,1.7239068746566772,1.346110463142395,1.4729056358337402,1.551757574081421,1.560610294342041,1.7592076063156128,1.7687890529632568,1.6422736644744873,1.5628665685653687,1.685844898223877,1.8310739994049072,1.7285401821136475,1.7519277334213257,2.018613576889038,1.9937803745269775,2.0470175743103027,2.3332159519195557,2.933011293411255,3.2004904747009277,3.043020248413086,2.9334614276885986,3.3867061138153076,3.136120557785034,2.8914215564727783,2.9356727600097656,3.186161756515503,2.9189939498901367,2.390003204345703,2.134268045425415
2.5271477699279785,2.3903486728668213,1.8532811403274536,1.2556761503219604,0.8677958250045776,0.6503031849861145,0.9748252630233765,0.9505441784858704,0.43300861120224,0.9282459020614624,1.7043099403381348,1.7847225666046143,1.7252707481384277,1.57987380027771,1.3291095495224,0.903258204460144,0.7421070337295532,1.0663937330245972,1.413686752319336,1.6083745956420898,1.7944262027740479,1.7197997570037842,1.6107769012451172,1.524891972541809,1.3982017040252686,1.5011608600616455,1.666496753692627,1.9452730417251587,2.244643449783325,2.2251272201538086,2.3264033794403076,2.865076780319214,3.5422720909118652,3.501532554626465,2.9964635372161865,2.99061918258667,2.95465087890625,2.822014808654785,2.7592825889587402,2.795759677886963,2.796006679534912,2.4737846851348877,2.2303805351257324
2.4996845722198486,2.352698564529419,1.6778887510299683,0.8653475046157837,0.38524582982063293,0.6339848637580872,1.2354285717010498,0.82539302110672,0.33249157667160034,1.2313768863677979,1.7590832710266113,1.5247623920440674,1.609944224357605,1.68295419216156,1.6879892349243164,1.1000324487686157,0.4680483043193817,0.8851444125175476,1.236556053161621,1.4119997024536133,1.7179394960403442,1.8426387310028076,1.7114264965057373,1.6505253314971924,1.6590598821640015,1.6850031614303589,1.680437445640564,2.001429796218872,2.370835304260254,2.1467247009277344,2.186149835586548,2.1824026107788086,2.691760301589966,3.1160218715667725,2.7915616035461426,2.7079315185546875,2.747727632522583,2.5214407444000244,2.506849765777588,2.2402594089508057,1.8469165563583374,1.6906918287277222,1.7627805471420288
2.411691188812256,2.2394022941589355,1.3965421915054321,0.2246580570936203,-0.0535869337618351,0.8613966107368469,1.2770575284957886,0.700825035572052,0.48026689887046814,1.2409807443618774,1.6456589698791504,1.65925133228302,1.8184646368026733,1.7577110528945923,1.8867172002792358,1.528899073600769,0.7180345058441162,0.8834515810012817,1.3226591348648071,1.6455037593841553,1.8885717391967773,1.8356863260269165,1.6256256103515625,1.5319805145263672,1.7620755434036255,2.0206220149993896,1.9815318584442139,1.9225200414657593,1.9751135110855103,1.9413692951202393,2.3525912761688232,2.088120222091675,2.365863084793091,3.560858726501465,3.54760479927063,2.894043445587158,2.8086581230163574,2.43690824508667,2.315807342529297,2.244479179382324,2.021728515625,1.7729732990264893,1.5135880708694458
2.4244792461395264,2.2454421520233154,1.0969353914260864,-0.4480396509170532,-0.5170653462409973,0.6659590005874634,0.819547176361084,0.6201929450035095,0.9312378764152527,1.6761754751205444,1.9001554250717163,1.9504711627960205,2.107156753540039,2.221954584121704,2.1662137508392334,1.3358713388442993,0.2295272797346115,0.48513877391815186,1.3191636800765991,1.7792500257492065,1.6133174896240234,1.4945712089538574,1.6563961505889893,1.5209554433822632,1.4746785163879395,1.8708003759384155,1.8570702075958252,1.7256131172180176,2.0820696353912354,2.458340883255005,2.6529767513275146,2.0997519493103027,2.1206507682800293,3.3109536170959473,3.1750717163085938,2.3893980979919434,2.3625214099884033,2.1612844467163086,2.446666717529297,2.963712692260742,2.321063995361328,1.2412453889846802,0.7735060453414917
2.2129712104797363,2.0679361820220947,0.8682565689086914,-0.8831078410148621,-0.9766815900802612,-0.26789912581443787,-0.05713912099599838,0.8849969506263733,1.550816297531128,1.9070836305618286,2.1114673614501953,1.981034278869629,1.8186099529266357,1.9620330333709717,2.3968067169189453,1.335778832435608,-0.24228283762931824,0.1308225393295288,0.9608844518661499,1.4407066106796265,1.6095644235610962,1.6179112195968628,1.638959527015686,1.572506070137024,1.4437512159347534,1.6751924753189087,1.8438022136688232,1.9699020385742188,2.181499719619751,2.3761143684387207,2.5235652923583984,2.1927266120910645,2.241034507751465,3.4067859649658203,3.321336269378662,2.7998080253601074,2.7552199363708496,2.6722748279571533,2.8294098377227783,3.6133761405944824,3.18314266204834,1.3822823762893677,0.2960517406463623
2.0159952640533447,1.942791223526001,0.8545523285865784,-0.6716811656951904,-1.0786192417144775,-0.6613076329231262,-0.3688659369945526,0.811557948589325,1.8622429370880127,2.119688034057617,2.207267999649048,2.179492235183716,1.9768966436386108,2.108464241027832,2.6605114936828613,2.2135984897613525,0.5347800254821777,-0.24305297434329987,0.49962323904037476,1.2961870431900024,1.4567530155181885,1.4187240600585938,1.5747514963150024,1.3786580562591553,1.2469249963760376,1.5702729225158691,1.9967353343963623,2.233286142349243,2.4348230361938477,2.71321964263916,2.7002816200256348,2.4111709594726562,2.455308198928833,2.8326282501220703,3.013770580291748,2.8145751953125,2.758585214614868,2.642544746398926,2.716567277908325,3.176628828048706,3.203143835067749,2.584604024887085,1.4438796043395996
1.8217209577560425,1.8956847190856934,0.8302676677703857,-0.4003712236881256,-0.5025655627250671,0.0684327483177185,0.26746246218681335,1.1848818063735962,1.9801291227340698,2.1629772186279297,2.246412992477417,2.232506275177002,2.1010684967041016,2.138712167739868,2.213968276977539,2.4860007762908936,1.4405544996261597,-0.019673287868499756,0.35540762543678284,0.9081672430038452,0.9969663619995117,1.2050516605377197,1.3213905096054077,1.2121227979660034,1.3973896503448486,1.8106199502944946,2.2997350692749023,2.5522620677948,2.43864107131958,2.521162748336792,2.665996551513672,2.176116466522217,2.192100763320923,2.876720428466797,3.025475025177002,2.727578639984131,2.872370481491089,2.85559344291687,3.0076701641082764,3.2672927379608154,3.4289236068725586,3.108196973800659,2.20766282081604
1.376572847366333,1.4786615371704102,0.5790400505065918,-0.3074547052383423,-0.3195396363735199,0.5299002528190613,1.0338454246520996,1.7059849500656128,2.1655712127685547,2.172490358352661,1.9846293926239014,1.9434996843338013,2.123331069946289,2.019843101501465,1.8723524808883667,2.0371155738830566,1.9012839794158936,1.343949794769287,0.9352983236312866,0.7756508588790894,0.9060885310173035,1.050584316253662,1.0030310153961182,1.3290828466415405,1.8315820693969727,2.0731751918792725,2.2005045413970947,2.331496000289917,2.228292942047119,2.2644925117492676,1.9337669610977173,0.8699697852134705,1.0007514953613281,2.3366129398345947,2.4220943450927734,1.6719236373901367,2.3532629013061523,3.2002882957458496,2.783825159072876,2.6566057205200195,2.975831985473633,2.71657657623291,1.974492073059082
0.3746676445007324,0.516951858997345,0.3410941958427429,-0.09499139338731766,-0.06933634728193283,0.8076229691505432,1.267261028289795,1.7857156991958618,2.300834894180298,2.1373722553253174,1.4269083738327026,1.449440598487854,2.076831579208374,1.9386262893676758,1.5437476634979248,1.5167856216430664,1.1944292783737183,0.5278671383857727,0.632210910320282,0.8981816172599792,0.9457484483718872,1.066165566444397,1.2198163270950317,1.7756927013397217,2.01147723197937,2.1735680103302,1.9745718240737915,1.4264073371887207,1.4201667308807373,1.9379743337631226,1.8314661979675293,0.9564008116722107,1.1627228260040283,2.240377902984619,2.631371021270752,2.3256213665008545,2.569674253463745,3.218165874481201,3.4637911319732666,3.483992576599121,3.2143635749816895,2.6104681491851807,1.843309760093689
-0.22221536934375763,-0.049356356263160706,0.2674875855445862,0.3282075822353363,0.22824043035507202,0.839531421661377,1.1256132125854492,1.4301235675811768,2.2462780475616455,1.8396000862121582,0.622889518737793,0.5446531772613525,1.6935999393463135,1.83640456199646,1.4856208562850952,1.3068032264709473,1.2338318824768066,0.742538571357727,0.6083503365516663,0.9322159886360168,1.070554256439209,1.462092638015747,1.591385841369629,1.9254181385040283,1.945953369140625,1.7070903778076172,1.4957733154296875,1.2662829160690308,1.6551270484924316,2.238678455352783,1.8652018308639526,1.0233725309371948,1.4545091390609741,2.272139310836792,2.4138987064361572,2.546433448791504,2.8526620864868164,3.0462377071380615,3.073638439178467,3.446082592010498,2.9133408069610596,1.1167861223220825,-0.025846613571047783
-0.5416768193244934,-0.2770877778530121,0.3205263316631317,0.8899388909339905,0.6857504844665527,0.5753673911094666,0.6884350776672363,1.099486231803894,1.9858200550079346,1.3976143598556519,-0.01145892683416605,0.15668483078479767,0.9330105185508728,1.4536330699920654,1.7818785905838013,1.5245543718338013,1.352268934249878,0.8074989318847656,0.6207719445228577,1.1473380327224731,1.451456069946289,1.8549631834030151,1.882889986038208,1.747967004776001,1.6131221055984497,1.5071617364883423,1.829968810081482,1.9175795316696167,2.201313018798828,2.150453567504883,1.0471172332763672,0.8159545063972473,1.7664339542388916,2.322004795074463,2.4966042041778564,2.933459520339966,3.427452564239502,3.13861083984375,2.661447048187256,2.676896572113037,2.5218329429626465,0.5752918720245361,-0.6293469667434692
-0.6007814407348633,-0.344615638256073,0.3438073992729187,1.0306813716888428,1.314690113067627,1.069089651107788,0.5415968894958496,0.9969027042388916,1.426735758781433,0.9045058488845825,0.7007107138633728,0.857710063457489,0.8657312393188477,1.246143102645874,1.4096156358718872,1.4587664604187012,1.0348132848739624,0.658836841583252,1.0863810777664185,1.4984785318374634,1.6809765100479126,1.6025028228759766,1.2762787342071533,1.0662723779678345,1.1348509788513184,1.1479884386062622,2.0215563774108887,2.649482250213623,1.7028769254684448,0.3209776282310486,-0.1941811889410019,0.6109972596168518,1.6689417362213135,1.8824975490570068,1.9349591732025146,2.445674180984497,2.806692600250244,2.7181496620178223,2.5183920860290527,2.28463077545166,2.7408289909362793,2.7182605266571045,1.1881037950515747
-0.6229442358016968,-0.37945756316185,0.3547312319278717,0.9447215795516968,1.5354089736938477,1.9071203470230103,1.2655993700027466,1.2249703407287598,1.2832287549972534,0.6624295711517334,0.7107831835746765,0.9838622808456421,1.2471039295196533,1.4207267761230469,1.4164749383926392,1.3637359142303467,0.723187267780304,0.48689019680023193,1.0927311182022095,1.6218883991241455,1.7776098251342773,1.4151102304458618,1.1271337270736694,1.1102700233459473,1.1848021745681763,1.184848427772522,1.735166072845459,2.5365114212036133,1.0550287961959839,-0.595382809638977,-0.3940519094467163,0.16737505793571472,1.2520036697387695,2.1285369396209717,2.2555932998657227,2.2818756103515625,2.412477493286133,2.4114763736724854,2.7329158782958984,3.199441432952881,3.33164119720459,3.1617190837860107,1.3246642351150513
-0.492979496717453,-0.21290846168994904,0.46022096276283264,1.0989941358566284,1.5006425380706787,1.629296064376831,1.2194042205810547,1.2375375032424927,0.8523045778274536,0.1936272829771042,0.6576216220855713,1.1750540733337402,1.4961057901382446,1.5667344331741333,1.5338248014450073,1.0788077116012573,0.32334840297698975,0.6536452174186707,1.3927667140960693,1.9114042520523071,2.115734338760376,1.57919442653656,1.0106897354125977,0.72789067029953,0.9159444570541382,0.9689407348632812,1.0146431922912598,2.2744946479797363,2.3613951206207275,0.865847110748291,0.2080005705356598,0.49265584349632263,1.545188069343567,2.448330879211426,2.555371046066284,2.4989354610443115,2.6283984184265137,2.659794807434082,3.0670597553253174,3.348670244216919,3.053699493408203,2.9711320400238037,1.7856382131576538
-0.3274078369140625,-0.07221361249685287,0.5080348253250122,1.0809941291809082,1.4607597589492798,1.501396656036377,0.6675837635993958,0.553063690662384,0.5639705061912537,0.29298168420791626,0.7807091474533081,1.126440405845642,1.25401771068573,1.3151895999908447,1.5516107082366943,0.923456609249115,0.26015424728393555,1.03604257106781,1.7481135129928589,2.10825777053833,2.015958309173584,1.0455349683761597,0.15578678250312805,-0.18889273703098297,0.45455291867256165,1.1005971431732178,1.2669990062713623,2.2356340885162354,2.5197339057922363,1.6546701192855835,1.276842713356018,1.5765225887298584,2.0313727855682373,2.5445287227630615,2.782456159591675,2.851337432861328,2.8712048530578613,3.00370454788208,3.1389212608337402,3.345355987548828,3.2839150428771973,3.0260255336761475,2.3286707401275635
-0.1608133316040039,0.06508559733629227,0.5986326932907104,1.0075501203536987,1.5086466073989868,1.78712797164917,0.8731428384780884,0.34253501892089844,0.4819891154766083,0.35691094398498535,0.4374767541885376,0.7028850317001343,0.869204580783844,1.4013943672180176,1.715230941772461,0.4273607134819031,0.06269845366477966,1.414198875427246,1.959410309791565,1.6168469190597534,0.5601951479911804,-0.9285197854042053,-1.1075336933135986,-0.5680397748947144,0.3388884663581848,1.4073028564453125,1.8376344442367554,1.8194336891174316,2.1658475399017334,2.0311074256896973,1.6717607975006104,2.177482843399048,2.273310422897339,2.537855625152588,2.8811094760894775,2.9642062187194824,2.904956579208374,2.9827921390533447,3.279860496520996,3.460822343826294,3.2907657623291016,2.734563112258911,1.5848087072372437
