demo/1630-wind-surface-level-gfs-1.0.json
{"header": {"productDefinitionTemplate": 0, "surface1Type": 103, "productStatus": 0, "disciplineName": "Meteorological products", "subDivisions": 0, "winds": "true", "parameterNumberName": "U-component_of_wind", "discipline": 0, "surface2Value": 0, "significanceOfRTName": "Start of forecast", "surface2TypeName": "Missing", "surface2Type": 255, "productTypeName": "Forecast products", "dx": 0.024617210030555725, "dy": 0.01798853650689125, "numberPoints": 65160, "productStatusName": "Operational products", "gribEdition": 2, "parameterUnit": "m.s-1", "forecastTime": 0, "refTime": "2020-09-30T14:30:00.000Z", "productType": 1, "genProcessTypeName": "Forecast", "scanMode": 0, "genProcessType": 2, "gribLength": 11338.0, "significanceOfRT": 1, "productDefinitionTemplateName": "Analysis/forecast at horizontal level/layer at a point in time", "centerName": "WRF OUTPUT", "la1": 43.66691207885742, "la2": 42.426788330078125, "lo2": 13.70867919921875, "gridUnits": "degrees", "surface1Value": 10, "shapeName": "Earth spherical with radius of 6,371,229.0 m", "surface1TypeName": "Specified height level above ground", "nx": 70.0, "ny": 70.0, "lo1": 12.008544921875, "basicAngle": 0, "gridDefinitionTemplate": 0, "shape": 6, "parameterNumber": 2, "subcenter": 0, "parameterCategoryName": "Momentum", "parameterCategory": 2, "center": 0, "gridDefinitionTemplateName": "Latitude_Longitude", "resolution": 48}, "data":
[rows 0 to 18 of 70, columns 0 to 42 of 70]
1.2567455768585205,1.4319379329681396,1.7436646223068237,2.0693135261535645,2.251347541809082,2.425889015197754,2.4242734909057617,2.3750741481781006,2.318331718444824,2.2037904262542725,1.9880238771438599,1.59345543384552,0.9656298160552979,0.4430555999279022,0.14086319506168365,-0.03437492996454239,-0.08957915753126144,0.09069228917360306,0.29725906252861023,0.38893911242485046,0.43711644411087036,0.363054096698761,0.09627467393875122,-0.22717849910259247,-0.45874103903770447,-0.6770050525665283,-0.8778511881828308,-1.0094512701034546,-1.1606640815734863,-1.3657934665679932,-1.5567814111709595,-1.7567083835601807,-1.9884843826293945,-2.191483736038208,-2.3071651458740234,-2.3994791507720947,-2.4410552978515625,-2.4054787158966064,-2.375973701477051,-2.4331517219543457,-2.5611157417297363,-2.7426700592041016,-3.018033266067505
1.4156851768493652,1.6215460300445557,1.6231712102890015,1.8921314477920532,2.1289520263671875,2.337181568145752,2.400122880935669,2.39042329788208,2.4305384159088135,2.411179304122925,2.33890438079834,2.069432258605957,1.587950587272644,1.0823513269424438,0.7136438488960266,0.44841670989990234,0.2769743502140045,0.33138325810432434,0.4486280083656311,0.4852374196052551,0.47883450984954834,0.3579696714878082,0.08761385083198547,-0.18847914040088654,-0.32883477210998535,-0.47556689381599426,-0.6566739678382874,-0.8414015769958496,-1.0153939723968506,-1.1906890869140625,-1.3487706184387207,-1.5546374320983887,-1.7708361148834229,-1.967988133430481,-2.080834150314331,-2.152233600616455,-2.201117515563965,-2.181548595428467,-2.1768527030944824,-2.2711217403411865,-2.422727584838867,-2.616687297821045,-2.9359006881713867
1.290155291557312,1.5562087297439575,1.5661895275115967,1.8124207258224487,2.1205599308013916,2.3111507892608643,2.431649684906006,2.4305713176727295,2.4808454513549805,2.487968921661377,2.4648263454437256,2.2952070236206055,1.9475985765457153,1.5156264305114746,1.1857595443725586,0.9076552391052246,0.7164384126663208,0.6452545523643494,0.643456220626831,0.5896874666213989,0.5178335905075073,0.3886617124080658,0.221273735165596,0.06052318215370178,-0.06332311779260635,-0.20904161036014557,-0.3874202370643616,-0.575859010219574,-0.7526176571846008,-0.9478200078010559,-1.1329001188278198,-1.343276858329773,-1.5496394634246826,-1.7270541191101074,-1.8466774225234985,-1.9239780902862549,-1.9608057737350464,-1.9496320486068726,-1.9482359886169434,-2.0493133068084717,-2.226459264755249,-2.4717376232147217,-2.849968671798706
1.4876987934112549,1.7459179162979126,1.57811439037323,1.791074514389038,2.043783664703369,2.2119202613830566,2.2440991401672363,2.2369954586029053,2.26374888420105,2.3197145462036133,2.368102788925171,2.3626582622528076,2.237936496734619,1.9792732000350952,1.7107189893722534,1.5029789209365845,1.292867660522461,1.152539610862732,1.0093507766723633,0.8936930894851685,0.7960796356201172,0.6855740547180176,0.5366939306259155,0.41925889253616333,0.33891230821609497,0.18283705413341522,-0.061303697526454926,-0.30487361550331116,-0.477888286113739,-0.6283175349235535,-0.8045401573181152,-1.0055038928985596,-1.243768334388733,-1.4415034055709839,-1.5703293085098267,-1.6414200067520142,-1.6794712543487549,-1.6745344400405884,-1.6814085245132446,-1.7787812948226929,-1.991439700126648,-2.303729295730591,-2.7190163135528564
1.481236457824707,1.755942940711975,1.646299958229065,1.8753725290298462,2.1603384017944336,2.2888355255126953,2.150007724761963,1.8795485496520996,1.7549042701721191,1.8404110670089722,2.016878604888916,2.313129425048828,2.4907448291778564,2.5097525119781494,2.57476544380188,2.6724183559417725,2.506410837173462,2.00070858001709,1.3822376728057861,1.2797861099243164,1.3844367265701294,1.2796173095703125,0.9348242878913879,0.8484415411949158,1.0333174467086792,0.6938703060150146,-0.10815341025590897,-0.5323403477668762,-0.4577215611934662,-0.4802219569683075,-0.7045414447784424,-0.8358845710754395,-1.0998473167419434,-1.2975122928619385,-1.3668239116668701,-1.3730602264404297,-1.39895761013031,-1.4005788564682007,-1.445383071899414,-1.5839322805404663,-1.938123106956482,-2.309786796569824,-2.6337265968322754
1.6791925430297852,1.9474364519119263,1.8417351245880127,2.0507442951202393,2.122657060623169,2.0165176391601562,2.11236310005188,2.197420358657837,2.1997950077056885,2.4291696548461914,2.550549030303955,2.6783108711242676,2.678812265396118,2.464280366897583,2.245816946029663,2.401017904281616,2.598538398742676,2.335634231567383,1.60611891746521,1.119579553604126,1.0877211093902588,1.5286405086517334,1.6698306798934937,1.72846257686615,2.237311363220215,2.16227388381958,0.4788936376571655,-0.7123000025749207,-0.3855808973312378,0.136265367269516,0.0015909087378531694,-0.531019926071167,-0.8545652031898499,-1.03171706199646,-1.072102427482605,-1.0932697057724,-1.174030065536499,-1.290439486503601,-1.2408634424209595,-1.287479043006897,-1.6672099828720093,-2.107462167739868,-2.608445167541504
1.7089005708694458,1.9415210485458374,1.8766632080078125,1.96084725856781,2.1038742065429688,2.1317687034606934,2.1501128673553467,2.1083199977874756,2.0375564098358154,2.017094850540161,2.0771265029907227,2.242311716079712,2.3755035400390625,2.4033501148223877,2.2764220237731934,2.4539875984191895,2.572683811187744,2.3060672283172607,1.841376543045044,1.5868867635726929,1.9262754917144775,2.30216908454895,2.302140712738037,1.9197649955749512,1.4602196216583252,0.7724275588989258,0.1526850014925003,0.05809355899691582,0.26938560605049133,0.6801315546035767,0.6728714108467102,-0.01226148009300232,-0.5991507768630981,-0.7590625286102295,-0.7159748673439026,-0.5020912885665894,-0.7136745452880859,-1.1509840488433838,-1.0646064281463623,-0.9693571925163269,-1.1557574272155762,-1.7546972036361694,-2.463933229446411
1.6656070947647095,1.8232142925262451,1.6964900493621826,1.8118572235107422,1.9462995529174805,1.874678611755371,1.8158226013183594,1.677066445350647,1.8049389123916626,1.9295841455459595,1.968427062034607,2.4664456844329834,2.601685047149658,2.178940773010254,2.0607266426086426,1.9926525354385376,1.9496662616729736,1.824242353439331,1.7605516910552979,1.7994152307510376,1.9650808572769165,2.1557493209838867,2.154384136199951,1.3299148082733154,0.99652498960495,1.065218210220337,0.7802531123161316,0.7892701625823975,0.937238872051239,1.1732215881347656,1.2706058025360107,0.735809326171875,0.04588109999895096,-0.22542139887809753,-0.25888845324516296,0.10104931890964508,0.4864317774772644,0.2408657670021057,0.0009532132535241544,-0.27267736196517944,-0.8990545272827148,-1.5417815446853638,-2.0744788646698
1.4715183973312378,1.4043068885803223,1.449199914932251,1.6607165336608887,1.7708981037139893,1.4772915840148926,1.496425986289978,1.4662214517593384,1.4245465993881226,1.7616459131240845,1.9834177494049072,2.1977615356445312,2.1643619537353516,2.0180037021636963,1.9008755683898926,1.8230013847351074,1.7847726345062256,1.9632383584976196,2.0062613487243652,2.112387180328369,2.1853199005126953,2.076528549194336,1.751655101776123,1.4617542028427124,2.1615707874298096,2.653048038482666,2.008103370666504,1.3282268047332764,1.1611777544021606,1.1288073062896729,1.1835529804229736,0.8124581575393677,0.3251805305480957,0.12516330182552338,0.045137856155633926,0.30780133605003357,0.9838278293609619,1.496597409248352,1.0411098003387451,0.1687151938676834,-0.6610771417617798,-1.1618866920471191,-1.503082036972046
1.6366037130355835,1.4904674291610718,1.3167837858200073,1.4757375717163086,1.4258800745010376,1.112964391708374,1.1801241636276245,1.3278573751449585,1.3372018337249756,1.5426417589187622,1.939064860343933,2.00160551071167,1.8351205587387085,1.9592543840408325,1.9226250648498535,1.874549150466919,2.173915386199951,2.2886366844177246,2.0735201835632324,2.1258034706115723,2.1008808612823486,1.8161038160324097,1.3998781442642212,1.3409510850906372,2.6012930870056152,2.831202983856201,2.150547504425049,2.1711618900299072,2.0852320194244385,1.7204246520996094,1.4338865280151367,0.9741019010543823,0.6375767588615417,0.46811187267303467,0.29580074548721313,0.43419164419174194,1.1604950428009033,1.4573556184768677,0.3871006369590759,-0.6127225160598755,-0.9360929131507874,-1.221947431564331,-1.442869782447815
1.6381670236587524,1.4412003755569458,1.1699994802474976,1.2912312746047974,1.1001884937286377,0.6733065247535706,1.0825071334838867,1.2656582593917847,1.2755588293075562,1.0722408294677734,0.9521796703338623,1.415693759918213,1.6595242023468018,1.7867745161056519,1.789064884185791,1.8295775651931763,1.9629380702972412,1.8222026824951172,1.8861124515533447,1.8693228960037231,1.65617835521698,2.0199506282806396,2.0938527584075928,1.7894377708435059,1.3664219379425049,1.132392168045044,1.9182459115982056,2.7897379398345947,2.3561739921569824,1.4316421747207642,0.5528926849365234,0.1223749965429306,0.5121932625770569,0.9531143307685852,0.6674911379814148,0.4462296664714813,1.0739866495132446,1.490300178527832,0.6151607036590576,-0.3330467939376831,-0.9736291766166687,-1.2429481744766235,-1.6159688234329224
1.5676079988479614,1.2498513460159302,1.0284558534622192,0.9246926307678223,0.5045287013053894,0.47716569900512695,1.0646202564239502,1.244468331336975,1.080838680267334,0.3297812342643738,0.20604990422725677,1.3769279718399048,2.0964300632476807,1.9403594732284546,1.8354088068008423,1.9933867454528809,1.8399592638015747,1.6537809371948242,2.046333074569702,1.9176838397979736,1.652849793434143,2.1682121753692627,2.6256532669067383,2.19148588180542,1.4271461963653564,0.8857780694961548,1.1610745191574097,2.3354687690734863,2.924442768096924,0.8482612371444702,-1.0915663242340088,-0.7005003690719604,0.5535501837730408,1.0698070526123047,0.4601011276245117,0.18208570778369904,0.7576124668121338,1.1124969720840454,1.1147886514663696,0.9414775371551514,0.22788260877132416,-0.7936913371086121,-1.6431316137313843
1.55100417137146,1.0912703275680542,0.8622361421585083,0.6329405903816223,0.09802411496639252,0.28789961338043213,0.8961949944496155,1.521920084953308,1.1484956741333008,-0.5100138187408447,-0.48628026247024536,1.382735252380371,2.3123340606689453,2.012838125228882,1.9712415933609009,2.0207579135894775,1.6339303255081177,1.484757423400879,1.745818018913269,1.769780158996582,1.718420386314392,2.0340921878814697,2.2516701221466064,2.2453575134277344,1.87549889087677,1.3428364992141724,1.2636592388153076,1.7367355823516846,2.9228098392486572,2.6347882747650146,0.8640483617782593,0.2065199762582779,0.03535498306155205,0.27778175473213196,0.505816638469696,0.4920262396335602,0.8131657242774963,1.1953743696212769,1.217962622642517,0.9538333415985107,0.01978987455368042,-0.972212016582489,-1.2666809558868408
1.5995038747787476,1.115842342376709,0.9302862882614136,0.7387843132019043,0.31242287158966064,0.2470894753932953,0.7244044542312622,1.1690891981124878,1.230716586112976,0.7265440225601196,0.6578086614608765,1.5953161716461182,1.9199140071868896,1.4792025089263916,1.2956417798995972,1.3540221452713013,1.3999133110046387,1.511658787727356,1.7522649765014648,1.914641261100769,1.8113210201263428,1.7466051578521729,2.0716264247894287,2.3217015266418457,2.3265838623046875,2.0366134643554688,1.901593565940857,2.2317819595336914,2.6298828125,2.634112596511841,2.4063589572906494,2.7965288162231445,1.5829570293426514,-0.37054938077926636,-0.2904747426509857,0.44778069853782654,0.8825187683105469,1.0584806203842163,0.8914804458618164,1.2584218978881836,0.30068880319595337,-0.7144017219543457,-0.44796404242515564
1.779559850692749,1.363465666770935,1.1107524633407593,0.850050687789917,0.5659834146499634,0.46232086420059204,0.5796015858650208,0.6825803518295288,0.7593714594841003,0.7490498423576355,1.1052463054656982,1.789211630821228,1.6917383670806885,1.222938060760498,1.3232636451721191,1.4497984647750854,1.41314697265625,1.5955537557601929,1.8854650259017944,1.8265489339828491,1.77779221534729,1.8924319744110107,2.0452053546905518,2.116786241531372,2.3556900024414062,2.6060104370117188,2.623929023742676,2.593233108520508,2.7724826335906982,2.5606212615966797,2.48510479927063,2.7120039463043213,2.4977481365203857,1.9449951648712158,1.4243923425674438,1.0226022005081177,0.5987024307250977,0.24815082550048828,0.4078107476234436,0.8901413679122925,0.10589338093996048,-0.34528493881225586,0.11911506205797195
2.1435418128967285,1.8254541158676147,1.49248468875885,1.1662203073501587,0.9133357405662537,0.5765653848648071,0.6067162156105042,0.42423883080482483,0.13000471889972687,0.29363271594047546,0.8452187776565552,1.7127659320831299,1.7727267742156982,1.398138165473938,1.2478573322296143,1.1030161380767822,1.3094857931137085,1.8868920803070068,1.985959529876709,1.5519816875457764,1.3850536346435547,1.7621487379074097,2.0921878814697266,2.095305919647217,1.9691640138626099,2.196798086166382,2.1870481967926025,1.7199841737747192,2.209414482116699,2.9183199405670166,2.67624831199646,2.2313315868377686,2.3750216960906982,2.1813108921051025,1.2840276956558228,1.3832664489746094,0.8638583421707153,-0.21684888005256653,0.6978564262390137,1.1696176528930664,0.330377459526062,0.2132374495267868,0.40671879053115845
2.3789865970611572,2.1356446743011475,1.711531162261963,1.3818931579589844,1.2741670608520508,1.0551267862319946,0.9684387445449829,0.4821773171424866,0.06300569325685501,0.18424847722053528,0.65996915102005,1.5988023281097412,1.9578815698623657,1.6692975759506226,1.0869369506835938,1.1155848503112793,1.8594785928726196,2.0426411628723145,1.3873577117919922,0.9612590670585632,1.4209877252578735,2.134636640548706,2.4049060344696045,2.3051552772521973,2.0667953491210938,2.0082645416259766,1.8204721212387085,1.6162445545196533,1.8995589017868042,2.975188732147217,3.0915603637695312,2.1821861267089844,1.931870460510254,1.535018801689148,-0.04720287397503853,0.33170852065086365,0.885947585105896,-0.4024580121040344,0.7753005027770996,0.9053480625152588,-0.5650361776351929,0.10944649577140808,0.3137354254722595
2.4827747344970703,2.2812092304229736,1.8727163076400757,1.5431859493255615,1.1989319324493408,1.0628242492675781,1.2044906616210938,0.8758828043937683,0.469504714012146,0.5062060952186584,1.045038104057312,1.4357011318206787,1.5401690006256104,1.413859486579895,1.268176794052124,1.7644808292388916,1.8626073598861694,1.2192188501358032,0.9425563812255859,1.5399513244628906,2.0657010078430176,2.198660373687744,2.2505388259887695,2.316070795059204,2.1219112873077393,1.931682825088501,1.7644752264022827,1.6858954429626465,1.957187533378601,2.8531124591827393,3.7555432319641113,3.262810230255127,2.2734150886535645,2.3078675270080566,2.547478199005127,2.3169028759002686,1.995110034942627,1.4779462814331055,1.570695400238037,1.5797473192214966,0.7430005669593811,1.1750253438949585,0.6557390689849854
2.4901559352874756,2.3033676147460938,1.9186100959777832,1.513482689857483,1.3228492736816406,1.2241344451904297,1.0680866241455078,0.6551239490509033,0.5732590556144714,0.9775901436805725,1.1689773797988892,1.000765085220337,1.066466212272644,1.2082622051239014,1.633817434310913,1.9362733364105225,1.5404109954833984,1.2443149089813232,1.5611721277236938,2.218567371368408,2.329172372817993,1.9127964973449707,1.8886600732803345,2.071357011795044,2.241976737976074,2.3400468826293945,2.24699068069458,2.225104570388794,2.2968122959136963,2.491245985031128,3.0322980880737305,3.3165032863616943,2.823206901550293,2.3829498291015625,2.772108316421509,3.213162899017334,3.2158617973327637,2.845242977142334,2.5506105422973633,2.249807357788086,1.4510020017623901,1.468055009841919,2.301725149154663
