demo/1630-wind-surface-level-gfs-1.0.json
{"header": {"productDefinitionTemplate": 0, "surface1Type": 103, "productStatus": 0, "disciplineName": "Meteorological products", "subDivisions": 0, "winds": "true", "parameterNumberName": "V-component_of_wind", "discipline": 0, "surface2Value": 0, "significanceOfRTName": "Start of forecast", "surface2TypeName": "Missing", "surface2Type": 255, "productTypeName": "Forecast products", "dx": 0.024617210030555725, "dy": 0.01798853650689125, "numberPoints": 65160, "productStatusName": "Operational products", "gribEdition": 2, "parameterUnit": "m.s-1", "forecastTime": 0, "refTime": "2020-09-30T14:30:00.000Z", "productType": 1, "genProcessTypeName": "Forecast", "scanMode": 0, "genProcessType": 2, "gribLength": 11338.0, "significanceOfRT": 1, "productDefinitionTemplateName": "Analysis/forecast at horizontal level/layer at a point in time", "centerName": "WRF OUTPUT", "la1": 43.66691207885742, "la2": 42.426788330078125, "lo2": 13.70867919921875, "gridUnits": "degrees", "surface1Value": 10, "shapeName": "Earth spherical with radius of 6,371,229.0 m", "surface1TypeName": "Specified height level above ground", "nx": 70.0, "ny": 70.0, "lo1": 12.008544921875, "basicAngle": 0, "gridDefinitionTemplate": 0, "shape": 6, "parameterNumber": 3, "subcenter": 0, "parameterCategoryName": "Momentum", "parameterCategory": 2, "center": 0, "gridDefinitionTemplateName": "Latitude_Longitude", "resolution": 48}, "data":
[rows 38 to 56 of 70, columns 0 to 42 of 70]
0.44484028220176697,0.27771100401878357,0.1797669529914856,0.2581245005130768,0.6650662422180176,1.047098159790039,0.7323527336120605,-0.14548920094966888,-0.8254534006118774,-0.9705231189727783,-0.5217925310134888,0.11906778812408447,1.0392416715621948,0.981468915939331,0.541479229927063,0.9701331257820129,1.0783954858779907,0.6968194246292114,0.6298139095306396,1.118852138519287,1.636897325515747,-0.0031046816147863865,-0.6800146698951721,-0.8201364278793335,-0.545163631439209,-0.2148345559835434,-0.26077404618263245,-0.44504314661026,-0.8730238080024719,-0.47294798493385315,-0.008107147179543972,0.2981920540332794,0.24707752466201782,0.3226551115512848,0.5184522867202759,0.674467146396637,0.47597119212150574,0.043096255511045456,-0.02310444414615631,0.1704418957233429,0.40987446904182434,0.08924531191587448,-0.020375646650791168
0.3354010581970215,0.14418774843215942,0.04372453689575195,0.14000359177589417,0.6111597418785095,0.8692752122879028,0.9752539992332458,0.5745322108268738,-0.48885440826416016,-0.32368871569633484,0.6836081147193909,0.8449961543083191,1.3597335815429688,1.4302903413772583,1.1542887687683105,1.0291000604629517,0.9556960463523865,0.8389895558357239,1.3229080438613892,1.349534273147583,1.4018580913543701,0.27645596861839294,-0.9960412979125977,-0.9337481260299683,-0.8178160786628723,-0.7140305638313293,-0.7830708026885986,-0.9772914052009583,-0.9329355359077454,0.2765330672264099,1.1356837749481201,0.9805420637130737,0.8009053468704224,0.7138112783432007,0.3500189185142517,0.4137629270553589,0.6305358409881592,0.2907378673553467,-0.059253595769405365,0.031496889889240265,0.07443612813949585,0.23150715231895447,-0.033646635711193085
0.2975177466869354,0.1016559898853302,-0.011737019754946232,0.008124321699142456,0.12147971242666245,0.052463728934526443,0.12769712507724762,0.2747803032398224,0.30766934156417847,0.9541510939598083,1.4308362007141113,0.6732770204544067,0.8175263404846191,1.2230215072631836,1.3651155233383179,1.2622950077056885,1.276443600654602,1.1769953966140747,1.2594294548034668,0.24177853763103485,-0.09284050762653351,0.5344666242599487,-0.7975803017616272,-1.1030317544937134,-0.6602023839950562,-0.4767231345176697,-0.45392149686813354,-0.8548175096511841,-0.3289571702480316,0.6821405291557312,0.9981630444526672,0.9560064077377319,1.3598541021347046,1.239569902420044,0.6575910449028015,0.417962908744812,0.6662485003471375,0.6770691275596619,0.5229567289352417,0.4885514974594116,0.5060259699821472,1.1302576065063477,1.5507612228393555
0.33064788579940796,0.1606380194425583,0.04833948239684105,0.027894383296370506,-0.3286214768886566,-0.49935615062713623,-0.5859740376472473,-0.3564879298210144,0.2819622755050659,0.4554049074649811,0.687152624130249,0.07787785679101944,-0.10209383070468903,0.22941364347934723,0.5580775141716003,1.1348562240600586,1.3753271102905273,1.2369412183761597,0.9644055366516113,-0.48880234360694885,-0.9426373243331909,0.23066510260105133,0.5929796099662781,-1.135994553565979,-1.2370721101760864,-1.0508882999420166,-0.9610794186592102,-0.8086355924606323,0.051562801003456116,0.42038044333457947,0.49212712049484253,1.1726670265197754,1.4280431270599365,1.0381380319595337,0.699518084526062,0.356001079082489,-0.05336643382906914,0.03292807936668396,0.33208829164505005,0.5970196723937988,0.6541388034820557,1.7133549451828003,2.7645974159240723
0.47901177406311035,0.3913058638572693,0.3244919776916504,0.2885538339614868,-0.09755998104810715,-0.15984953939914703,0.31477558612823486,0.789228618144989,1.1926847696304321,0.6534672379493713,0.9784627556800842,0.3802102506160736,-0.9765954613685608,-0.8561744093894958,-0.3702937364578247,1.046512484550476,1.4599794149398804,1.2680416107177734,0.8060041666030884,-0.22707712650299072,-1.0345693826675415,-0.5137034058570862,0.4356406331062317,0.6104862689971924,-0.0990791916847229,-0.5372118949890137,-0.34026408195495605,-0.08212409913539886,0.0884457677602768,0.3285517692565918,0.7297024726867676,1.164458155632019,0.8208789825439453,0.38231223821640015,0.1520577222108841,0.10081076622009277,-0.3971772789955139,-0.2215760499238968,0.7384236454963684,1.245834231376648,1.2392555475234985,2.21826434135437,2.3418569564819336
0.6646265387535095,0.6523754000663757,0.6337859034538269,0.6254064440727234,0.7833277583122253,1.0900545120239258,1.685617208480835,1.7490912675857544,1.7942864894866943,1.101819396018982,0.9761241674423218,0.8960244655609131,-0.5528421998023987,-0.8909791111946106,0.2859676778316498,1.2029907703399658,1.4419724941253662,1.3091987371444702,0.8234714269638062,0.5266481637954712,-0.7022393345832825,-0.9150196313858032,-0.6080907583236694,0.6789461970329285,0.8106324672698975,1.0014159679412842,1.1153643131256104,1.286461591720581,0.27681049704551697,0.019758587703108788,0.3784155249595642,0.4932614862918854,0.21798399090766907,0.4069181978702545,0.5425013303756714,0.7643760442733765,0.7636828422546387,0.8812339305877686,1.9379262924194336,2.292158842086792,2.2822799682617188,2.239736795425415,1.7680989503860474
0.7916818857192993,0.8170234560966492,0.8118218779563904,0.7950139045715332,1.1529346704483032,1.2526367902755737,1.2829322814941406,1.1209365129470825,1.0153790712356567,0.8148564100265503,0.6742002964019775,0.5702480673789978,0.7487768530845642,1.111316442489624,1.5572212934494019,1.314082384109497,1.5679768323898315,1.6339516639709473,1.447721242904663,1.0291574001312256,0.01749567501246929,-0.2884960472583771,-0.2428281158208847,-0.7750178575515747,-0.33736106753349304,0.3828083574771881,0.5854520201683044,0.8483709692955017,0.5447281002998352,-0.07806805521249771,0.27611681818962097,0.5029351711273193,0.5093526244163513,1.211453914642334,1.982412338256836,1.9370590448379517,1.3531544208526611,1.8145166635513306,2.9679620265960693,2.6600584983825684,2.40744948387146,1.6730778217315674,0.5679410696029663
0.9214759469032288,0.9398872256278992,0.9409669637680054,0.8711029887199402,0.9757530093193054,0.7170101404190063,0.6754595041275024,0.31090304255485535,0.3674093782901764,0.5981230735778809,0.7902148365974426,0.4666263461112976,1.3606637716293335,1.625828504562378,0.8431251645088196,1.539121389389038,2.0081636905670166,2.005730152130127,1.8171991109848022,1.4078319072723389,1.257642388343811,0.8234530091285706,-0.0006183867808431387,-0.19127105176448822,-0.5335053205490112,-0.3656957447528839,-0.3288780450820923,-0.2003094106912613,0.2967725098133087,-0.40021294355392456,-0.3349188268184662,0.2567283809185028,0.8378759026527405,1.7770700454711914,2.3567135334014893,1.9624958038330078,0.8674331903457642,2.224762201309204,3.2615702152252197,2.5932633876800537,1.8583292961120605,0.7047308683395386,-0.465572714805603
1.0192945003509521,1.028267502784729,1.002177357673645,0.9115741848945618,0.7456789016723633,0.9839674234390259,1.1702629327774048,0.6692285537719727,0.3309919238090515,0.31245145201683044,0.39668434858322144,0.1582292914390564,0.9565209150314331,0.17723211646080017,-0.017447825521230698,2.0520999431610107,2.3589162826538086,2.0467147827148438,1.838363766670227,1.9982138872146606,1.9493176937103271,1.6476280689239502,0.23898611962795258,-0.23954136669635773,-0.5274622440338135,-0.6144838333129883,-0.48806673288345337,0.20073780417442322,0.8732711672782898,-0.2879221439361572,-1.0078648328781128,-0.581771194934845,0.7140141725540161,1.7233940362930298,1.6171908378601074,1.031838297843933,0.9297996759414673,2.6509125232696533,2.7934811115264893,1.9529331922531128,0.9455465078353882,0.23357532918453217,-0.24358710646629333
1.0309339761734009,1.0217957496643066,0.9955484867095947,0.9196114540100098,0.8619756698608398,0.9613333940505981,1.0508285760879517,0.7323909997940063,0.25247976183891296,0.014471646398305893,-0.2776082754135132,-0.5586529970169067,0.32681038975715637,-0.09569217264652252,1.1406141519546509,2.417839527130127,2.2675018310546875,1.8048882484436035,1.6929031610488892,1.957095980644226,1.7570545673370361,2.0461206436157227,1.3596559762954712,-0.7139853239059448,-0.42356133460998535,-0.5554620027542114,0.07498132437467575,0.7297686338424683,1.220323085784912,0.2498806267976761,-1.3394951820373535,-1.3317142724990845,0.08864287286996841,0.5941948294639587,0.2476290911436081,0.47326409816741943,1.7208194732666016,2.681535482406616,1.9582970142364502,1.061687707901001,0.9053794145584106,0.978777289390564,0.9026322364807129
1.0665173530578613,0.9967344999313354,0.9586110711097717,0.837099552154541,0.7512061595916748,0.5944552421569824,0.48840945959091187,0.25682365894317627,0.08952915668487549,0.033716194331645966,0.04053407907485962,0.10641364753246307,0.21117593348026276,0.8598852753639221,2.520536422729492,2.3046696186065674,1.7506660223007202,1.340429663658142,1.1558581590652466,1.2161785364151,1.1633061170578003,1.8333172798156738,2.024914026260376,0.5582602024078369,-0.654880166053772,-0.39601385593414307,0.3516688346862793,0.4252687096595764,0.5083751678466797,0.48181426525115967,-0.4046161472797394,-0.9293941259384155,0.15249931812286377,0.10840296000242233,-0.44800594449043274,1.3198070526123047,2.6978073120117188,2.2932238578796387,0.9680346250534058,0.24242721498012543,0.5022180080413818,0.7495824098587036,0.9449343681335449
1.2025425434112549,1.0964850187301636,1.001586675643921,0.8283454775810242,0.6725086569786072,0.27601364254951477,0.20061783492565155,0.4709491729736328,0.5688000917434692,0.7450456619262695,1.5256235599517822,1.712754726409912,1.246180534362793,2.2802317142486572,2.53418231010437,1.3893136978149414,0.8501474857330322,0.7401667833328247,0.6037733554840088,0.5131351947784424,0.34576740860939026,1.2662690877914429,1.7897216081619263,1.8182852268218994,-0.7811728715896606,-1.0127557516098022,-0.17871618270874023,0.2784234583377838,0.5723499655723572,0.6896147727966309,0.7396442294120789,0.7414930462837219,1.4013278484344482,0.7071547508239746,1.1441339254379272,2.662980556488037,2.7232933044433594,1.5197407007217407,0.4823145866394043,-0.0848652794957161,-0.533984899520874,-0.44127947092056274,-0.02426319569349289
1.3212580680847168,1.2217950820922852,1.0777254104614258,0.9039493799209595,0.809270977973938,0.5875822305679321,0.6357317566871643,0.7060906291007996,0.7771110534667969,1.2126212120056152,2.1420300006866455,2.314309597015381,2.309174060821533,2.378079652786255,1.071923017501831,-0.11726876348257065,-0.2955738604068756,0.04285060241818428,0.3998342752456665,0.4231220483779907,0.28548067808151245,1.0412436723709106,1.9297127723693848,1.9781831502914429,0.7278131246566772,-0.8630183935165405,0.08880981057882309,1.0789345502853394,1.3306312561035156,1.0341229438781738,0.8268359303474426,0.9544607996940613,0.6613151431083679,0.5428863763809204,2.4286508560180664,2.6367173194885254,1.7852317094802856,0.7760239839553833,0.22581157088279724,-0.22853434085845947,-1.0756421089172363,-1.148632526397705,-0.8838851451873779
1.4947761297225952,1.365683913230896,1.1708358526229858,1.065651297569275,1.301738977432251,1.4660240411758423,1.273048996925354,1.1962525844573975,1.5308398008346558,1.7016215324401855,2.0581257343292236,2.382310390472412,2.151776075363159,1.6576870679855347,0.40875399112701416,-0.8051160573959351,-1.2123216390609741,-0.7539080381393433,0.287471204996109,0.7857202291488647,1.0203391313552856,1.5231465101242065,1.9708099365234375,2.0193896293640137,2.1529271602630615,1.2291333675384521,1.6151424646377563,1.7206321954727173,0.9830604195594788,0.2526971995830536,-0.03165031224489212,-0.27188804745674133,-0.7861700654029846,0.4663694500923157,1.8981733322143555,1.6162360906600952,0.715514063835144,0.07882840931415558,-0.35910794138908386,-0.46321308612823486,-0.4156738221645355,-0.6201841235160828,-0.6313757300376892
1.746269702911377,1.5319428443908691,1.3340225219726562,1.2530357837677002,1.754393219947815,1.6325998306274414,1.4630868434906006,1.93284010887146,2.1971309185028076,2.05234432220459,1.8718880414962769,1.4772394895553589,1.001316785812378,0.7765971422195435,0.5309624671936035,0.26876118779182434,0.34724920988082886,0.6635438799858093,1.1667203903198242,1.5097508430480957,1.724143624305725,2.214548349380493,2.0878829956054688,1.6632381677627563,1.2500839233398438,1.5265990495681763,1.4290691614151,0.5828293561935425,-0.4230373799800873,-0.6637606620788574,-0.7785231471061707,-0.5472690463066101,-0.7340967655181885,0.41040918231010437,1.1762489080429077,1.4458788633346558,1.4485769271850586,1.0409702062606812,0.726995050907135,0.7912538647651672,1.1434171199798584,0.6010342836380005,0.6349174976348877
1.903714895248413,1.5987513065338135,1.410455584526062,1.2575122117996216,1.318677306175232,1.2359907627105713,1.28669011592865,1.346620798110962,1.1273401975631714,0.8405094742774963,0.42986637353897095,-0.012135353870689869,-0.11547740548849106,0.1731957197189331,0.9801480770111084,1.8436741828918457,2.589507818222046,2.542591094970703,2.136992931365967,2.166250705718994,2.1314451694488525,2.278393030166626,2.091356039047241,0.9612852931022644,0.5257981419563293,0.710673987865448,0.6125750541687012,0.18303349614143372,-0.9127641320228577,-0.730254054069519,-0.5371322631835938,-0.967308759689331,-0.3076677918434143,1.316110610961914,2.1039130687713623,2.059839963912964,2.3361148834228516,2.280231475830078,1.6020797491073608,1.6190310716629028,2.0687716007232666,1.481156587600708,1.4553109407424927
1.882169246673584,1.5643939971923828,1.3794140815734863,1.0942442417144775,0.65121990442276,0.46724584698677063,0.43758249282836914,0.1319054216146469,-0.22558662295341492,-0.596754789352417,-0.5616028904914856,-0.007884874008595943,0.5502145290374756,0.9262263178825378,1.7399678230285645,2.3220019340515137,2.7641732692718506,2.4687888622283936,2.2970528602600098,2.473116874694824,2.3493540287017822,1.9370421171188354,2.0282440185546875,1.5110435485839844,1.1104936599731445,1.0665580034255981,1.3230581283569336,1.4880616664886475,0.24380390346050262,0.6700974106788635,1.0947610139846802,0.08256179094314575,1.1549946069717407,2.768852949142456,3.078091859817505,2.4803688526153564,1.8697487115859985,1.5726231336593628,1.1313790082931519,1.6032941341400146,2.4658124446868896,2.3432695865631104,1.9633880853652954
1.7989057302474976,1.4850717782974243,1.314907193183899,0.9733260273933411,0.346485435962677,-0.15539409220218658,-0.09347157180309296,0.040669143199920654,-0.09024806320667267,0.1894574910402298,0.9551950693130493,1.5007869005203247,1.7788257598876953,1.5555224418640137,1.4283524751663208,1.6721199750900269,2.1775996685028076,2.0741539001464844,2.109037399291992,2.1598100662231445,2.182974338531494,2.135291814804077,2.026804208755493,2.0359997749328613,1.316075325012207,1.6026372909545898,2.5852668285369873,2.288053035736084,1.7913739681243896,2.3440206050872803,2.649601936340332,2.604050636291504,2.785374879837036,2.7186594009399414,2.58886456489563,2.419219970703125,1.6973575353622437,1.229057788848877,1.5595996379852295,2.507561683654785,2.726815700531006,2.7370293140411377,2.0253450870513916
1.5650418996810913,1.3102688789367676,1.1709407567977905,0.9018962383270264,0.5827625393867493,0.64030921459198,0.8761129379272461,1.2472796440124512,1.4594464302062988,1.9509832859039307,2.023479700088501,1.8210502862930298,1.6268409490585327,1.2357099056243896,0.7512372136116028,-0.08795861899852753,0.26991310715675354,0.7746318578720093,1.1431232690811157,1.3338756561279297,1.9984878301620483,2.536189317703247,2.091723918914795,1.7811881303787231,1.4481477737426758,2.0473134517669678,2.772641897201538,2.35660457611084,2.3978686332702637,2.5576012134552,2.6003518104553223,2.9338138103485107,3.011255979537964,2.4471516609191895,1.4705781936645508,1.5003414154052734,1.5736955404281616,1.3604958057403564,2.0655903816223145,2.477288246154785,2.414376735687256,2.1360738277435303,1.5253453254699707
