demo/1700-wind-surface-level-gfs-1.0.json
{"header": {"productDefinitionTemplate": 0, "surface1Type": 103, "productStatus": 0, "disciplineName": "Meteorological products", "subDivisions": 0, "winds": "true", "parameterNumberName": "U-component_of_wind", "discipline": 0, "surface2Value": 0, "significanceOfRTName": "Start of forecast", "surface2TypeName": "Missing", "surface2Type": 255, "productTypeName": "Forecast products", "dx": 0.024617210030555725, "dy": 0.01798853650689125, "numberPoints": 65160, "productStatusName": "Operational products", "gribEdition": 2, "parameterUnit": "m.s-1", "forecastTime": 0, "refTime": "2020-09-30T15:00:00.000Z", "productType": 1, "genProcessTypeName": "Forecast", "scanMode": 0, "genProcessType": 2, "gribLength": 11338.0, "significanceOfRT": 1, "productDefinitionTemplateName": "Analysis/forecast at horizontal level/layer at a point in time", "centerName": "WRF OUTPUT", "la1": 43.66691207885742, "la2": 42.426788330078125, "lo2": 13.70867919921875, "gridUnits": "degrees", "surface1Value": 10, "shapeName": "Earth spherical with radius of 6,371,229.0 m", "surface1TypeName": "Specified height level above ground", "nx": 70.0, "ny": 70.0, "lo1": 12.008544921875, "basicAngle": 0, "gridDefinitionTemplate": 0, "shape": 6, "parameterNumber": 2, "subcenter": 0, "parameterCategoryName": "Momentum", "parameterCategory": 2, "center": 0, "gridDefinitionTemplateName": "Latitude_Longitude", "resolution": 48}, "data":
[rows 38 to 56 of 70, columns 0 to 42 of 70]
0.23162278532981873,0.31676578521728516,0.6874691247940063,0.8998398780822754,1.0024441480636597,1.0850409269332886,1.4075947999954224,1.4289178848266602,0.8898292779922485,1.6045312881469727,1.8708857297897339,0.7248110175132751,0.6213154196739197,1.3874324560165405,1.4188461303710938,0.3812621831893921,0.19334961473941803,1.369373083114624,2.0010626316070557,1.2830108404159546,0.32611751556396484,-0.6363793611526489,-1.1345908641815186,-0.551941990852356,0.04087655246257782,0.6788609027862549,1.3374568223953247,1.5940569639205933,1.8785605430603027,2.11538028717041,2.0385000705718994,2.3604865074157715,2.3575942516326904,2.270547866821289,2.418208599090576,2.7820968627929688,3.1210520267486572,3.071779727935791,3.241443634033203,3.301516056060791,3.239345073699951,2.545652389526367,0.24161535501480103
0.3549491763114929,0.43474072217941284,0.7901836633682251,0.770456850528717,0.7727535963058472,1.1069159507751465,1.1995418071746826,0.9454452395439148,0.7573909163475037,1.245807409286499,1.5478211641311646,0.697904109954834,0.6718575358390808,1.1954636573791504,0.8108198046684265,0.2860212028026581,0.7082712650299072,1.6511495113372803,1.8432703018188477,0.4759720265865326,0.8608157634735107,0.7176403999328613,-0.6815696358680725,-0.5820247530937195,-0.23149266839027405,0.7175391912460327,1.354612946510315,1.6357357501983643,1.5303425788879395,1.2040574550628662,1.4719326496124268,2.2135062217712402,2.48881196975708,2.241544008255005,2.1621062755584717,2.6018006801605225,2.9351987838745117,3.020853281021118,3.0254132747650146,3.11135196685791,3.082620620727539,2.3274643421173096,0.3943626880645752
0.30497801303863525,0.3529599606990814,0.8146799206733704,0.7236741185188293,0.6070181727409363,1.2312887907028198,1.4506855010986328,0.9431673288345337,0.5774763226509094,0.7983721494674683,1.2736589908599854,0.6513015031814575,0.23370146751403809,0.7919487357139587,0.6761775016784668,0.5008928775787354,1.2610194683074951,1.8104287385940552,1.2720483541488647,0.13367877900600433,1.0000858306884766,1.2125846147537231,-0.3966076672077179,-0.5637640357017517,0.010244320146739483,0.5869109034538269,1.0772101879119873,1.5142611265182495,1.2607916593551636,0.48713600635528564,0.8847912549972534,1.9943277835845947,2.5992493629455566,2.635366439819336,2.306960344314575,2.299386501312256,2.7254841327667236,2.728346347808838,2.781468152999878,2.9200124740600586,2.7066304683685303,2.3681459426879883,1.9885170459747314
0.5313081741333008,0.5824673771858215,0.9143862724304199,0.9077496528625488,0.9709064960479736,1.4025918245315552,1.6247676610946655,1.1781609058380127,0.7014671564102173,0.9391016364097595,1.65561044216156,0.697662889957428,-0.2706388533115387,0.5252661108970642,0.8906181454658508,0.7964702248573303,1.5171312093734741,1.800117015838623,1.127488136291504,0.2729629874229431,0.5144222378730774,1.1440101861953735,0.44226208329200745,-0.5093463063240051,-0.28931111097335815,0.44712358713150024,0.843085527420044,1.0142543315887451,0.0635351836681366,-0.6883151531219482,0.2683618366718292,1.3009636402130127,1.808768391609192,2.429783344268799,2.7199325561523438,2.6705524921417236,2.6064693927764893,2.6018006801605225,2.710081100463867,2.643730640411377,2.26244854927063,1.6040018796920776,1.6697312593460083
0.6121185421943665,0.6786758899688721,1.0058932304382324,1.1431849002838135,1.3526228666305542,1.6401759386062622,1.4254708290100098,0.8440278768539429,0.9413779377937317,1.1153724193572998,1.1830379962921143,0.5297114849090576,-0.20307151973247528,0.3077249825000763,0.8784081935882568,1.095190405845642,1.6543269157409668,1.6236732006072998,1.28495454788208,0.39298903942108154,-0.10019520670175552,0.10617238283157349,0.7014356255531311,0.6846413016319275,0.24192458391189575,0.6346670985221863,0.7027900218963623,0.3453977108001709,-0.6304826736450195,-1.137924313545227,-0.6295280456542969,0.35517650842666626,1.8479381799697876,2.891819953918457,3.221285820007324,2.821000337600708,2.521176338195801,2.2611868381500244,1.942905306816101,2.1704399585723877,1.8848565816879272,1.10069739818573,1.419862985610962
0.6993259191513062,0.8229994773864746,1.102033257484436,1.303128957748413,1.5252431631088257,1.9152706861495972,1.1495931148529053,0.21870708465576172,0.6315325498580933,1.1353166103363037,1.4814532995224,1.7619692087173462,1.2061455249786377,0.3834474980831146,0.504228413105011,1.024507999420166,1.4937611818313599,1.475990653038025,1.3818480968475342,1.1291296482086182,0.2860528230667114,-0.02151663228869438,-0.055142369121313095,0.05913355574011803,0.8845199346542358,1.3399913311004639,0.8664964437484741,0.2285151481628418,-0.6148108839988708,-1.339642882347107,-1.1175343990325928,0.029750073328614235,2.0931222438812256,3.306713581085205,2.8462095260620117,1.9850400686264038,1.79227876663208,1.0273996591567993,1.0312296152114868,1.9181709289550781,1.8225116729736328,1.3650140762329102,1.9360898733139038
0.7086994051933289,0.8617449402809143,1.1778528690338135,1.4939846992492676,1.530930757522583,1.5470409393310547,0.834270715713501,0.17412297427654266,0.6065607666969299,1.4038652181625366,1.8599191904067993,2.373997211456299,2.7879629135131836,1.6933529376983643,0.7886509299278259,0.7765883803367615,1.0407098531723022,1.4474605321884155,1.5274454355239868,1.780682921409607,1.5705088376998901,0.5187492370605469,0.08354945480823517,0.415677547454834,0.25797921419143677,0.46524855494499207,0.5747119784355164,0.8631479740142822,0.6570148468017578,-0.9601694941520691,-1.0617433786392212,0.7222346067428589,2.4847631454467773,3.0404343605041504,2.3327577114105225,1.7259660959243774,1.8974632024765015,1.3912889957427979,0.971276044845581,1.579777479171753,2.0072484016418457,2.055293083190918,2.2217841148376465
0.7642607688903809,0.9417100548744202,1.268448829650879,1.4369491338729858,1.4334090948104858,1.400260090827942,0.8478336930274963,0.41632041335105896,0.9614554643630981,1.3663229942321777,1.542198896408081,2.114654541015625,2.6197781562805176,1.8742183446884155,1.0018690824508667,0.214365154504776,0.43224847316741943,1.1488118171691895,1.5727671384811401,1.602012038230896,1.3813471794128418,1.3550350666046143,0.9854595065116882,0.5691841840744019,-0.04639172926545143,0.19897694885730743,0.5614311695098877,0.41903069615364075,0.21154893934726715,-1.0532082319259644,-1.136352777481079,0.901262640953064,2.294351100921631,2.0006983280181885,1.9309576749801636,2.61630916595459,2.4619359970092773,1.147221565246582,0.7617390155792236,1.6308410167694092,2.4587290287017822,2.7516884803771973,2.7061760425567627
0.7930020093917847,1.0287808179855347,1.3610998392105103,1.6977722644805908,1.8453302383422852,1.3843586444854736,0.714657187461853,0.739219605922699,1.2263970375061035,1.474785327911377,1.5052440166473389,1.9405754804611206,2.3658363819122314,1.8492889404296875,0.4859386384487152,-0.48389700055122375,0.20925477147102356,1.3109890222549438,1.6073435544967651,1.395836591720581,1.041128158569336,1.58250892162323,1.3081153631210327,0.6799532175064087,0.12400122731924057,0.027103085070848465,0.5224595069885254,-0.06918473541736603,0.265143483877182,-0.266550213098526,-1.036096215248108,0.5497847199440002,1.7109383344650269,1.4347782135009766,1.9359228610992432,3.2991318702697754,2.6496598720550537,0.897169291973114,0.8273363709449768,1.983154058456421,2.672281265258789,2.986595869064331,2.5963258743286133
0.8575928807258606,1.141018271446228,1.448777198791504,1.732933521270752,1.857954978942871,1.341100811958313,0.8495560884475708,0.9138181209564209,1.3879159688949585,1.6475813388824463,1.7715502977371216,2.1344547271728516,2.786365270614624,2.2903060913085938,0.2510882019996643,-0.7976574897766113,0.38621288537979126,1.5877158641815186,1.8947912454605103,1.5413216352462769,1.3734710216522217,1.8554131984710693,1.4445041418075562,-0.05345538258552551,-0.39654862880706787,0.4826728403568268,0.49393168091773987,-0.3097163140773773,0.352612167596817,0.5735523700714111,-0.5897288918495178,-0.06307332962751389,0.8796504139900208,1.0958161354064941,2.492950677871704,3.120861530303955,1.8433253765106201,1.0279713869094849,1.3491089344024658,2.3378069400787354,3.2415056228637695,3.4807379245758057,2.5389504432678223
0.9334195256233215,1.2538604736328125,1.5455998182296753,1.7145048379898071,1.7929737567901611,1.3749107122421265,0.9476643800735474,1.127235770225525,1.3139322996139526,1.4940617084503174,1.517122745513916,1.4548678398132324,1.7063730955123901,1.4693129062652588,0.3197556138038635,-0.1852944940328598,0.6584868431091309,1.711343765258789,2.2463834285736084,2.102151393890381,1.7727257013320923,1.21938157081604,1.455695390701294,0.6459934711456299,-0.41449999809265137,0.7469810843467712,0.7395385503768921,-0.11867129057645798,-0.04144354909658432,0.5665438175201416,-0.028397487476468086,-0.5529411435127258,0.34678569436073303,1.6881237030029297,2.3476943969726562,1.9542192220687866,1.7097752094268799,1.9500428438186646,2.272212266921997,2.607900619506836,3.3427462577819824,3.7316043376922607,3.569657325744629
0.9981385469436646,1.272560477256775,1.5379619598388672,1.594325065612793,1.7244675159454346,1.591360330581665,1.4876866340637207,1.6245182752609253,1.4035005569458008,1.4242466688156128,1.5764496326446533,1.505453109741211,1.1166592836380005,0.6984173059463501,0.6739682555198669,1.111305832862854,1.5241278409957886,1.899080753326416,2.16640567779541,2.334249258041382,2.1635890007019043,1.1645946502685547,1.3720654249191284,1.31282377243042,-0.0004471391439437866,0.3020055592060089,0.4035910964012146,-0.1977377086877823,0.2673467695713043,0.6319271922111511,1.1497788429260254,1.140441656112671,1.2603398561477661,2.2432799339294434,1.502402663230896,0.7552205920219421,1.805773377418518,2.6060104370117188,2.720515727996826,2.751157522201538,2.828927993774414,3.1259961128234863,3.241095542907715
1.1956623792648315,1.429661512374878,1.5603634119033813,1.5722384452819824,1.703815221786499,1.4604161977767944,1.3520934581756592,1.2676849365234375,1.0695505142211914,1.3231154680252075,1.2783544063568115,1.1980376243591309,0.9724663496017456,0.6522228121757507,1.240724802017212,2.3167166709899902,2.649352788925171,2.3542606830596924,2.1541671752929688,2.286301374435425,2.47947096824646,1.8166487216949463,1.469964861869812,1.835040807723999,0.6459168791770935,-0.16961930692195892,0.4876142740249634,0.4145212471485138,0.7401040196418762,1.4161454439163208,1.7385096549987793,1.0827287435531616,1.296833872795105,1.4695560932159424,0.5733067393302917,1.0482687950134277,2.60013747215271,3.311880588531494,3.35203218460083,3.2298240661621094,3.161440372467041,2.730003595352173,2.759894609451294
1.3324825763702393,1.5331095457077026,1.5932434797286987,1.5733712911605835,1.5485371351242065,1.4553498029708862,1.2510696649551392,1.1232463121414185,0.9825985431671143,0.4684213101863861,0.27279362082481384,0.8249417543411255,0.9815536737442017,1.304467797279358,2.2535400390625,3.084589958190918,3.029343605041504,2.4181511402130127,2.023730993270874,1.995489478111267,2.193074941635132,2.1349239349365234,1.717265009880066,1.6427628993988037,1.8158762454986572,1.444764494895935,1.001468539237976,1.017722249031067,1.4641306400299072,1.9012373685836792,1.7878080606460571,1.169458270072937,0.7658001184463501,0.05705983564257622,-0.1568795144557953,1.5011951923370361,3.2658870220184326,3.831387519836426,3.5199973583221436,3.217193603515625,2.3512356281280518,1.1891740560531616,1.9345879554748535
1.3610447645187378,1.567676305770874,1.7047042846679688,1.879185676574707,1.792044758796692,1.2578644752502441,0.7229774594306946,0.6355624794960022,0.42425405979156494,-0.21320390701293945,0.06864909082651138,0.9702073931694031,1.668554425239563,2.1707398891448975,2.6598620414733887,2.558320999145508,1.7013909816741943,1.0466089248657227,1.309545636177063,1.5572669506072998,1.8074469566345215,2.114655017852783,1.8189616203308105,1.5884116888046265,1.8942844867706299,1.9932231903076172,1.8809748888015747,1.9079780578613281,1.8322325944900513,1.5285301208496094,1.1935293674468994,1.066025733947754,0.14577433466911316,-0.8419920206069946,-0.2817336916923523,1.7684696912765503,3.576284885406494,3.1303982734680176,2.14945912361145,1.732428789138794,0.6118607521057129,0.0018045391188934445,1.0119080543518066
1.402871012687683,1.573459267616272,1.7367923259735107,1.862427830696106,1.7592946290969849,1.317812442779541,0.927404522895813,0.5296716690063477,0.05806497484445572,-0.192601278424263,0.5259460210800171,1.649841547012329,1.8555443286895752,1.8649312257766724,1.7751072645187378,1.1480194330215454,0.49874523282051086,0.9246901869773865,1.6131582260131836,1.5070375204086304,1.651402235031128,2.221290349960327,2.188732385635376,2.111849546432495,2.1232924461364746,1.6574702262878418,1.402660846710205,1.8128999471664429,1.0584735870361328,0.5440883040428162,0.6540688872337341,0.7448338270187378,0.30607953667640686,-0.18616211414337158,0.19515939056873322,1.4542021751403809,3.054605722427368,3.2565817832946777,2.435452699661255,1.876523733139038,1.608100414276123,1.4029359817504883,1.4653033018112183
1.4019562005996704,1.5288645029067993,1.7331993579864502,1.7876451015472412,1.9162288904190063,1.8991203308105469,1.588595986366272,0.6599132418632507,0.2875925898551941,0.38380131125450134,0.4255082607269287,1.2879856824874878,1.6854333877563477,1.1320927143096924,0.16107319295406342,0.27098214626312256,1.0503008365631104,1.4941800832748413,1.784026026725769,1.623813509941101,1.716585636138916,2.018965482711792,1.975064992904663,1.921887993812561,1.6912639141082764,1.0571178197860718,1.0645463466644287,1.686047077178955,0.662164032459259,-0.04371686652302742,1.0423767566680908,0.8445180654525757,-0.20726074278354645,-0.18282486498355865,0.6755337119102478,1.5859341621398926,2.5434584617614746,2.94299578666687,2.3672924041748047,1.3878717422485352,1.5282000303268433,1.8090243339538574,1.7443724870681763
1.4057166576385498,1.414368987083435,1.664712905883789,1.589406967163086,1.6745833158493042,2.1003806591033936,2.2322497367858887,1.3039790391921997,0.18447718024253845,-0.31015485525131226,0.03503654524683952,0.9556128978729248,1.5030040740966797,1.2221895456314087,0.048382993787527084,0.33151718974113464,1.5083431005477905,1.6759188175201416,1.7458574771881104,1.6787333488464355,1.573049783706665,1.437927484512329,1.481545329093933,2.1908185482025146,2.086092948913574,0.7138307690620422,0.6477121710777283,1.5857739448547363,0.8660575747489929,-0.01891144923865795,0.9390873312950134,1.1284644603729248,-0.046510376036167145,-0.5371497869491577,0.5322661399841309,1.8283445835113525,2.5171284675598145,2.643540620803833,1.7830605506896973,1.0796663761138916,1.6212393045425415,2.494892120361328,2.5526978969573975
1.5151302814483643,1.4701505899429321,1.6516730785369873,1.58900785446167,1.5933328866958618,1.9173494577407837,2.0166409015655518,1.5943390130996704,0.5097543001174927,-0.5735613703727722,-0.16300545632839203,0.9645432829856873,1.5407880544662476,1.2374954223632812,-0.05765592306852341,0.12978631258010864,1.2731640338897705,1.5401606559753418,1.9226233959197998,1.834209680557251,1.3184698820114136,1.1754461526870728,1.4984971284866333,2.2917943000793457,2.08243727684021,0.546634316444397,0.6647645235061646,1.7321827411651611,0.6537220478057861,-0.026176823303103447,0.9442818760871887,1.1430485248565674,0.4280930757522583,-0.0577007532119751,0.4449382424354553,1.7653424739837646,3.0533761978149414,2.811262369155884,1.8255194425582886,1.4550689458847046,2.0807087421417236,2.7640724182128906,2.7711822986602783
