demo/1700-wind-surface-level-gfs-1.0.json
{"header": {"productDefinitionTemplate": 0, "surface1Type": 103, "productStatus": 0, "disciplineName": "Meteorological products", "subDivisions": 0, "winds": "true", "parameterNumberName": "V-component_of_wind", "discipline": 0, "surface2Value": 0, "significanceOfRTName": "Start of forecast", "surface2TypeName": "Missing", "surface2Type": 255, "productTypeName": "Forecast products", "dx": 0.024617210030555725, "dy": 0.01798853650689125, "numberPoints": 65160, "productStatusName": "Operational products", "gribEdition": 2, "parameterUnit": "m.s-1", "forecastTime": 0, "refTime": "2020-09-30T15:00:00.000Z", "productType": 1, "genProcessTypeName": "Forecast", "scanMode": 0, "genProcessType": 2, "gribLength": 11338.0, "significanceOfRT": 1, "productDefinitionTemplateName": "Analysis/forecast at horizontal level/layer at a point in time", "centerName": "WRF OUTPUT", "la1": 43.66691207885742, "la2": 42.426788330078125, "lo2": 13.70867919921875, "gridUnits": "degrees", "surface1Value": 10, "shapeName": "Earth spherical with radius of 6,371,229.0 m", "surface1TypeName": "Specified height level above ground", "nx": 70.0, "ny": 70.0, "lo1": 12.008544921875, "basicAngle": 0, "gridDefinitionTemplate": 0, "shape": 6, "parameterNumber": 3, "subcenter": 0, "parameterCategoryName": "Momentum", "parameterCategory": 2, "center": 0, "gridDefinitionTemplateName": "Latitude_Longitude", "resolution": 48}, "data":
[rows 38 to 56 of 70, columns 0 to 42 of 70]
0.46500158309936523,0.3035152852535248,0.1318906545639038,0.0034628454595804214,0.20317412912845612,0.2589954435825348,0.26578712463378906,0.14806731045246124,-0.1715869903564453,-0.538549542427063,-0.7311373949050903,0.6339076161384583,1.2438398599624634,1.0342583656311035,0.6907011866569519,0.8235235810279846,0.9496394991874695,0.5841479897499084,0.4883369207382202,0.91391521692276,1.4331222772598267,0.14759106934070587,-0.5995721220970154,-0.8945146799087524,-0.5009049773216248,-0.09826134145259857,-0.11997105181217194,-0.3961455821990967,-0.7810786366462708,-0.5842817425727844,-0.5584532022476196,-0.2778393626213074,-0.13262249529361725,-0.05545111373066902,0.2087135761976242,0.4588153064250946,0.49381017684936523,0.3880220353603363,0.37118878960609436,0.3729608654975891,0.28762102127075195,-0.040461525321006775,-0.00335498433560133
0.3377535939216614,0.15367794036865234,0.012990346178412437,-0.06938779354095459,0.11099618673324585,0.20245452225208282,-0.12399037182331085,-0.21569529175758362,-0.5071220397949219,-1.3513267040252686,-0.7173675894737244,0.8685004711151123,0.9923979640007019,1.2201975584030151,1.2953755855560303,1.3404576778411865,1.0144157409667969,0.5601877570152283,0.9687783122062683,1.4111729860305786,1.489794373512268,0.3976777493953705,-0.7548962235450745,-0.9240903258323669,-0.8471927046775818,-0.565579354763031,-0.513608992099762,-0.7512394785881042,-0.9991320967674255,-0.5033664107322693,0.2034643441438675,0.4910241961479187,0.5463704466819763,0.376331627368927,0.09880068153142929,0.15976031124591827,0.29834121465682983,0.3271320164203644,0.4476093053817749,0.7194339036941528,0.622246503829956,0.5646865367889404,-0.04933208227157593
0.2864367365837097,0.1129288449883461,-8.023665577638894e-05,-0.03893628716468811,-0.06101550906896591,-0.08860626071691513,-0.10267841070890427,0.008441886864602566,0.18614962697029114,-0.05987103655934334,0.43578463792800903,0.485076904296875,0.6466635465621948,1.3508005142211914,1.3911491632461548,1.1899064779281616,1.0099984407424927,0.8024423718452454,1.0639022588729858,0.6850668787956238,0.10097865015268326,0.43222635984420776,-0.7119501829147339,-0.984870195388794,-0.7050979137420654,-0.4249534010887146,-0.3170664310455322,-0.5070353150367737,-0.6056851744651794,0.07504568248987198,0.7389313578605652,0.8194647431373596,1.153499722480774,0.9838807582855225,0.4697783589363098,0.22895634174346924,0.22728100419044495,0.26288148760795593,0.3094255030155182,0.6114912629127502,1.0006322860717773,1.710407018661499,1.736462116241455
0.2910379469394684,0.14596958458423615,0.06345954537391663,0.03543248400092125,-0.15195880830287933,-0.21446910500526428,-0.3547440469264984,0.34706243872642517,1.09065842628479,0.7150678634643555,0.4946773052215576,0.4204040467739105,0.2828388214111328,0.6653864979743958,0.7129627466201782,0.7189046144485474,0.8747768998146057,0.9305451512336731,0.8730006814002991,-0.2572481632232666,-0.8034334182739258,0.27126774191856384,0.8441630601882935,-0.8547855019569397,-0.9261195659637451,-0.7347939610481262,-0.8634597063064575,-0.8166227340698242,-0.28721144795417786,0.24683228135108948,0.41369885206222534,0.9257628321647644,1.286913275718689,1.0248584747314453,0.5984399318695068,0.23729130625724792,-0.04104648903012276,-0.12487702071666718,-0.033161260187625885,0.4986783564090729,0.8798637986183167,1.7833160161972046,2.4761557579040527
0.3241535425186157,0.27173495292663574,0.2587485611438751,0.2470056116580963,0.09365342557430267,0.11381389945745468,-0.0016521719517186284,1.195359706878662,2.108823537826538,1.1890344619750977,0.9936786890029907,0.9348421692848206,-0.4655817151069641,-0.6437212228775024,-0.02108031138777733,0.8067535161972046,1.2761286497116089,1.237932562828064,0.8388909101486206,-0.14019130170345306,-1.1697654724121094,-0.38607490062713623,0.48504361510276794,0.6239497065544128,0.4414275288581848,-0.1082829087972641,-0.8096094727516174,-0.43621933460235596,0.040233954787254333,0.3177284002304077,0.604469358921051,1.1464985609054565,0.8776872754096985,0.3885321617126465,-0.05120855197310448,-0.2914382219314575,-0.5912132263183594,-0.5446925759315491,0.5713479518890381,1.41794753074646,1.4924986362457275,2.1065733432769775,2.1299939155578613
0.4038655757904053,0.43803444504737854,0.4717579185962677,0.4737977981567383,0.46955418586730957,0.7096173167228699,1.2858818769454956,1.6345220804214478,1.980468988418579,1.5350050926208496,1.554452657699585,1.3871151208877563,0.15706415474414825,-0.2541203498840332,0.6632577180862427,1.2930505275726318,1.638951063156128,1.579271912574768,1.2045875787734985,1.0955979824066162,-0.5031276345252991,-0.7842115163803101,-0.3748447597026825,0.6738207936286926,0.6588079929351807,0.6970196962356567,0.6727519035339355,1.116197109222412,0.5112367272377014,0.12323340028524399,0.2779468595981598,0.5180004239082336,0.0790238231420517,0.06983348727226257,0.026910459622740746,0.04314659908413887,0.13945195078849792,0.2903255224227905,1.681117296218872,2.258714199066162,2.2534005641937256,2.1949636936187744,1.7298154830932617
0.5055270195007324,0.5941764116287231,0.6428121328353882,0.6594991087913513,0.8647047281265259,1.2214969396591187,1.5566277503967285,1.1842721700668335,0.9988774657249451,0.7289456129074097,0.8131774067878723,1.0618181228637695,0.8506761789321899,1.0527124404907227,1.3803952932357788,1.354695200920105,1.789792537689209,2.0334179401397705,2.0035197734832764,1.9512341022491455,0.8169271945953369,0.40281203389167786,1.0546631813049316,0.1252281367778778,-0.7344018816947937,-0.11492441594600677,0.4467644691467285,0.5389705300331116,0.44131943583488464,0.1076144427061081,0.29768991470336914,0.39551842212677,0.215796560049057,0.7502840161323547,1.5238447189331055,1.6060526371002197,1.2513319253921509,1.5177876949310303,2.8032450675964355,2.625143051147461,2.4504120349884033,1.7941690683364868,0.7220991253852844
0.6355722546577454,0.7402459979057312,0.7997412085533142,0.8336610794067383,1.0181775093078613,0.9984039068222046,1.3483741283416748,1.2294994592666626,0.7898911237716675,0.3695199191570282,0.2982231080532074,0.4385252594947815,0.39687997102737427,0.8649696111679077,0.621795117855072,1.5337949991226196,2.2090330123901367,2.3381946086883545,2.119900703430176,2.053435802459717,2.011697292327881,1.8970643281936646,1.171068549156189,0.9588812589645386,-0.21462398767471313,-0.19162489473819733,-0.09991196542978287,-0.12452690303325653,0.6488940119743347,0.06166544184088707,-0.036125872284173965,0.18388430774211884,0.5573142766952515,1.448927402496338,2.242422580718994,2.1373631954193115,1.0196430683135986,1.9461525678634644,3.137334108352661,2.656942844390869,2.116194009780884,1.0989909172058105,-0.1036439836025238
0.768330991268158,0.8615620732307434,0.902973473072052,0.9197784662246704,0.7933840155601501,0.5571153163909912,1.0208419561386108,1.0769037008285522,0.8115943074226379,0.3465127944946289,0.11064562946557999,0.12125460803508759,0.2732715308666229,0.21103408932685852,0.1504555642604828,2.0085103511810303,2.389399766921997,2.163490056991577,1.7553128004074097,1.797903060913086,1.8032751083374023,1.4392324686050415,0.4915434420108795,-0.04176197573542595,0.12405390292406082,-0.08488664031028748,0.2642877399921417,0.6867430210113525,1.299081802368164,0.16651475429534912,-0.801815927028656,-0.6412087082862854,0.5136104226112366,1.5563360452651978,1.6223331689834595,1.08861243724823,0.8677242994308472,2.4129559993743896,2.8527753353118896,2.2219932079315186,1.2774232625961304,0.5047662258148193,-0.15552109479904175
0.8827448487281799,0.9400160908699036,0.9512373208999634,0.8856509923934937,0.5928667187690735,0.24586576223373413,0.29209503531455994,0.14773675799369812,0.01655980758368969,-0.141839399933815,-0.15575189888477325,-0.29344454407691956,-0.2777593731880188,-0.5872147083282471,0.8319820165634155,1.9963083267211914,2.0114381313323975,1.8230363130569458,1.4299908876419067,1.0283007621765137,0.6966217756271362,0.6947556734085083,0.8636075258255005,-0.8760386109352112,0.12764279544353485,0.1919213831424713,0.707862913608551,0.7789965867996216,0.6604351997375488,0.4877050220966339,-1.1187468767166138,-1.1212135553359985,0.09476926922798157,0.5663660168647766,0.15502581000328064,0.4149857759475708,1.7064955234527588,2.663343906402588,2.114237070083618,1.2588756084442139,1.0448105335235596,0.9785557985305786,0.7693416476249695
1.021852731704712,1.002424955368042,0.9815483093261719,0.8784148693084717,0.6408638954162598,0.4357787072658539,0.2637955844402313,-0.15451118350028992,-0.20002874732017517,-0.15839147567749023,0.12559774518013,-0.04028899967670441,-0.557689905166626,-0.1746651828289032,2.1256613731384277,2.1789777278900146,1.5994127988815308,1.3984977006912231,1.1671112775802612,0.8977319598197937,0.5622112154960632,1.0552027225494385,1.530247688293457,0.625298023223877,-0.5123882293701172,0.046011969447135925,0.5393823385238647,0.45600268244743347,0.3661442995071411,0.8560535311698914,0.10969424247741699,-0.9323153495788574,-0.08240272104740143,-0.19237330555915833,-0.3704199194908142,1.3854674100875854,2.76427960395813,2.464141368865967,1.17697274684906,0.32127290964126587,0.465154230594635,0.6749131083488464,0.8035194873809814
1.2027852535247803,1.144053339958191,1.0911307334899902,1.0228949785232544,1.0553685426712036,0.7687665224075317,0.8171365857124329,0.6374170184135437,0.9402245283126831,1.1743468046188354,1.3367701768875122,1.380401611328125,0.9568778872489929,2.024061441421509,3.0117685794830322,2.3939945697784424,1.3582316637039185,0.8976722955703735,0.8266182541847229,0.9941680431365967,1.0077650547027588,1.5183357000350952,1.8550328016281128,1.8305890560150146,-0.6886904239654541,-0.9898445010185242,-0.32975754141807556,0.5355148911476135,1.254913091659546,1.2919443845748901,0.9680220484733582,0.25313013792037964,1.1680699586868286,0.6373845338821411,1.580121636390686,2.68485689163208,2.7962393760681152,1.7292430400848389,0.6427164077758789,-0.02445753663778305,-0.6080034971237183,-0.6034614443778992,-0.04825717955827713
1.3452537059783936,1.284735083580017,1.1928188800811768,1.0853564739227295,1.06843900680542,1.0529130697250366,1.3984168767929077,1.3206707239151,1.4847404956817627,1.5755338668823242,1.688225269317627,1.8962323665618896,2.0046725273132324,2.6463961601257324,2.0761630535125732,1.4924782514572144,0.8103863000869751,0.45721352100372314,0.4553654193878174,0.7581346035003662,1.2192041873931885,1.8361839056015015,2.1546919345855713,1.8675882816314697,0.8112884759902954,-0.7436665296554565,-0.08804208785295486,1.1460453271865845,1.6097928285598755,1.189653754234314,0.6785287857055664,0.7777240872383118,0.6705196499824524,0.9924049377441406,2.7206358909606934,2.7401599884033203,2.0310709476470947,1.0140737295150757,0.2905394732952118,-0.23242878913879395,-1.0399298667907715,-1.2358094453811646,-0.9295371174812317
1.5158799886703491,1.4179402589797974,1.2622497081756592,1.150827407836914,1.1243913173675537,1.2407715320587158,1.1880630254745483,1.2379645109176636,1.2913981676101685,1.3599817752838135,1.5883690118789673,1.9134535789489746,1.61167573928833,1.1808675527572632,0.5422868132591248,0.2608836889266968,-0.1942952275276184,-0.3177136778831482,0.17467841506004333,0.8618814945220947,1.4839192628860474,2.0606789588928223,2.1886746883392334,1.8510215282440186,1.9467450380325317,1.086780309677124,1.3535605669021606,1.5065451860427856,0.8514718413352966,0.22415468096733093,0.0573381632566452,-0.10697362571954727,-1.0451419353485107,0.48514556884765625,1.8570849895477295,2.123175859451294,1.303605556488037,0.48560649156570435,-0.09866039454936981,-0.4253360629081726,-0.48392874002456665,-1.00459885597229,-1.2511451244354248
1.6812328100204468,1.4999240636825562,1.3225349187850952,1.181433916091919,1.0951803922653198,0.8798156380653381,0.8253299593925476,1.0215319395065308,1.250980257987976,1.2445377111434937,1.2803897857666016,0.99114590883255,0.4556390941143036,-0.05302274972200394,-0.2548691928386688,-0.16903917491436005,0.1842556893825531,0.5737594366073608,1.1103615760803223,1.5709235668182373,1.963498592376709,2.176443338394165,2.137983798980713,1.7262563705444336,1.0767977237701416,1.276716947555542,1.4654020071029663,0.717000424861908,-0.46111199259757996,-0.587002694606781,-0.6259899735450745,-0.5469643473625183,-0.8535269498825073,0.41425904631614685,1.2092033624649048,1.9739294052124023,1.9672014713287354,1.4144905805587769,1.053166151046753,0.863516092300415,0.9780740737915039,0.17082402110099792,-0.0155812818557024
1.7698861360549927,1.4959028959274292,1.3359512090682983,1.175068736076355,0.9256560802459717,0.5549020171165466,0.5322055220603943,0.38793906569480896,0.7172767519950867,0.1904066950082779,-0.18119220435619354,-0.13222461938858032,-0.14063027501106262,-0.22669297456741333,0.2909058630466461,1.0890671014785767,1.9563944339752197,2.164950132369995,2.0287249088287354,1.8844494819641113,1.9549733400344849,1.9343777894973755,1.9249016046524048,1.182701826095581,0.6128007173538208,0.8070417642593384,0.9977290034294128,0.8072059750556946,-0.5492298603057861,-0.4638689160346985,-0.22634997963905334,-0.852363109588623,-0.10118928551673889,1.404598593711853,1.8268853425979614,2.0474538803100586,2.293714761734009,2.316560745239258,1.768407940864563,1.5740766525268555,1.9045225381851196,1.4649474620819092,1.276854157447815
1.750908613204956,1.4647481441497803,1.325569748878479,1.1226686239242554,0.931753933429718,0.6363292336463928,0.22089844942092896,-0.02807881496846676,-0.03694198280572891,-0.1259569227695465,0.18206924200057983,0.7619567513465881,1.1036672592163086,0.900775134563446,1.650026559829712,2.2945504188537598,2.3669722080230713,1.8861939907073975,1.7027090787887573,1.6012916564941406,1.5521024465560913,1.4053770303726196,1.7398370504379272,1.5792608261108398,1.0896488428115845,1.1069507598876953,1.5288469791412354,1.827518105506897,0.7730990648269653,1.1883879899978638,1.5942485332489014,0.519682765007019,1.378537654876709,2.5005850791931152,2.6944005489349365,2.1819517612457275,1.624474287033081,1.4992282390594482,1.1493631601333618,1.50239896774292,2.4247255325317383,2.3919472694396973,1.8226017951965332
1.663502812385559,1.377108097076416,1.2612735033035278,1.0659459829330444,0.9855682253837585,0.8665409684181213,0.7567530870437622,0.9027515053749084,0.6793748140335083,1.222769021987915,1.8529397249221802,2.0411548614501953,1.9644434452056885,1.549931287765503,1.657537579536438,1.8160700798034668,1.7305680513381958,1.5436623096466064,1.6106454133987427,1.3734242916107178,1.4590274095535278,1.7815881967544556,2.137688398361206,2.281207323074341,1.2879011631011963,1.4382200241088867,2.424760103225708,2.0989418029785156,1.7900073528289795,2.3926498889923096,2.494616746902466,2.5095369815826416,2.598630905151367,2.368983030319214,2.3546767234802246,2.225637674331665,1.5773406028747559,1.1246378421783447,1.455313801765442,2.5785932540893555,2.9642374515533447,2.9656238555908203,2.1050729751586914
1.4344875812530518,1.1858842372894287,1.088001012802124,0.9181051254272461,0.8438984751701355,0.8712339401245117,1.2613356113433838,1.763655185699463,1.7526977062225342,1.9287108182907104,2.032381534576416,1.9253216981887817,1.4235684871673584,1.1144182682037354,0.7588870525360107,0.672128438949585,1.070285439491272,1.6059952974319458,1.5561163425445557,1.4009050130844116,1.9378567934036255,2.569352626800537,2.667105197906494,2.4090237617492676,1.671445608139038,1.894748568534851,2.513597249984741,2.092487096786499,2.1796278953552246,2.3109993934631348,2.2081875801086426,2.784029483795166,2.9405171871185303,2.3115668296813965,1.2623028755187988,1.4680300951004028,1.6247351169586182,1.3436877727508545,2.1362240314483643,2.7685446739196777,2.7562057971954346,2.3941948413848877,1.790590763092041
