demo/1700-wind-surface-level-gfs-1.0.json
{"header": {"productDefinitionTemplate": 0, "surface1Type": 103, "productStatus": 0, "disciplineName": "Meteorological products", "subDivisions": 0, "winds": "true", "parameterNumberName": "U-component_of_wind", "discipline": 0, "surface2Value": 0, "significanceOfRTName": "Start of forecast", "surface2TypeName": "Missing", "surface2Type": 255, "productTypeName": "Forecast products", "dx": 0.024617210030555725, "dy": 0.01798853650689125, "numberPoints": 65160, "productStatusName": "Operational products", "gribEdition": 2, "parameterUnit": "m.s-1", "forecastTime": 0, "refTime": "2020-09-30T15:00:00.000Z", "productType": 1, "genProcessTypeName": "Forecast", "scanMode": 0, "genProcessType": 2, "gribLength": 11338.0, "significanceOfRT": 1, "productDefinitionTemplateName": "Analysis/forecast at horizontal level/layer at a point in time", "centerName": "WRF OUTPUT", "la1": 43.66691207885742, "la2": 42.426788330078125, "lo2": 13.70867919921875, "gridUnits": "degrees", "surface1Value": 10, "shapeName": "Earth spherical with radius of 6,371,229.0 m", "surface1TypeName": "Specified height level above ground", "nx": 70.0, "ny": 70.0, "lo1": 12.008544921875, "basicAngle": 0, "gridDefinitionTemplate": 0, "shape": 6, "parameterNumber": 2, "subcenter": 0, "parameterCategoryName": "Momentum", "parameterCategory": 2, "center": 0, "gridDefinitionTemplateName": "Latitude_Longitude", "resolution": 48}, "data":
[rows 0 to 18 of 70, columns 0 to 42 of 70]
1.284964680671692,1.5068612098693848,1.9010603427886963,2.307765245437622,2.448169231414795,2.5397751331329346,2.54659104347229,2.5298032760620117,2.495032787322998,2.348729372024536,2.0746729373931885,1.5713708400726318,0.7873364686965942,0.06845981627702713,-0.2933357059955597,-0.43534785509109497,-0.43112921714782715,-0.18375451862812042,0.056787047535181046,0.14983272552490234,0.16132348775863647,0.11078441143035889,-0.1017356812953949,-0.3930651545524597,-0.6119867563247681,-0.8144636750221252,-1.040291666984558,-1.232934594154358,-1.482707142829895,-1.6690459251403809,-1.8046786785125732,-2.003127336502075,-2.233952522277832,-2.44478178024292,-2.5838711261749268,-2.69299578666687,-2.7576048374176025,-2.777209997177124,-2.796487331390381,-2.824603319168091,-2.8391706943511963,-2.93099308013916,-3.116759777069092
1.1621384620666504,1.3845845460891724,1.6740424633026123,2.0201988220214844,2.2574942111968994,2.4107213020324707,2.451514720916748,2.452620506286621,2.5004608631134033,2.492708921432495,2.403789520263672,2.0306472778320312,1.3667625188827515,0.6886014342308044,0.23381207883358002,-0.004901893436908722,-0.036013323813676834,0.10381779819726944,0.2639043629169464,0.3107925355434418,0.290593683719635,0.1709570586681366,-0.07023102790117264,-0.3477199375629425,-0.52022784948349,-0.6758630275726318,-0.8551860451698303,-1.0437207221984863,-1.227346658706665,-1.4277807474136353,-1.6090513467788696,-1.8191052675247192,-2.018162488937378,-2.199389696121216,-2.326741933822632,-2.4348974227905273,-2.5340681076049805,-2.598210334777832,-2.6668879985809326,-2.7709195613861084,-2.841386318206787,-2.9373083114624023,-3.145146131515503
1.0759936571121216,1.3337808847427368,1.5878605842590332,1.8817118406295776,2.1959421634674072,2.3700971603393555,2.4734628200531006,2.4689440727233887,2.5193183422088623,2.5347797870635986,2.4939937591552734,2.243295907974243,1.7310616970062256,1.1091331243515015,0.6967610120773315,0.4416115880012512,0.3970404863357544,0.4316251277923584,0.5159298777580261,0.4894312620162964,0.48861411213874817,0.34917256236076355,0.1200983077287674,-0.09836594015359879,-0.24000108242034912,-0.39498308300971985,-0.5913209319114685,-0.8021009564399719,-1.0100479125976562,-1.2714548110961914,-1.5000231266021729,-1.7000534534454346,-1.8413984775543213,-1.9720700979232788,-2.0884017944335938,-2.2112433910369873,-2.3234643936157227,-2.4091615676879883,-2.497962474822998,-2.6371583938598633,-2.782984733581543,-2.941999673843384,-3.155327081680298
1.187706470489502,1.4539399147033691,1.61299729347229,1.8655627965927124,2.1271133422851562,2.2903289794921875,2.2945287227630615,2.2573559284210205,2.2746188640594482,2.3600127696990967,2.388115406036377,2.3039615154266357,2.105856418609619,1.8161159753799438,1.4661389589309692,1.1768226623535156,1.0294969081878662,0.9987784028053284,0.9568391442298889,0.904248058795929,0.7644315958023071,0.5859544277191162,0.4096919894218445,0.2742135524749756,0.214885413646698,0.09541773051023483,-0.21428033709526062,-0.5396324396133423,-0.7648520469665527,-1.0472407341003418,-1.328936219215393,-1.4996734857559204,-1.6159566640853882,-1.7133830785751343,-1.828989863395691,-1.9547661542892456,-2.069821834564209,-2.157639265060425,-2.2808921337127686,-2.4685773849487305,-2.6778061389923096,-2.892887592315674,-3.142411708831787
1.2272710800170898,1.5100399255752563,1.7197209596633911,1.9795106649398804,2.2519431114196777,2.4344210624694824,2.247257709503174,1.8643054962158203,1.7340927124023438,1.8954277038574219,1.9938052892684937,2.1136558055877686,2.291863441467285,2.5273797512054443,2.696087121963501,2.529636859893799,2.1684257984161377,2.1653149127960205,2.185905694961548,2.1287038326263428,1.6615056991577148,1.1712965965270996,0.9647668600082397,0.8584238290786743,0.996061384677887,1.0324701070785522,-0.07626435160636902,-0.7574443817138672,-0.43393123149871826,-0.708997368812561,-1.2041982412338257,-1.3717643022537231,-1.5209232568740845,-1.5953248739242554,-1.620897650718689,-1.7092499732971191,-1.7969774007797241,-1.8931832313537598,-2.0834951400756836,-2.368917465209961,-2.757133722305298,-3.034114360809326,-3.200425624847412
1.6314328908920288,1.9516849517822266,1.9748224020004272,2.146294116973877,2.2087130546569824,2.097846508026123,2.1224422454833984,2.194385528564453,2.258134603500366,2.498284101486206,2.4733028411865234,2.451547384262085,2.3990659713745117,2.342851400375366,2.2504525184631348,2.4214439392089844,2.660931348800659,2.4178407192230225,1.8161063194274902,1.6234544515609741,1.4822559356689453,1.407737135887146,1.353420376777649,1.6324089765548706,2.175584077835083,2.296788215637207,0.43273457884788513,-0.8812656402587891,-0.4642709195613861,-0.42545437812805176,-0.702478289604187,-0.7974179983139038,-0.9588073492050171,-1.2527577877044678,-1.3186001777648926,-1.376145839691162,-1.5486608743667603,-1.835178256034851,-2.1282570362091064,-2.449915885925293,-2.7515268325805664,-2.9658632278442383,-3.2049977779388428
1.8368642330169678,2.114718198776245,2.068159341812134,2.0996909141540527,2.2134158611297607,2.2400155067443848,2.2110557556152344,2.1896088123321533,2.1402769088745117,2.0807955265045166,1.9391521215438843,1.8023158311843872,1.8426910638809204,2.180727005004883,2.4063971042633057,2.6226003170013428,2.6951847076416016,2.314891815185547,1.8825383186340332,1.8740099668502808,2.340080499649048,2.5881404876708984,2.2924609184265137,1.8839836120605469,1.3928378820419312,0.4059028923511505,-0.4886868894100189,-0.616790771484375,-0.35653939843177795,-0.24467574059963226,-0.5169218182563782,-0.7669888734817505,-1.0661476850509644,-1.3090471029281616,-1.2541000843048096,-1.3796947002410889,-1.6261980533599854,-1.8352817296981812,-2.069451332092285,-2.418841600418091,-2.6555142402648926,-2.88435435295105,-3.1437902450561523
1.8237751722335815,2.0212883949279785,1.913476586341858,1.9462592601776123,2.0507407188415527,2.050727367401123,1.9797264337539673,1.7914139032363892,1.8472180366516113,1.9174224138259888,1.7583047151565552,1.9052222967147827,2.0627634525299072,2.026914119720459,2.10213041305542,2.029993772506714,2.003988742828369,1.8461288213729858,1.8978888988494873,2.0885732173919678,2.184347152709961,2.0646309852600098,2.253129005432129,1.8126378059387207,1.2570117712020874,1.2043801546096802,0.9786118865013123,0.6954405903816223,0.36862561106681824,-0.020800739526748657,-0.1909923255443573,-0.6271265149116516,-1.114652395248413,-1.0297143459320068,-0.7932407259941101,-1.0183911323547363,-1.4257032871246338,-1.6884833574295044,-1.9062329530715942,-2.2955551147460938,-2.6933746337890625,-2.9493050575256348,-3.076119899749756
1.6548810005187988,1.5893491506576538,1.6489646434783936,1.7765564918518066,1.9507896900177002,1.7583794593811035,1.5594712495803833,1.423186182975769,1.4147387742996216,1.6056160926818848,1.5828619003295898,1.6797847747802734,1.7442972660064697,1.8373266458511353,1.771499514579773,1.8088126182556152,1.9340250492095947,2.097954511642456,2.383939504623413,2.644214391708374,2.398902416229248,2.091599941253662,2.213698387145996,1.9458935260772705,2.0503358840942383,2.412651538848877,1.8295308351516724,0.6055610775947571,0.10118240118026733,-0.027897851541638374,0.09214971214532852,-0.2842377722263336,-0.8353098034858704,-0.6761239171028137,-0.2473166435956955,-0.3347364068031311,-0.4589760899543762,-0.42782506346702576,-0.6167199015617371,-1.194116234779358,-2.093140125274658,-2.7049758434295654,-2.8083415031433105
1.6393179893493652,1.4620916843414307,1.5004676580429077,1.6197537183761597,1.6592613458633423,1.2986068725585938,1.0054553747177124,1.0378673076629639,1.1885144710540771,1.2608143091201782,1.3754276037216187,1.3985586166381836,1.444620966911316,2.0214285850524902,2.240741491317749,2.024228096008301,2.129178047180176,2.311244010925293,2.352264404296875,2.334821939468384,2.0920746326446533,1.8883212804794312,1.6276599168777466,1.3038662672042847,2.157453775405884,2.533344268798828,1.9700160026550293,1.5798803567886353,0.850862443447113,0.24432986974716187,0.37222185730934143,0.13613489270210266,-0.4389825463294983,-0.29400384426116943,-0.0030593257397413254,-0.12421206384897232,-0.014431272633373737,0.3954918086528778,0.39765089750289917,-0.029057757928967476,-0.8227819204330444,-1.5477030277252197,-1.9127520322799683
1.696171760559082,1.4382812976837158,1.3302356004714966,1.4788089990615845,1.2681649923324585,0.6551337242126465,0.5984120965003967,0.6099336743354797,1.2092411518096924,1.3115906715393066,0.7708730697631836,0.8315556645393372,1.2776222229003906,1.9876893758773804,2.324984073638916,2.256537914276123,2.1500442028045654,1.9487956762313843,2.016653060913086,1.9422016143798828,1.7407653331756592,2.175166130065918,2.1935973167419434,1.820101022720337,1.3495173454284668,1.0979619026184082,1.9434152841567993,2.7778568267822266,1.979050874710083,0.7815219759941101,0.25701892375946045,-0.24555404484272003,-0.21676279604434967,0.36590859293937683,0.07930143177509308,-0.2966434955596924,0.16900338232517242,0.6878416538238525,0.29632869362831116,-0.3630070090293884,-0.7351266741752625,-1.0353490114212036,-1.5517096519470215
1.750279188156128,1.3732928037643433,1.1866140365600586,1.161113977432251,0.5531530380249023,0.28502994775772095,0.3987361788749695,0.48954206705093384,1.279797911643982,0.9386504888534546,0.3398207724094391,0.796506404876709,1.4953521490097046,2.0550854206085205,2.4322173595428467,2.4632296562194824,2.0047643184661865,1.68473219871521,2.0512874126434326,1.9735749959945679,1.8259409666061401,2.2908875942230225,2.5630929470062256,2.0577633380889893,1.4350093603134155,1.0214341878890991,1.2860110998153687,2.2161827087402344,2.735959529876709,1.0353264808654785,-0.7483518123626709,-0.7144550681114197,0.17094630002975464,0.5396390557289124,0.05978837609291077,-0.17016345262527466,0.2551950216293335,0.6174327731132507,0.09741944819688797,-0.5370317101478577,-1.0025967359542847,-1.495091438293457,-1.6942059993743896
1.7891697883605957,1.2883336544036865,1.0173163414001465,0.8762184977531433,0.227981299161911,0.1127481684088707,0.40590569376945496,0.9317458868026733,0.859999418258667,-0.6256266832351685,-0.6074494123458862,0.669923722743988,1.518676519393921,2.1149823665618896,2.629129409790039,2.45218563079834,1.7170543670654297,1.4745768308639526,1.7482988834381104,1.8605806827545166,1.8487775325775146,2.0670769214630127,2.1286091804504395,2.0981712341308594,1.8168721199035645,1.2790169715881348,1.0498958826065063,1.4158718585968018,2.680115222930908,2.625427484512329,0.9792165160179138,0.2586737275123596,0.2490115761756897,0.4213176965713501,0.41802480816841125,0.2306976169347763,0.3909834027290344,0.5119147300720215,-0.016114354133605957,-0.4009888172149658,-0.6873801350593567,-1.262897253036499,-1.342694878578186
1.8064161539077759,1.2862640619277954,1.0516173839569092,0.8140690326690674,0.3652847409248352,0.1870897263288498,0.4453861117362976,0.8573610782623291,0.9182357788085938,0.33440127968788147,0.22935575246810913,0.9373572468757629,1.5651218891143799,1.7429251670837402,1.7098519802093506,1.5388859510421753,1.3629076480865479,1.414839506149292,1.7959026098251343,2.0815346240997314,1.9202896356582642,1.6731098890304565,1.9071592092514038,2.1629464626312256,2.189915657043457,1.9760942459106445,1.8342334032058716,2.0743746757507324,2.522534132003784,2.5199453830718994,2.397822380065918,2.4428811073303223,0.7456758618354797,-0.541993260383606,0.058519456535577774,0.31021153926849365,0.42704445123672485,0.47847893834114075,0.3476469814777374,0.31623098254203796,-0.46451878547668457,-1.0389436483383179,-0.8093746304512024
1.9003008604049683,1.4575079679489136,1.1872493028640747,0.8628013730049133,0.6286370754241943,0.5737220048904419,0.7254130244255066,0.8110018968582153,0.6659901738166809,0.17906516790390015,0.29729047417640686,1.0053460597991943,1.521791934967041,1.822596788406372,1.9261246919631958,1.6205865144729614,1.292495608329773,1.4527995586395264,1.985405683517456,2.0423038005828857,1.784092664718628,1.7187947034835815,1.908855676651001,2.0260210037231445,2.254481077194214,2.509162664413452,2.502035140991211,2.444578170776367,2.6153008937835693,2.487447500228882,2.3551218509674072,2.5730931758880615,2.1148316860198975,0.770983874797821,0.14169450104236603,0.1558692306280136,0.2692355811595917,0.4167660176753998,0.5490326285362244,0.5512108206748962,-0.5181437730789185,-0.8122009038925171,-0.15835966169834137
2.1727428436279297,1.8485060930252075,1.5404016971588135,1.259445309638977,1.0095926523208618,0.5844892859458923,0.7355257868766785,0.9515385627746582,0.6636730432510376,0.15367840230464935,0.07072318345308304,0.7841545939445496,1.3853920698165894,1.8180902004241943,1.8226653337478638,1.3501185178756714,1.2330329418182373,1.7506308555603027,2.0650951862335205,1.6328400373458862,1.2514307498931885,1.5718085765838623,2.038485050201416,2.1026904582977295,1.8915724754333496,2.085580348968506,2.028925895690918,1.5732866525650024,2.099637985229492,2.8470582962036133,2.5945868492126465,2.048438549041748,2.200894832611084,1.5696982145309448,0.5646910667419434,0.6553959846496582,0.30617406964302063,-0.1385301649570465,0.6859719753265381,0.7380231022834778,-0.3229456841945648,-0.0907054990530014,0.23522862792015076
2.3682143688201904,2.1433184146881104,1.756498098373413,1.445025086402893,1.1839418411254883,0.83315509557724,1.0362379550933838,1.1008424758911133,0.7902989387512207,0.470499724149704,0.4349755644798279,1.05635404586792,1.7092444896697998,1.8442951440811157,1.356966495513916,1.3739365339279175,1.948093056678772,1.9718799591064453,1.3367960453033447,0.9142575860023499,1.312126636505127,2.0316805839538574,2.386134147644043,2.310067892074585,2.06211519241333,1.971167802810669,1.7056770324707031,1.4590908288955688,1.6763108968734741,2.7520084381103516,3.0455965995788574,2.269021987915039,1.878226637840271,1.663246989250183,0.7407096028327942,0.8691256046295166,0.7844570875167847,-0.2629181444644928,0.8969690203666687,0.6870073080062866,-0.8551725149154663,-0.03678697347640991,0.08175939321517944
2.4011690616607666,2.229395627975464,1.887303352355957,1.5080082416534424,1.095977544784546,0.9403110146522522,1.0906850099563599,0.8032160401344299,0.48410001397132874,0.6002925634384155,0.8952358365058899,1.1916943788528442,1.5087323188781738,1.4318898916244507,1.369893193244934,1.9611245393753052,1.9114784002304077,1.1522548198699951,0.8615274429321289,1.4524614810943604,1.950348973274231,2.1110763549804688,2.2097697257995605,2.3247697353363037,2.152254581451416,1.8589171171188354,1.6077040433883667,1.4999263286590576,1.7259114980697632,2.5991716384887695,3.6309733390808105,3.3236656188964844,2.3392539024353027,2.153489589691162,2.6061296463012695,2.866842031478882,2.6401939392089844,2.11527681350708,2.011490821838379,1.4671952724456787,0.4064563512802124,0.9463809728622437,0.3054378628730774
2.462007999420166,2.2606685161590576,1.92692232131958,1.531732201576233,1.3336894512176514,1.2801657915115356,1.148162603378296,0.718449056148529,0.5130099058151245,0.8315235376358032,1.0534100532531738,0.9750610589981079,1.0954031944274902,1.2791485786437988,1.7556712627410889,1.974597454071045,1.4243671894073486,1.08237624168396,1.425869345664978,2.127192974090576,2.308724880218506,1.9413039684295654,1.8954541683197021,2.1021292209625244,2.273209571838379,2.2322211265563965,2.097257137298584,2.092092275619507,2.1458873748779297,2.331685781478882,2.887089967727661,3.3051719665527344,2.9064831733703613,2.3951234817504883,2.627309799194336,3.0160186290740967,3.10904860496521,2.9053783416748047,2.76669979095459,2.1313915252685547,0.6599597334861755,0.8667088747024536,1.994014024734497
