demo/1700-wind-surface-level-gfs-1.0.json
{"header": {"productDefinitionTemplate": 0, "surface1Type": 103, "productStatus": 0, "disciplineName": "Meteorological products", "subDivisions": 0, "winds": "true", "parameterNumberName": "V-component_of_wind", "discipline": 0, "surface2Value": 0, "significanceOfRTName": "Start of forecast", "surface2TypeName": "Missing", "surface2Type": 255, "productTypeName": "Forecast products", "dx": 0.024617210030555725, "dy": 0.01798853650689125, "numberPoints": 65160, "productStatusName": "Operational products", "gribEdition": 2, "parameterUnit": "m.s-1", "forecastTime": 0, "refTime": "2020-09-30T15:00:00.000Z", "productType": 1, "genProcessTypeName": "Forecast", "scanMode": 0, "genProcessType": 2, "gribLength": 11338.0, "significanceOfRT": 1, "productDefinitionTemplateName": "Analysis/forecast at horizontal level/layer at a point in time", "centerName": "WRF OUTPUT", "la1": 43.66691207885742, "la2": 42.426788330078125, "lo2": 13.70867919921875, "gridUnits": "degrees", "surface1Value": 10, "shapeName": "Earth spherical with radius of 6,371,229.0 m", "surface1TypeName": "Specified height level above ground", "nx": 70.0, "ny": 70.0, "lo1": 12.008544921875, "basicAngle": 0, "gridDefinitionTemplate": 0, "shape": 6, "parameterNumber": 3, "subcenter": 0, "parameterCategoryName": "Momentum", "parameterCategory": 2, "center": 0, "gridDefinitionTemplateName": "Latitude_Longitude", "resolution": 48}, "data":
[rows 19 to 37 of 70, columns 0 to 42 of 70]
1.2132045030593872,1.1734527349472046,1.1715434789657593,1.2844555377960205,1.4447671175003052,1.4643360376358032,1.4376940727233887,1.7503584623336792,1.7321157455444336,1.6393239498138428,2.2403080463409424,2.120363712310791,1.4272611141204834,0.9987146854400635,0.559630274772644,0.8296630382537842,1.0650594234466553,0.5948393940925598,-0.026047013700008392,-0.08519642800092697,0.23693445324897766,0.1924765408039093,-0.22935326397418976,-0.5110387802124023,-0.5088725686073303,-0.10133583098649979,0.3483790159225464,0.6841983795166016,0.8261253833770752,1.1474888324737549,1.3331972360610962,1.7154366970062256,1.7841593027114868,1.6513779163360596,1.2844603061676025,0.9980818629264832,0.7078331708908081,0.46994733810424805,0.3262246251106262,0.020292310044169426,-0.9578052759170532,-1.4526684284210205,-0.7725362777709961
1.2568175792694092,1.273593783378601,1.3261208534240723,1.4237509965896606,1.5710641145706177,1.6626439094543457,1.7402243614196777,2.098963975906372,2.010883331298828,1.8984850645065308,2.1325573921203613,1.567785382270813,0.7712021470069885,0.2035098522901535,-0.05187854543328285,0.018132828176021576,-0.10608840733766556,-0.23237735033035278,-0.05637137591838837,0.21973010897636414,0.193655326962471,0.33054831624031067,0.6452831029891968,0.6935492753982544,0.5554285645484924,0.5087332129478455,1.0374618768692017,1.4475282430648804,1.6538969278335571,1.7173781394958496,1.6449261903762817,1.6840349435806274,1.4046671390533447,1.2071170806884766,0.9577310681343079,0.7014511823654175,0.2894164025783539,-0.04943767562508583,-0.39925992488861084,-0.4991753399372101,-0.9011902809143066,-1.8109768629074097,-1.5655092000961304
1.2956688404083252,1.3285753726959229,1.414038896560669,1.5036771297454834,1.6644253730773926,1.903117060661316,2.0817484855651855,2.05488657951355,1.945516586303711,1.9393441677093506,1.32225501537323,0.6801058650016785,0.21264860033988953,-0.24720899760723114,-0.45159080624580383,-0.5269790887832642,-0.09490735828876495,0.5440154075622559,0.7352444529533386,0.8305179476737976,0.8007972240447998,0.9938833713531494,1.0645006895065308,0.9122037291526794,0.7681202292442322,0.9888543486595154,1.3567711114883423,1.6518667936325073,1.6647639274597168,1.527748942375183,1.4498114585876465,1.2837440967559814,0.9944300651550293,0.6917300224304199,0.4171313941478729,0.1080130934715271,-0.24273186922073364,-0.6088081002235413,-0.9507327079772949,-1.1796274185180664,-1.2321991920471191,-1.5868643522262573,-1.44011652469635
1.2814843654632568,1.34377121925354,1.4395098686218262,1.543623685836792,1.8888344764709473,2.028374433517456,2.217857837677002,1.7032088041305542,1.6785888671875,2.044325351715088,1.0655319690704346,0.5024362802505493,0.5222821235656738,0.6965136528015137,0.5704672336578369,0.24722550809383392,0.7112339735031128,1.4271240234375,1.2822179794311523,1.3181450366973877,1.5196014642715454,1.3242982625961304,1.0248632431030273,0.7628331184387207,0.8984790444374084,1.377979040145874,1.4927963018417358,1.4446334838867188,1.2905149459838867,0.810509443283081,0.6726251840591431,0.562696635723114,0.9949714541435242,0.877846360206604,0.37456315755844116,0.09739774465560913,-0.003260090947151184,-0.2351820468902588,-0.7153458595275879,-1.2818734645843506,-1.7615011930465698,-2.138301134109497,-2.0106537342071533
1.243384599685669,1.329254388809204,1.4211632013320923,1.5477553606033325,1.9882460832595825,2.141904354095459,1.7609124183654785,1.4939830303192139,1.8736861944198608,1.9035720825195312,1.0516080856323242,0.9577791690826416,1.2642194032669067,1.3898983001708984,1.0980279445648193,0.7773858904838562,0.976262092590332,1.0491154193878174,0.9470509886741638,1.0437875986099243,0.8976753950119019,0.6569159626960754,0.600138247013092,0.8232960104942322,1.2278090715408325,1.111695647239685,0.7527689337730408,0.5636350512504578,0.4145410656929016,0.277422159910202,0.42599767446517944,0.5666382908821106,1.3128165006637573,1.304267406463623,0.8218733668327332,0.6362282037734985,0.5625914931297302,0.3032074570655823,-0.10403396189212799,-0.601616621017456,-0.9046109318733215,-1.5644104480743408,-2.28389048576355
1.265113115310669,1.368696689605713,1.480046033859253,1.6221364736557007,1.9867637157440186,2.137150287628174,1.439662218093872,1.749804139137268,2.0024077892303467,1.5058202743530273,0.9036479592323303,0.9275881052017212,0.6455881595611572,0.39930349588394165,0.25405362248420715,0.07912439852952957,-0.21629317104816437,-0.12885528802871704,0.19394822418689728,0.3126811683177948,0.24291817843914032,0.3179585933685303,0.2524639964103699,0.3616187870502472,0.6366783976554871,0.5846482515335083,0.462932825088501,0.5894995927810669,0.8131620287895203,0.8647719621658325,0.8822595477104187,0.6688146591186523,0.7673050165176392,0.7925735712051392,0.4360473155975342,0.2578815519809723,0.2103172093629837,0.10347812622785568,0.17018601298332214,-0.1766221672296524,-0.6387237906455994,-0.8427280187606812,-1.6667529344558716
1.3118252754211426,1.4074151515960693,1.514461874961853,1.7381807565689087,2.098668336868286,1.8546326160430908,1.762117624282837,2.039614677429199,1.5484983921051025,0.9529867172241211,0.624176025390625,0.4954386353492737,0.24361035227775574,0.5576881766319275,0.3912837505340576,-0.05141470581293106,-0.8814708590507507,-1.1090646982192993,-0.8617255091667175,-0.749017059803009,-0.4897081255912781,-0.3567962646484375,-0.03121020644903183,0.4072413146495819,0.8434563875198364,1.1083462238311768,1.1876332759857178,1.1679363250732422,1.1987794637680054,0.8970741033554077,0.5442681908607483,0.10201696306467056,-0.1997106522321701,-0.019111474975943565,0.2010359913110733,0.40260592103004456,0.5922251343727112,0.8566864132881165,1.379781723022461,1.1833605766296387,0.10681639611721039,-0.3964068293571472,-0.5830591917037964
1.3797509670257568,1.5012483596801758,1.6549451351165771,1.8697797060012817,2.18680477142334,1.8689196109771729,1.7901908159255981,1.7206496000289917,0.8479625582695007,0.37001940608024597,0.2823905348777771,0.29554256796836853,0.579417884349823,1.0674855709075928,0.77388596534729,0.46158650517463684,-0.42308059334754944,-1.0760846138000488,-0.8662758469581604,-0.45820924639701843,-0.3155932128429413,-0.024962102994322777,0.6804478168487549,1.2098065614700317,1.4461737871170044,1.5502430200576782,1.4737217426300049,1.1829596757888794,0.768503725528717,0.3640938401222229,0.08455540239810944,-0.02941058948636055,-0.4692663252353668,-0.17343217134475708,0.6009429693222046,1.059125542640686,1.1882928609848022,1.2640970945358276,1.3456664085388184,1.3338583707809448,0.9719750881195068,0.4508666694164276,0.561059832572937
1.5155625343322754,1.6682732105255127,1.805251955986023,1.9404922723770142,2.1409356594085693,1.8335305452346802,1.4529438018798828,1.1266199350357056,0.4417557418346405,0.16555720567703247,0.09720978885889053,0.18100190162658691,0.2901657819747925,0.30814239382743835,0.32391446828842163,0.5210769176483154,-0.31087830662727356,-1.003279209136963,-0.6922295689582825,-0.5151839256286621,-0.09432550519704819,0.8000749349594116,1.3731223344802856,1.6105356216430664,1.7294279336929321,1.6550372838974,1.3725993633270264,0.8662985563278198,0.31605836749076843,-0.034777458757162094,-0.10962419211864471,-0.15501481294631958,-0.4676320254802704,-0.22377903759479523,0.33668363094329834,0.5643250346183777,0.48307791352272034,0.05855262279510498,-0.35093265771865845,-0.5019150376319885,-0.09375613927841187,-0.11039040237665176,0.05057132616639137
1.6091983318328857,1.7381194829940796,1.8661673069000244,1.8809255361557007,1.8077322244644165,1.4755102396011353,1.2217644453048706,0.5566816329956055,0.22357791662216187,0.2519325911998749,0.1333085298538208,0.14614908397197723,-0.002371940528973937,-0.5926792025566101,-0.5665217638015747,-0.260230153799057,-0.1326359063386917,-1.4849674701690674,-1.8763229846954346,-1.0917195081710815,0.3646767735481262,1.3147348165512085,1.763798475265503,1.8797556161880493,1.693868637084961,1.2146337032318115,0.6944806575775146,0.3548153042793274,-0.028835061937570572,-0.2047024965286255,-0.23494058847427368,-0.1708538830280304,0.16561315953731537,0.41239383816719055,0.3757104277610779,0.26075565814971924,0.31391194462776184,-0.08075065910816193,-0.871469259262085,-1.3392534255981445,-1.3545241355895996,-1.5092281103134155,-1.6740778684616089
1.6353205442428589,1.6687034368515015,1.7489802837371826,1.7351984977722168,1.3192095756530762,0.9111126661300659,0.5184902548789978,0.07487080246210098,-0.07756277173757553,-0.12333118170499802,-0.2630232274532318,-0.1838126927614212,-0.4002029001712799,-1.0579545497894287,-1.3559309244155884,-1.0483479499816895,-0.35534951090812683,-0.45892229676246643,-0.48008817434310913,0.7488352656364441,1.6044375896453857,1.8655364513397217,1.9359110593795776,1.683979868888855,1.0080909729003906,0.37133610248565674,-0.07846353948116302,-0.1167232096195221,0.5541055798530579,0.8008307218551636,0.6976744532585144,0.9086962938308716,1.3637733459472656,1.4450452327728271,1.18052339553833,1.0213416814804077,1.067632794380188,0.8929470777511597,0.3860873579978943,-0.1438188999891281,-0.6799614429473877,-1.2929238080978394,-2.151033639907837
1.6289952993392944,1.608177661895752,1.642760992050171,1.5509860515594482,0.8158959150314331,0.2845684885978699,-0.10506006330251694,-0.3662243187427521,-0.36048734188079834,-0.6258697509765625,-0.8661263585090637,-0.8333772420883179,-0.2856244444847107,-0.09186965227127075,-0.30120113492012024,-0.1598610132932663,-0.06444644927978516,0.8444852828979492,1.2513165473937988,1.6014456748962402,1.908905029296875,1.9721622467041016,1.6907877922058105,1.3359787464141846,0.6732933521270752,0.42448216676712036,0.2737830579280853,1.0074400901794434,1.8438892364501953,1.4964500665664673,1.1704819202423096,1.391571044921875,1.5611451864242554,1.490555763244629,1.444928526878357,1.3731648921966553,0.8346966505050659,0.5876079201698303,0.5344158411026001,0.21492205560207367,-0.36293527483940125,-0.7993822693824768,-1.4184378385543823
1.6000754833221436,1.5952880382537842,1.5386407375335693,1.3248264789581299,0.521077036857605,-0.2111366242170334,-0.37719622254371643,-0.5362017154693604,-0.47908851504325867,-0.4822095036506653,-1.064611792564392,-1.372555136680603,-0.32029324769973755,0.8308597207069397,1.21309232711792,1.0528489351272583,1.2022132873535156,1.3763288259506226,1.6898099184036255,1.5745437145233154,1.90719473361969,1.7450225353240967,1.2733064889907837,0.8290615081787109,0.8780636787414551,1.39053475856781,1.5456979274749756,1.9507039785385132,1.4553784132003784,0.5759018063545227,0.35758599638938904,0.9918621778488159,1.145702600479126,0.9005537033081055,0.778539776802063,0.6056291460990906,0.07290427386760712,-0.3031240999698639,-0.3520734906196594,-0.2229704111814499,-0.0663069486618042,-0.025924352928996086,0.2524251341819763
1.5150094032287598,1.5085923671722412,1.3708324432373047,1.100221037864685,0.5572940111160278,-0.6514452695846558,-1.0592432022094727,-0.8464303016662598,-0.5803414583206177,-0.5268773436546326,-1.018650770187378,-1.6109422445297241,-1.2998154163360596,-0.3680441081523895,0.17069381475448608,0.6425814628601074,1.0745365619659424,1.5079561471939087,1.6078814268112183,1.217095136642456,1.0972720384597778,0.8621110320091248,0.4372176229953766,0.5339785218238831,1.2783716917037964,1.7956243753433228,1.4718623161315918,0.47923898696899414,-0.5472905039787292,-0.7090640068054199,0.2576412260532379,1.4076988697052002,1.4791256189346313,0.8023102879524231,0.5549921989440918,0.3753831088542938,0.38716259598731995,0.539772629737854,0.839982807636261,1.269200325012207,1.7473294734954834,1.731650948524475,1.3286031484603882
1.3977235555648804,1.3643172979354858,1.183416724205017,0.8982425928115845,0.5720850229263306,-0.029703136533498764,-0.9771929979324341,-1.024278163909912,-0.8616771101951599,-1.0669118165969849,-0.2787229120731354,-0.12323979288339615,-0.8432036638259888,-1.1119235754013062,-0.9972189664840698,-0.1301303207874298,0.40080201625823975,0.6643410921096802,0.4926925301551819,0.31406235694885254,0.2739560604095459,0.2270054817199707,0.47325459122657776,1.0721396207809448,1.3780511617660522,1.2284549474716187,0.8645198941230774,0.4684937298297882,-0.7110524773597717,-1.1423025131225586,0.8522224426269531,1.9784584045410156,1.9171056747436523,1.4055593013763428,1.1871323585510254,0.9049730896949768,0.9347574710845947,1.471024990081787,2.02553653717041,1.8905799388885498,1.6114760637283325,1.3388316631317139,0.6186005473136902
1.2562633752822876,1.2150273323059082,1.0228471755981445,0.7417726516723633,0.38148659467697144,0.004821854177862406,-0.5710003972053528,-0.7248257994651794,-1.294256567955017,-1.0783876180648804,0.4823438227176666,1.1137605905532837,0.5908893346786499,0.16022442281246185,-0.05533812195062637,-0.19375808537006378,0.06555468589067459,0.40889403223991394,0.5165239572525024,0.6274089813232422,0.6006463766098022,0.4506649971008301,0.5347626209259033,0.44046130776405334,0.2644871175289154,0.5158266425132751,1.2009261846542358,1.5256155729293823,0.7482907772064209,-0.022159766405820847,1.6632412672042847,2.139646053314209,1.7725160121917725,1.5029709339141846,1.146975040435791,0.9166572093963623,0.9189833998680115,1.231016993522644,1.3694404363632202,0.9671341180801392,0.46875619888305664,0.42585864663124084,0.3209223449230194
1.0890740156173706,1.0311604738235474,0.8323444128036499,0.6180935502052307,0.5808784365653992,0.0971560850739479,-0.359579473733902,-0.23414622247219086,-0.4888315796852112,-0.19665436446666718,0.08597269654273987,-0.16983932256698608,-0.17448197305202484,-0.21536317467689514,-0.18012838065624237,-0.1510632485151291,0.5095097422599792,1.0837316513061523,0.9074332118034363,0.5785542130470276,0.24564433097839355,0.049931757152080536,-0.246368870139122,-0.2694786787033081,-0.12750980257987976,0.5649072527885437,1.009797215461731,1.0273501873016357,1.177556037902832,1.4467182159423828,2.290419101715088,1.8109443187713623,1.0116328001022339,0.7477016448974609,0.5499900579452515,0.48865070939064026,0.544262170791626,0.5151476860046387,0.42580923438072205,0.4219244718551636,0.26744547486305237,0.2445664256811142,0.4470590054988861
0.9093297123908997,0.8142033219337463,0.6261147260665894,0.507053792476654,0.8564621806144714,1.018140196800232,0.7978943586349487,0.5280762910842896,0.4048333168029785,0.35796916484832764,-0.11508667469024658,-0.3945775330066681,-0.5226911902427673,-0.6382920742034912,-0.28167831897735596,0.23784567415714264,1.039196252822876,1.1434423923492432,0.697256863117218,0.08577755093574524,-0.29420167207717896,-0.32057225704193115,-0.23726752400398254,0.09965919703245163,0.17744098603725433,0.43628352880477905,-0.06697700917720795,-0.24532566964626312,0.6790855526924133,1.5689120292663574,1.8968796730041504,1.1552766561508179,0.20889054238796234,-0.0007547946879640222,0.10032039880752563,0.10179884731769562,0.147801011800766,0.10446678102016449,-0.09323354065418243,-0.17654307186603546,-0.2867968678474426,-0.4366244077682495,-0.5060034394264221
0.6769019365310669,0.5476711392402649,0.3671564757823944,0.25216418504714966,0.48054078221321106,0.608531653881073,0.9351683259010315,0.6657061576843262,0.31597596406936646,0.3499903082847595,0.02534494176506996,0.20216940343379974,0.6891232132911682,0.49500277638435364,0.35994964838027954,0.48757365345954895,1.0128926038742065,0.9281541705131531,0.5521928071975708,0.165191188454628,0.18039081990718842,-0.10896463692188263,-0.26583585143089294,-0.2108299881219864,-0.21002443134784698,-0.03508562222123146,-0.2834373414516449,-0.5564327239990234,-0.049637142568826675,0.6283389329910278,0.8327486515045166,0.4596899151802063,-0.06499096006155014,-0.129277303814888,0.15754392743110657,0.3118370771408081,0.30770188570022583,0.32534685730934143,0.12969845533370972,-0.17926907539367676,-0.1683957427740097,-0.235887348651886,-0.5139788389205933
