demo/1900-wind-surface-level-gfs-1.0.json
{"header": {"productDefinitionTemplate": 0, "surface1Type": 103, "productStatus": 0, "disciplineName": "Meteorological products", "subDivisions": 0, "winds": "true", "parameterNumberName": "U-component_of_wind", "discipline": 0, "surface2Value": 0, "significanceOfRTName": "Start of forecast", "surface2TypeName": "Missing", "surface2Type": 255, "productTypeName": "Forecast products", "dx": 0.024617210030555725, "dy": 0.01798853650689125, "numberPoints": 65160, "productStatusName": "Operational products", "gribEdition": 2, "parameterUnit": "m.s-1", "forecastTime": 0, "refTime": "2020-09-30T17:00:00.000Z", "productType": 1, "genProcessTypeName": "Forecast", "scanMode": 0, "genProcessType": 2, "gribLength": 11338.0, "significanceOfRT": 1, "productDefinitionTemplateName": "Analysis/forecast at horizontal level/layer at a point in time", "centerName": "WRF OUTPUT", "la1": 43.66691207885742, "la2": 42.426788330078125, "lo2": 13.70867919921875, "gridUnits": "degrees", "surface1Value": 10, "shapeName": "Earth spherical with radius of 6,371,229.0 m", "surface1TypeName": "Specified height level above ground", "nx": 70.0, "ny": 70.0, "lo1": 12.008544921875, "basicAngle": 0, "gridDefinitionTemplate": 0, "shape": 6, "parameterNumber": 2, "subcenter": 0, "parameterCategoryName": "Momentum", "parameterCategory": 2, "center": 0, "gridDefinitionTemplateName": "Latitude_Longitude", "resolution": 48}, "data":
[rows 38 to 56 of 70, columns 0 to 42 of 70]
0.8430892825126648,0.8419192433357239,1.065812349319458,1.3974658250808716,1.6064269542694092,1.315889596939087,1.2278432846069336,1.562124490737915,1.480480432510376,1.7428187131881714,2.37546968460083,2.532592296600342,2.0028984546661377,1.8950902223587036,2.218977212905884,2.5860071182250977,2.002986431121826,0.2517392933368683,-0.5014433264732361,0.2912403345108032,1.1779694557189941,1.9529253244400024,1.9320803880691528,0.7567605972290039,-0.31877410411834717,-0.7064839601516724,-0.9245412349700928,-0.7320183515548706,0.3505878746509552,0.37087371945381165,-0.21550095081329346,0.6266304850578308,1.761817216873169,1.6674505472183228,0.4037795960903168,0.48237016797065735,1.176353096961975,0.930790364742279,1.2946553230285645,2.636082649230957,3.4817583560943604,3.1032087802886963,2.8242087364196777
0.8317530751228333,0.7905466556549072,0.9605477452278137,1.1268450021743774,0.8339304327964783,0.37832117080688477,0.840070366859436,1.6386051177978516,1.7466926574707031,1.7943658828735352,2.7955665588378906,2.7823352813720703,2.0075314044952393,1.9897522926330566,2.3816680908203125,2.719313144683838,2.0093185901641846,0.08895817399024963,-0.9114490747451782,-0.42491623759269714,0.30514365434646606,1.4723864793777466,2.6830861568450928,2.036437511444092,0.9184287190437317,-0.2910171449184418,-1.1784024238586426,-0.6976805329322815,-0.004105157218873501,-0.009793343022465706,0.11648417264223099,0.6554032564163208,1.227574110031128,1.915382742881775,1.2052302360534668,0.3520987033843994,0.7215605974197388,1.1647400856018066,1.169033169746399,1.9148292541503906,3.331374168395996,4.516814231872559,4.852105617523193
0.9668736457824707,0.8663327097892761,0.8733100891113281,0.7980523705482483,0.2162322849035263,0.040887437760829926,0.8421990275382996,1.3204550743103027,1.4239423274993896,2.236687660217285,3.410001516342163,3.294675350189209,2.3643670082092285,2.0003809928894043,2.5779314041137695,2.9085593223571777,2.0198593139648438,0.3360079228878021,-0.4788976311683655,-0.6119479537010193,-0.431230366230011,0.9509974718093872,2.5320444107055664,2.611806631088257,1.6543720960617065,0.18026359379291534,-0.7493302226066589,-0.5691858530044556,-0.9542906284332275,-1.5921489000320435,-0.7088997960090637,0.6181259751319885,1.2518532276153564,2.1051456928253174,2.5920772552490234,1.192444920539856,0.2952268421649933,1.13763427734375,1.3084077835083008,1.4048620462417603,2.3848695755004883,3.0341334342956543,3.605620861053467
1.0899014472961426,0.9766873717308044,0.8728960752487183,0.860392153263092,0.37707242369651794,0.2997477650642395,1.289830207824707,1.6548011302947998,1.3614511489868164,1.7880154848098755,2.768264055252075,3.1933648586273193,2.7510390281677246,2.3211677074432373,2.6506237983703613,2.7097086906433105,1.859915018081665,1.055976390838623,0.9071910977363586,0.6941360235214233,0.16217409074306488,0.7839024066925049,2.317631244659424,3.075294256210327,2.682213068008423,1.4128742218017578,0.060924824327230453,-0.5549138784408569,-0.8157596588134766,-1.6928110122680664,-1.5185354948043823,-0.30891966819763184,0.796796441078186,2.3332576751708984,3.777007818222046,2.551276922225952,0.26414036750793457,0.9053422808647156,1.2226699590682983,0.7528425455093384,0.9977282881736755,0.8369861841201782,1.1027449369430542
0.9663047790527344,0.8433634042739868,0.9146666526794434,0.9992731809616089,0.6791914701461792,0.6465393900871277,1.5860613584518433,1.762915849685669,0.8801842331886292,1.3492481708526611,2.9180121421813965,3.1882686614990234,2.7700788974761963,2.74699330329895,2.6327736377716064,1.7305866479873657,1.0912262201309204,0.8376140594482422,0.8796679377555847,1.5247066020965576,1.8162517547607422,1.395841121673584,1.810050129890442,2.6156187057495117,3.2168192863464355,2.4900665283203125,0.7369585633277893,-0.4159817099571228,-0.5058350563049316,-1.5949584245681763,-2.3206918239593506,-1.0246765613555908,0.7863649129867554,2.210101842880249,3.812115430831909,2.60282564163208,0.09534714370965958,-0.1754366159439087,0.32067400217056274,0.6721473932266235,0.6705672740936279,-0.4957095682621002,-0.6120102405548096
1.0066128969192505,0.8951242566108704,0.9944335222244263,1.2547234296798706,1.149388074874878,0.9616789221763611,1.3836350440979004,1.1523711681365967,0.43941178917884827,1.398424744606018,3.3154091835021973,3.214445114135742,2.3281540870666504,2.6944382190704346,2.466585874557495,1.3810458183288574,0.5650376677513123,0.5166704654693604,0.7157517671585083,1.097015380859375,1.964146614074707,2.2418432235717773,2.0780882835388184,2.247053384780884,2.3611714839935303,2.540074110031128,1.3737763166427612,-0.18742264807224274,-0.2284049391746521,-1.1216481924057007,-2.7662951946258545,-1.9706194400787354,0.39021584391593933,1.8854279518127441,3.0266096591949463,2.262356996536255,0.1414342075586319,-0.8575965166091919,-0.6648454666137695,0.8761229515075684,1.0979565382003784,-1.270516037940979,-1.3866238594055176
0.9441756010055542,0.8867079615592957,1.0897715091705322,1.4743986129760742,1.583472728729248,1.3043835163116455,1.2896219491958618,0.97802734375,0.7000993490219116,1.7162868976593018,3.282735586166382,3.2990732192993164,2.9825146198272705,2.9165830612182617,3.272982120513916,2.146038770675659,0.731196403503418,0.2358730435371399,0.42973801493644714,0.9515816569328308,1.8557264804840088,2.571991443634033,2.451801061630249,2.2674198150634766,2.096517562866211,2.256347179412842,1.5341570377349854,0.22260157763957977,-0.5174074172973633,-1.7862387895584106,-3.0544686317443848,-2.028146266937256,0.18044182658195496,1.6536774635314941,2.4281110763549805,2.608518362045288,1.0902305841445923,-0.92678302526474,-1.165127158164978,1.1721917390823364,1.3588837385177612,-0.7792542576789856,-1.2213152647018433
0.9338293671607971,0.9836674928665161,1.2566478252410889,1.7239995002746582,1.9688917398452759,1.6188671588897705,1.2172353267669678,0.786738932132721,0.6606640219688416,1.5783429145812988,3.211915969848633,3.3596701622009277,3.041517972946167,2.8231582641601562,3.23809814453125,3.0139455795288086,1.8032320737838745,0.17972779273986816,-0.27347904443740845,0.40289071202278137,1.410865306854248,2.025263547897339,2.0460317134857178,1.9924826622009277,2.1171319484710693,2.1596670150756836,1.5074443817138672,0.19078129529953003,-1.1342389583587646,-2.6480658054351807,-3.5487396717071533,-2.8102104663848877,-0.6936666369438171,0.6129657030105591,2.063295364379883,3.228311061859131,2.248053789138794,-0.8375790119171143,-1.6198015213012695,0.4978911876678467,1.347651720046997,0.26763904094696045,-0.9554469585418701
0.9958148002624512,1.1154961585998535,1.4563404321670532,1.8962576389312744,2.082909107208252,1.6380524635314941,0.924281656742096,0.4743027687072754,0.5506234765052795,1.484372854232788,2.816896915435791,2.6437010765075684,2.3521835803985596,2.511335849761963,2.506574869155884,2.6652491092681885,1.9211697578430176,0.7302320599555969,0.20819589495658875,0.3526405990123749,0.6936156153678894,1.0439096689224243,1.4151732921600342,1.994531273841858,2.6242337226867676,2.338641405105591,2.1040475368499756,1.5884301662445068,-0.11310917139053345,-2.203683853149414,-3.4592058658599854,-3.462319850921631,-1.5899714231491089,-0.18786607682704926,1.741844892501831,3.7294554710388184,3.674882650375366,0.21505294740200043,-1.8219680786132812,0.25574323534965515,2.132228136062622,3.1711692810058594,2.2384986877441406
1.083451509475708,1.2675105333328247,1.6271440982818604,1.9564590454101562,2.088393449783325,1.5438154935836792,0.6132810711860657,0.15038108825683594,0.45269209146499634,1.2103421688079834,2.21014142036438,2.356097936630249,2.078369379043579,1.763400673866272,2.000739097595215,2.4860405921936035,2.110356569290161,1.15268075466156,0.4038426876068115,-0.19013631343841553,-0.5121329426765442,0.01956140249967575,0.9407274723052979,1.7775709629058838,2.943997859954834,3.2943167686462402,2.914278507232666,2.2715797424316406,1.1198078393936157,-0.9203752279281616,-2.932798385620117,-3.599421977996826,-2.633704662322998,-0.9793887734413147,1.3479394912719727,3.1391358375549316,3.530745029449463,0.8115875720977783,-1.6615519523620605,-0.0822870135307312,1.790830135345459,2.9655189514160156,3.9482791423797607
1.1687871217727661,1.3713140487670898,1.6837701797485352,1.9724591970443726,2.065077304840088,1.7162425518035889,0.5029168128967285,0.050042591989040375,0.4387013912200928,1.1866052150726318,2.148128032684326,2.256596088409424,1.6478271484375,1.7074861526489258,2.413449764251709,3.164034843444824,2.7474522590637207,1.585395097732544,0.3799421489238739,-0.5820247530937195,-1.248423457145691,-1.3023343086242676,-0.12457641959190369,1.6386034488677979,3.274944305419922,3.6729912757873535,2.829782247543335,1.4977055788040161,1.302609920501709,0.7045285701751709,-1.1791685819625854,-2.6232399940490723,-2.9664387702941895,-1.3085516691207886,0.7248257994651794,2.3643734455108643,3.2682461738586426,1.5196385383605957,-0.2872190475463867,0.17372635006904602,1.6084587574005127,2.5777697563171387,3.6570076942443848
1.2409864664077759,1.4790080785751343,1.7870575189590454,1.9827080965042114,2.195145606994629,1.9101859331130981,0.8688440918922424,0.2968239486217499,0.47575506567955017,0.9212120175361633,1.4184112548828125,1.5871707201004028,1.8700978755950928,2.5724143981933594,3.3584675788879395,3.3660120964050293,2.530508279800415,1.5713920593261719,0.7158251404762268,-0.0953405573964119,-1.2134989500045776,-2.156005382537842,-1.3881635665893555,0.9222190380096436,2.6893906593322754,3.4773004055023193,2.7090163230895996,1.8321492671966553,1.7407846450805664,0.9069515466690063,-0.5317198038101196,-1.6727405786514282,-2.0421297550201416,-0.6228377819061279,0.6990975141525269,1.453752875328064,1.7451951503753662,2.5268638134002686,2.5123846530914307,1.326151967048645,0.872279942035675,1.2756904363632202,1.9210724830627441
1.3828761577606201,1.629652500152588,1.9187997579574585,1.870473861694336,1.757948398590088,1.4436357021331787,1.1023364067077637,0.9163823127746582,0.9810391068458557,1.4308671951293945,1.4851393699645996,1.402316927909851,2.2217562198638916,3.3160645961761475,2.6859030723571777,1.5672160387039185,1.4078572988510132,1.2755862474441528,0.7802134156227112,-0.040954891592264175,-1.4635581970214844,-2.5911335945129395,-2.326254367828369,-0.1148991584777832,2.013794183731079,3.2868826389312744,2.9763736724853516,2.2548038959503174,1.8115335702896118,0.7855967879295349,-1.161703109741211,-2.2593376636505127,-2.033318519592285,-0.909048318862915,1.1200401782989502,1.6233031749725342,1.220412254333496,2.7771170139312744,2.273637294769287,0.8207125067710876,1.2375906705856323,0.05667589232325554,-0.28240203857421875
1.6325337886810303,1.8458199501037598,1.9448621273040771,1.547652006149292,1.625699758529663,1.9886627197265625,1.896378993988037,1.4953440427780151,1.449338436126709,2.1755282878875732,1.9966890811920166,1.1939116716384888,1.718595027923584,2.227729082107544,1.3315706253051758,1.0381443500518799,1.5949326753616333,1.6343026161193848,1.2983691692352295,0.3014353811740875,-1.1618685722351074,-2.2728888988494873,-2.6969635486602783,-1.1218328475952148,1.379124402999878,3.3738250732421875,3.3453426361083984,1.8535199165344238,0.9668984413146973,0.4338530898094177,-0.7201073169708252,-1.3675318956375122,-1.4764066934585571,-0.6483780145645142,0.06391185522079468,0.1591220200061798,1.424505591392517,3.477797508239746,1.8162922859191895,-0.31057602167129517,0.04831397533416748,-1.0968763828277588,-0.7618589997291565
1.8434312343597412,2.112630605697632,2.1395046710968018,2.2050487995147705,2.3700954914093018,1.8550822734832764,1.4017558097839355,1.3238917589187622,1.7032703161239624,2.300912380218506,1.3237097263336182,-0.004322330467402935,0.5607514381408691,1.3616636991500854,1.239891767501831,1.3170826435089111,2.1876721382141113,2.4604756832122803,1.775026559829712,1.0698779821395874,-0.23596465587615967,-1.7181710004806519,-2.6175668239593506,-1.861344814300537,0.7509782314300537,3.045281410217285,3.0981264114379883,1.0657163858413696,0.7454410195350647,0.5536783337593079,-0.38469383120536804,-0.013319664634764194,0.1118239164352417,0.6424484252929688,-0.2894424796104431,-0.9520811438560486,1.4058037996292114,3.7616775035858154,2.0807783603668213,-0.22561216354370117,0.8134284019470215,-0.09750314801931381,-1.1583354473114014
1.952477216720581,2.235203981399536,2.0956952571868896,2.3584306240081787,2.4162871837615967,2.2979655265808105,2.4172441959381104,2.3546512126922607,2.3288042545318604,1.491257905960083,-0.38649415969848633,-1.0135643482208252,0.2304941713809967,1.5476233959197998,1.9485971927642822,1.935217022895813,2.86763858795166,2.5617451667785645,1.7765613794326782,1.2967736721038818,0.42711907625198364,-0.927708089351654,-1.9521384239196777,-1.5510196685791016,0.8210200071334839,2.9703550338745117,1.6975139379501343,0.026102233678102493,0.9865500330924988,0.7891575694084167,-0.3248650133609772,0.6522295475006104,1.1355053186416626,0.6487520933151245,-0.7683911919593811,-1.1334891319274902,1.2325844764709473,3.8739571571350098,2.9216649532318115,-0.00727905984967947,1.0099481344223022,1.6991002559661865,-0.27382799983024597
1.9224408864974976,2.1489579677581787,2.0256948471069336,2.1989712715148926,2.363598108291626,2.6077921390533447,2.8734130859375,2.9790756702423096,2.532748222351074,0.9154835343360901,-1.3720911741256714,-2.14740252494812,-0.4905101954936981,1.408808708190918,2.492891550064087,2.3740477561950684,2.3950016498565674,1.988150954246521,1.5368014574050903,1.0834161043167114,0.48979711532592773,-0.6525095105171204,-1.61416757106781,-0.8188978433609009,1.3185025453567505,2.7127625942230225,0.9298284649848938,0.003979191649705172,1.454062819480896,0.8984653353691101,-0.5778990387916565,0.8003407120704651,1.9355101585388184,0.22417546808719635,-1.2865859270095825,-0.6088994145393372,1.5361220836639404,3.367252826690674,2.8186252117156982,-0.4840518832206726,0.3155403733253479,2.800654888153076,1.4458558559417725
1.7052251100540161,1.8445135354995728,1.8551031351089478,2.0140931606292725,2.2723281383514404,2.4363205432891846,2.5922975540161133,2.781524181365967,2.575519561767578,1.0121819972991943,-1.4166494607925415,-2.3449718952178955,-0.8839297294616699,1.1950050592422485,3.127051591873169,2.890289545059204,1.9504526853561401,1.5997929573059082,1.3595013618469238,0.7954195141792297,0.6170721650123596,-0.128824844956398,-1.426748514175415,-0.826685905456543,1.3197920322418213,2.363340139389038,0.5412213802337646,0.13309812545776367,2.0053811073303223,1.4829964637756348,-0.39576131105422974,0.5375099182128906,2.1276705265045166,-0.4395821690559387,-2.1610944271087646,0.4213354289531708,2.4849777221679688,2.973365545272827,1.2373507022857666,-0.8853024840354919,0.0008540784474462271,2.3464772701263428,2.369374990463257
1.803934931755066,1.8092116117477417,1.8047049045562744,1.903544306755066,2.0777781009674072,2.2111387252807617,2.381169319152832,2.6509692668914795,2.448472023010254,1.1260253190994263,-1.461390733718872,-2.674984931945801,-1.4372397661209106,0.6811418533325195,3.1247751712799072,3.090022325515747,1.6799145936965942,1.2972264289855957,0.9281769394874573,0.5480652451515198,0.6480243802070618,0.029904382303357124,-1.1200093030929565,-0.5317263007164001,1.0882349014282227,2.0371060371398926,0.6062182188034058,0.23622092604637146,2.000480890274048,2.2605133056640625,0.18852388858795166,0.06972488760948181,1.4972609281539917,-0.4842052459716797,-2.826016664505005,-0.7019084692001343,2.7232840061187744,5.205827713012695,3.1150543689727783,-1.3336677551269531,-1.079270839691162,2.1115832328796387,4.313758373260498
