demo/1900-wind-surface-level-gfs-1.0.json
{"header": {"productDefinitionTemplate": 0, "surface1Type": 103, "productStatus": 0, "disciplineName": "Meteorological products", "subDivisions": 0, "winds": "true", "parameterNumberName": "V-component_of_wind", "discipline": 0, "surface2Value": 0, "significanceOfRTName": "Start of forecast", "surface2TypeName": "Missing", "surface2Type": 255, "productTypeName": "Forecast products", "dx": 0.024617210030555725, "dy": 0.01798853650689125, "numberPoints": 65160, "productStatusName": "Operational products", "gribEdition": 2, "parameterUnit": "m.s-1", "forecastTime": 0, "refTime": "2020-09-30T17:00:00.000Z", "productType": 1, "genProcessTypeName": "Forecast", "scanMode": 0, "genProcessType": 2, "gribLength": 11338.0, "significanceOfRT": 1, "productDefinitionTemplateName": "Analysis/forecast at horizontal level/layer at a point in time", "centerName": "WRF OUTPUT", "la1": 43.66691207885742, "la2": 42.426788330078125, "lo2": 13.70867919921875, "gridUnits": "degrees", "surface1Value": 10, "shapeName": "Earth spherical with radius of 6,371,229.0 m", "surface1TypeName": "Specified height level above ground", "nx": 70.0, "ny": 70.0, "lo1": 12.008544921875, "basicAngle": 0, "gridDefinitionTemplate": 0, "shape": 6, "parameterNumber": 3, "subcenter": 0, "parameterCategoryName": "Momentum", "parameterCategory": 2, "center": 0, "gridDefinitionTemplateName": "Latitude_Longitude", "resolution": 48}, "data":
[rows 0 to 18 of 70, columns 0 to 42 of 70]
0.6058439612388611,0.4997561275959015,0.7614239454269409,0.47265034914016724,0.42695799469947815,0.9005743265151978,0.7019806504249573,0.2020396888256073,-0.35427966713905334,-0.008112514391541481,2.7864813804626465,1.7601039409637451,1.143276572227478,0.1057172566652298,-0.17780286073684692,-0.44826582074165344,-0.7555404901504517,-1.0750718116760254,-1.5410728454589844,-1.5429240465164185,-1.1371837854385376,-0.7786505222320557,-0.2394072413444519,-0.11134504526853561,-0.018883882090449333,0.05794493481516838,0.12892895936965942,0.2746374309062958,0.25900617241859436,0.39320433139801025,0.39721277356147766,0.41819992661476135,0.2805855870246887,0.17759178578853607,0.1637057363986969,-0.13570129871368408,-0.19938604533672333,-0.09512006491422653,-0.19888685643672943,-0.30363377928733826,-0.13322022557258606,0.011899605393409729,0.08162520080804825
0.5062894225120544,0.34925538301467896,0.5945504307746887,0.24738948047161102,0.11821316182613373,0.5638775825500488,0.3036869466304779,-0.3240872025489807,-1.062467336654663,-0.6655634641647339,2.342625141143799,1.5844448804855347,1.1454983949661255,0.14304955303668976,-0.02869318425655365,-0.09859105199575424,-0.37195897102355957,-0.8294325470924377,-1.382547378540039,-1.2827754020690918,-0.9342555403709412,-0.5184398293495178,0.05130770429968834,0.08530595153570175,0.10654237121343613,0.16060444712638855,0.2381187230348587,0.40081921219825745,0.42320340871810913,0.5693219900131226,0.6401627063751221,0.6907659769058228,0.5358743071556091,0.4312366843223572,0.4200512170791626,0.04383358359336853,-0.06295988708734512,0.02688024565577507,-0.12268267571926117,-0.2471754401922226,-0.10520870983600616,-0.026397230103611946,0.023981783539056778
0.5179075002670288,0.347877562046051,0.27484509348869324,0.2733808159828186,0.17474111914634705,0.2926034927368164,0.19163459539413452,-0.006357042118906975,-0.27815547585487366,-0.2935565412044525,-0.2807197570800781,-0.06281349807977676,-0.03403792530298233,-0.07787531614303589,-0.09335695207118988,-0.0059843421913683414,0.015897974371910095,-0.07766597718000412,-0.16317351162433624,-0.2041715383529663,-0.1904187649488449,-0.10364183038473129,-0.0531160905957222,-0.12183012068271637,-0.15486453473567963,-0.01608925312757492,0.1682908982038498,0.3647678792476654,0.5380343794822693,0.6090709567070007,0.8147217631340027,0.8300960063934326,0.8439602851867676,0.7688819766044617,0.7261213660240173,0.5145840048789978,0.3896637558937073,0.3128051459789276,0.23343904316425323,0.14361561834812164,0.10833703726530075,-0.04587389528751373,-0.11099536716938019
0.5423038005828857,0.3269384801387787,0.16465674340724945,0.26461896300315857,0.34520506858825684,0.2949564754962921,-0.02057451754808426,-0.5608392357826233,-1.0225805044174194,-1.194565773010254,-1.1969832181930542,-1.0149997472763062,-0.8314906358718872,-0.6244860291481018,-0.33333081007003784,-0.05642310157418251,0.6980032920837402,1.0107464790344238,0.6420732736587524,0.43036210536956787,0.16450011730194092,0.1676660031080246,0.1993795484304428,-0.1579250693321228,-0.6870283484458923,-0.6076858043670654,-0.24360397458076477,-0.05361078307032585,0.48889651894569397,0.7618528008460999,1.2338190078735352,1.3192623853683472,1.341748595237732,1.1890789270401,1.0922948122024536,0.8968273401260376,0.7633181214332581,0.684710681438446,0.6368542313575745,0.45322638750076294,0.2861323952674866,0.03419159725308418,-0.12405125796794891
0.5071482062339783,0.2700819969177246,0.04087167605757713,0.022862553596496582,0.31645289063453674,0.3541618585586548,0.22155067324638367,-0.13653048872947693,-0.6830589771270752,-1.0080091953277588,-1.0674359798431396,-1.030195713043213,-0.8631510734558105,-0.4841068387031555,-0.060756124556064606,0.5237423181533813,1.6433168649673462,1.769736886024475,1.1127471923828125,0.8012166023254395,0.13556353747844696,0.38443127274513245,0.45052504539489746,-0.15462204813957214,-0.5110039710998535,-0.6280876994132996,-0.7226221561431885,-0.10096104443073273,0.7279709577560425,0.969005823135376,1.4421567916870117,1.5659010410308838,1.5753190517425537,1.3768459558486938,1.1713441610336304,0.9758099317550659,0.7878727316856384,0.6416419744491577,0.5777239203453064,0.33158475160598755,0.14948925375938416,-0.06034912168979645,-0.18733397126197815
0.4624461233615875,0.22685280442237854,0.004420294892042875,-0.14714841544628143,0.02998325601220131,0.1555338203907013,-0.1248491182923317,-0.07008659094572067,0.06772205978631973,-0.10527696460485458,-0.4413442015647888,-0.7382128834724426,-0.5663244724273682,0.06275691837072372,0.7279196381568909,1.439037799835205,1.8935893774032593,1.739145040512085,1.9181917905807495,1.9871783256530762,1.9758795499801636,2.324887275695801,2.3219003677368164,0.9469422101974487,-0.11946436017751694,-0.5780045986175537,-0.6796788573265076,0.8339142799377441,1.3030604124069214,1.2972370386123657,1.475928783416748,1.5802652835845947,1.5156253576278687,1.1953418254852295,0.9146450161933899,0.9070274829864502,0.7885170578956604,0.5382521152496338,0.3647313714027405,0.15475009381771088,-0.015091236680746078,-0.21893669664859772,-0.3698028028011322
0.4131440818309784,0.21262894570827484,0.04066972807049751,-0.0881231501698494,-0.25460314750671387,-0.38948237895965576,-0.9445022940635681,-1.5306471586227417,-0.8160021305084229,-0.3765653073787689,-0.39787620306015015,-0.6886918544769287,-0.7401906847953796,-0.08496451377868652,0.8564673066139221,1.4608824253082275,1.8245689868927002,1.9650135040283203,2.8382654190063477,3.2852847576141357,3.6716678142547607,2.9310545921325684,2.8182740211486816,2.1952059268951416,1.1775190830230713,0.3773899972438812,-0.45500409603118896,0.3595234155654907,1.3188310861587524,1.2814050912857056,1.0399612188339233,0.8921847939491272,0.9194527268409729,0.6877588629722595,0.4645771384239197,0.6603423953056335,0.7333423495292664,0.7107095122337341,0.6549533009529114,0.4212079346179962,0.16530880331993103,-0.14189468324184418,-0.2881860136985779
0.3112635612487793,0.1987081617116928,0.07562371343374252,-0.007783869281411171,-0.29593712091445923,-0.6483197808265686,-0.8405048847198486,-1.8100143671035767,-1.946976900100708,-0.6402791738510132,-0.19702325761318207,-0.24815821647644043,-0.22299014031887054,0.2952203154563904,1.1825106143951416,1.9489367008209229,2.478506088256836,2.913645029067993,3.186676502227783,3.034909248352051,2.3162128925323486,0.849341630935669,0.4880628287792206,1.142134666442871,1.7338427305221558,2.126009941101074,1.193823218345642,0.5623193979263306,0.7063983082771301,1.002856731414795,0.7987962365150452,0.4461197555065155,0.6950536370277405,0.8471316695213318,0.5536683201789856,0.1341770589351654,0.3909142315387726,1.0559180974960327,1.3928296566009521,0.9221793413162231,0.2908862829208374,-0.03943471983075142,0.19307580590248108
0.24378971755504608,0.1908401995897293,0.11528267711400986,0.0358104333281517,-0.24606139957904816,-0.5476495027542114,-0.6814348101615906,-1.0502949953079224,-1.8694770336151123,-0.7360013127326965,-0.010853642597794533,0.6691400408744812,1.2014882564544678,1.2755937576293945,1.3862724304199219,1.8621470928192139,2.405808210372925,2.8369863033294678,2.73946475982666,2.0202713012695312,0.7572039365768433,-0.861049234867096,-1.9257270097732544,-1.734235167503357,-0.3257928788661957,1.5744493007659912,2.9860033988952637,3.0796639919281006,1.5030643939971924,1.162854552268982,1.6936924457550049,1.372606873512268,0.8860964775085449,1.2180222272872925,1.2281136512756348,0.3341018855571747,0.48708000779151917,1.6236629486083984,1.9917211532592773,1.5572609901428223,0.8398995995521545,0.40256601572036743,0.9116697311401367
0.24171923100948334,0.18848703801631927,0.1573757529258728,0.047307342290878296,-0.3210151493549347,-0.5419115424156189,-0.5670491456985474,-0.2696332633495331,-0.3676774501800537,-0.4772784113883972,0.3230527341365814,1.4777648448944092,2.088402271270752,1.5265682935714722,1.1270350217819214,1.7352392673492432,2.137355327606201,1.6097347736358643,1.4451987743377686,1.5297883749008179,0.5342715382575989,-0.06918393075466156,0.11460411548614502,-0.4566366374492645,-1.911381721496582,-0.10463321208953857,3.4189090728759766,3.7529618740081787,2.7634973526000977,1.7488869428634644,2.1619441509246826,2.3148534297943115,1.2427769899368286,0.8093568086624146,1.0342845916748047,0.5653536319732666,0.4281467795372009,1.0245397090911865,1.260427474975586,1.725510597229004,1.550071358680725,1.0745837688446045,1.2429695129394531
0.29744502902030945,0.23592086136341095,0.2549539804458618,0.1832711398601532,-0.24882379174232483,-0.4141151010990143,-0.03547995164990425,0.3505922555923462,0.7782214879989624,-0.04860871285200119,0.9695968627929688,2.011327028274536,2.720930576324463,2.0544087886810303,2.121072292327881,3.057950735092163,2.865434169769287,1.1977927684783936,0.5473662614822388,1.994776964187622,1.9311351776123047,2.2599892616271973,2.8132944107055664,2.5684728622436523,-0.48705294728279114,-0.6818761825561523,1.9800055027008057,2.664456367492676,2.6975605487823486,2.3480496406555176,1.5306915044784546,1.848380446434021,1.9550353288650513,0.6812324523925781,-0.5586925745010376,-0.055705420672893524,0.06111973896622658,-0.08481019735336304,0.48586133122444153,1.5830471515655518,1.740919589996338,1.2746555805206299,0.5690588355064392
0.4387446641921997,0.37898895144462585,0.4189895689487457,0.41528111696243286,0.05879485607147217,0.045158155262470245,0.6151173114776611,1.018847942352295,1.0733000040054321,0.24368295073509216,1.5834357738494873,2.9806923866271973,3.5698890686035156,3.3123371601104736,3.5330374240875244,3.4541289806365967,3.035205364227295,1.6539855003356934,0.7659213542938232,1.8834037780761719,2.6289963722229004,2.9161558151245117,2.025036096572876,1.6937265396118164,2.097808361053467,0.3972965478897095,-0.32339003682136536,1.0516390800476074,1.8849503993988037,1.8018536567687988,0.9092641472816467,1.0806044340133667,1.776185393333435,1.3908544778823853,-1.0261682271957397,-0.9668967723846436,-0.37826287746429443,-0.3764141798019409,0.11723937094211578,0.9579750299453735,1.4623212814331055,0.8091217875480652,-0.48110002279281616
0.6854063272476196,0.6602146029472351,0.6736193895339966,0.6736886501312256,0.5947244167327881,0.5830737948417664,0.6837058067321777,1.0945425033569336,0.823049008846283,0.40728724002838135,1.757027506828308,3.1985862255096436,3.703404426574707,3.617751121520996,3.1849288940429688,2.1511945724487305,1.6691752672195435,1.8070383071899414,1.446413516998291,1.2006077766418457,1.2784396409988403,1.8484454154968262,1.6101957559585571,0.9742002487182617,1.5641742944717407,1.3280569314956665,-0.9147353172302246,-1.220665693283081,-0.5452132821083069,0.4915662407875061,0.7959217429161072,0.707328736782074,0.7589644193649292,1.0893350839614868,-0.0035482558887451887,-0.5238537192344666,-0.9679800868034363,-0.8572025299072266,-0.4483031928539276,0.034531861543655396,0.5146304368972778,0.04683641344308853,-0.699765682220459
0.9475457668304443,0.945667564868927,0.929330587387085,0.9128965139389038,0.9698107242584229,1.0209262371063232,0.7008562684059143,0.8027650713920593,0.6717588901519775,0.5548442602157593,1.6105098724365234,2.66227126121521,2.5612316131591797,2.4464330673217773,2.2076416015625,1.2116944789886475,0.6112991571426392,1.5057991743087769,1.831241488456726,0.725247859954834,0.21851319074630737,1.0552715063095093,1.8819876909255981,1.3913742303848267,0.7002518177032471,1.5380163192749023,0.8434040546417236,-1.822679042816162,-2.7102158069610596,-1.9935859441757202,-0.9997764229774475,-1.057834506034851,-0.7512075901031494,-0.4644847810268402,-0.27934175729751587,1.10601007938385,0.3639155924320221,-1.4210692644119263,-1.4638117551803589,-1.3166767358779907,-1.5531481504440308,-1.5446075201034546,0.2968272566795349
1.1266082525253296,1.1644535064697266,1.134068489074707,1.1267032623291016,1.2034060955047607,1.2519320249557495,1.0449094772338867,0.7933774590492249,0.8019884824752808,1.0625439882278442,1.278809666633606,1.4556082487106323,1.1632819175720215,1.1176693439483643,1.2117851972579956,0.6377884149551392,0.10866789519786835,1.1519365310668945,1.6194758415222168,0.47151556611061096,-0.1645881086587906,1.09443199634552,1.8379265069961548,1.4244526624679565,0.9011319279670715,1.3736275434494019,1.63899564743042,-1.2976866960525513,-2.5009727478027344,-1.057482361793518,-0.5717834234237671,-2.0606133937835693,-2.5782291889190674,-1.9240599870681763,-0.9415897130966187,1.1772445440292358,1.063875436782837,-0.2370665818452835,-1.0345847606658936,-1.8416541814804077,-2.8971097469329834,-1.220906138420105,1.9991774559020996
1.3029412031173706,1.3614459037780762,1.3159568309783936,1.309297800064087,1.5593067407608032,1.3157153129577637,1.2437995672225952,0.893944263458252,0.608841061592102,1.4660356044769287,0.9972882866859436,0.6531989574432373,0.5311300158500671,0.5630940198898315,0.8459115028381348,1.1457159519195557,1.4054760932922363,1.632956862449646,1.3481619358062744,0.2083892971277237,-0.6758708953857422,0.6082984209060669,0.9286490082740784,0.7962337732315063,1.1936827898025513,1.1798126697540283,1.1036394834518433,-1.2433662414550781,-1.1004661321640015,1.3680503368377686,2.003767490386963,0.39725130796432495,-1.5897773504257202,-2.356060028076172,-1.1405045986175537,-0.597395122051239,-1.0055311918258667,-0.36298424005508423,-0.493557870388031,-1.0805602073669434,-0.6652252078056335,1.1108901500701904,2.2962772846221924
1.4210237264633179,1.4807175397872925,1.4447791576385498,1.468883991241455,1.7724850177764893,1.6378540992736816,1.8664392232894897,1.3774806261062622,0.9458513855934143,1.4728001356124878,1.4029555320739746,0.9630085229873657,0.5824523568153381,0.6820448040962219,1.1466708183288574,2.1564724445343018,2.692397356033325,2.0207936763763428,0.866732120513916,0.7192139029502869,-0.11354585736989975,-1.092250108718872,-0.745820939540863,0.40932825207710266,0.9826043844223022,0.7527235746383667,0.756641149520874,-1.0724503993988037,-1.3685221672058105,0.7143328785896301,1.6990834474563599,1.6843069791793823,0.1791178584098816,-1.612579345703125,-1.418428659439087,-2.0087101459503174,-2.922527551651001,-1.9974340200424194,-1.4485950469970703,-1.3466905355453491,0.34729182720184326,0.8954607248306274,1.0176388025283813
1.492222785949707,1.5062261819839478,1.5083060264587402,1.5759339332580566,1.843563199043274,2.011751413345337,1.9480719566345215,1.6766539812088013,1.8847782611846924,2.251333475112915,3.068478584289551,2.6206586360931396,1.3226563930511475,0.6441575288772583,1.169649362564087,1.893552541732788,1.5234465599060059,0.850144624710083,0.26938962936401367,1.7942942380905151,1.9119826555252075,-0.601531445980072,-2.3174960613250732,-0.7375174164772034,0.11085544526576996,0.3769035339355469,0.698181688785553,0.33739474415779114,-2.030399799346924,-1.5043091773986816,0.19628971815109253,1.12820565700531,0.9517797827720642,-0.9461734294891357,-1.804037094116211,-1.923971176147461,-1.8962204456329346,-1.9940567016601562,-2.765045404434204,-3.1286449432373047,-0.818774938583374,-0.2954292297363281,-0.015466040000319481
1.4771454334259033,1.4967985153198242,1.5144809484481812,1.6161319017410278,1.878398060798645,2.048475503921509,1.7240222692489624,1.9695932865142822,2.929842710494995,3.3370113372802734,3.632516622543335,2.8909201622009277,2.0682008266448975,0.6294996738433838,0.5042839646339417,0.6955310106277466,0.2575281858444214,0.2416401207447052,1.08283269405365,1.7201876640319824,1.6595882177352905,1.1599804162979126,-0.9298486709594727,-1.6823252439498901,-1.6232467889785767,-0.7816758155822754,-0.2163849174976349,0.6571680307388306,-1.1217442750930786,-3.106154680252075,-2.014042854309082,0.038217365741729736,0.9158964157104492,0.08877295255661011,-1.5049742460250854,-1.1003831624984741,0.46906760334968567,-0.2606891691684723,-1.5474311113357544,-2.081371784210205,-0.8402777314186096,-0.06881307810544968,0.9642281532287598
