demo/1900-wind-surface-level-gfs-1.0.json
{"header": {"productDefinitionTemplate": 0, "surface1Type": 103, "productStatus": 0, "disciplineName": "Meteorological products", "subDivisions": 0, "winds": "true", "parameterNumberName": "U-component_of_wind", "discipline": 0, "surface2Value": 0, "significanceOfRTName": "Start of forecast", "surface2TypeName": "Missing", "surface2Type": 255, "productTypeName": "Forecast products", "dx": 0.024617210030555725, "dy": 0.01798853650689125, "numberPoints": 65160, "productStatusName": "Operational products", "gribEdition": 2, "parameterUnit": "m.s-1", "forecastTime": 0, "refTime": "2020-09-30T17:00:00.000Z", "productType": 1, "genProcessTypeName": "Forecast", "scanMode": 0, "genProcessType": 2, "gribLength": 11338.0, "significanceOfRT": 1, "productDefinitionTemplateName": "Analysis/forecast at horizontal level/layer at a point in time", "centerName": "WRF OUTPUT", "la1": 43.66691207885742, "la2": 42.426788330078125, "lo2": 13.70867919921875, "gridUnits": "degrees", "surface1Value": 10, "shapeName": "Earth spherical with radius of 6,371,229.0 m", "surface1TypeName": "Specified height level above ground", "nx": 70.0, "ny": 70.0, "lo1": 12.008544921875, "basicAngle": 0, "gridDefinitionTemplate": 0, "shape": 6, "parameterNumber": 2, "subcenter": 0, "parameterCategoryName": "Momentum", "parameterCategory": 2, "center": 0, "gridDefinitionTemplateName": "Latitude_Longitude", "resolution": 48}, "data":
[rows 0 to 18 of 70, columns 0 to 42 of 70]
1.7870736122131348,1.998223900794983,2.199855327606201,2.297536611557007,2.4907851219177246,2.8417394161224365,3.1632535457611084,3.516185998916626,3.715083599090576,3.7625911235809326,3.5935726165771484,3.5209977626800537,2.952983856201172,2.412569999694824,1.8606737852096558,1.2836024761199951,0.752181887626648,0.2712376117706299,-0.13427327573299408,-0.5231918692588806,-0.8397409915924072,-1.0346590280532837,-1.2248857021331787,-1.2480331659317017,-1.4456201791763306,-1.6863633394241333,-2.007598876953125,-2.6427860260009766,-3.0695855617523193,-3.3020377159118652,-3.273101806640625,-3.1662776470184326,-3.04070782661438,-2.772784948348999,-2.5694146156311035,-2.404766798019409,-2.2099976539611816,-2.058072090148926,-1.929207444190979,-1.8310693502426147,-1.6338777542114258,-1.5647051334381104,-1.4558948278427124
1.8243376016616821,1.9457751512527466,2.030160427093506,2.1203505992889404,2.2804369926452637,2.563028335571289,2.8255867958068848,3.0942938327789307,3.4129748344421387,3.5229129791259766,3.4725594520568848,3.53831148147583,3.281996250152588,2.748690128326416,2.214815855026245,1.6242715120315552,1.064104437828064,0.6008899807929993,0.1381557583808899,-0.2508818507194519,-0.5958237648010254,-0.8563969135284424,-1.0567195415496826,-1.3140696287155151,-1.4816200733184814,-1.772756814956665,-2.1051855087280273,-2.469468832015991,-2.743713617324829,-2.8790533542633057,-2.8532767295837402,-2.844661235809326,-2.656175136566162,-2.512208938598633,-2.3644015789031982,-2.2088165283203125,-2.0945518016815186,-2.0055294036865234,-1.8896161317825317,-1.8035755157470703,-1.674856185913086,-1.6146130561828613,-1.5493173599243164
1.953663945198059,2.0376882553100586,2.021717071533203,2.0739927291870117,2.2342689037323,2.4491255283355713,2.7208902835845947,3.0284152030944824,3.3810040950775146,3.5134518146514893,3.592839002609253,3.54374623298645,3.2598628997802734,2.8841607570648193,2.437729835510254,1.911397099494934,1.5105305910110474,0.9329257011413574,0.47222304344177246,0.09024414420127869,-0.22745691239833832,-0.5262751579284668,-0.7851694226264954,-0.9472153186798096,-1.2534974813461304,-1.5879840850830078,-1.8673847913742065,-2.131770372390747,-2.3834946155548096,-2.4660403728485107,-2.4974546432495117,-2.4732577800750732,-2.4621379375457764,-2.3849964141845703,-2.2927029132843018,-2.169116258621216,-2.0955300331115723,-1.8992828130722046,-1.8089745044708252,-1.7383533716201782,-1.6946412324905396,-1.651785969734192,-1.652982473373413
2.464993953704834,2.6192188262939453,2.2170557975769043,1.969319224357605,1.9763379096984863,2.1451222896575928,2.5296576023101807,2.907849073410034,3.1489570140838623,3.26615047454834,3.2893550395965576,3.2402853965759277,3.156646251678467,2.952003002166748,2.666255474090576,2.2495551109313965,1.7846633195877075,1.3933323621749878,0.8813878893852234,0.5806806087493896,0.3391234874725342,0.09774655848741531,-0.13833041489124298,-0.4150247275829315,-0.8325752019882202,-1.3077569007873535,-1.6879063844680786,-1.8768399953842163,-1.9176682233810425,-1.8935643434524536,-1.9890340566635132,-2.0972769260406494,-2.1745975017547607,-2.260319471359253,-2.244797468185425,-2.1700661182403564,-2.067974328994751,-1.9407241344451904,-1.8389310836791992,-1.776633858680725,-1.7047719955444336,-1.6962839365005493,-1.7239255905151367
2.666201114654541,3.0066468715667725,2.547447443008423,2.516570568084717,2.3103015422821045,2.2911038398742676,2.3281257152557373,2.292602062225342,2.1760404109954834,2.157158851623535,2.259336471557617,2.494905710220337,2.7891323566436768,3.037487268447876,3.3342831134796143,3.154278516769409,2.4637904167175293,1.902732253074646,1.4682401418685913,1.3414758443832397,1.2997649908065796,1.355460286140442,1.2129855155944824,0.9551217555999756,0.13025906682014465,-1.1661362648010254,-1.5419460535049438,-1.4592291116714478,-1.2986479997634888,-1.0671427249908447,-1.447060227394104,-1.8551682233810425,-2.1082417964935303,-2.3182663917541504,-2.442781448364258,-2.4811625480651855,-2.3828747272491455,-2.3385844230651855,-2.279985189437866,-2.2062411308288574,-2.1834561824798584,-2.1536734104156494,-2.0748324394226074
2.5827291011810303,2.8424923419952393,2.976311206817627,2.8170087337493896,2.395719289779663,2.387796401977539,2.7180700302124023,2.6199450492858887,2.6052870750427246,2.8955931663513184,3.265990734100342,3.591552972793579,3.691274404525757,3.746987819671631,3.505330801010132,3.102102041244507,3.04876446723938,3.223158359527588,2.818195343017578,1.8675308227539062,1.2201414108276367,1.6343083381652832,2.253138780593872,1.9163768291473389,1.7919365167617798,1.7256940603256226,-0.026986990123987198,-1.7578368186950684,-1.7051966190338135,-1.0863118171691895,-1.3773126602172852,-1.8198908567428589,-2.1360912322998047,-2.303353786468506,-2.433650493621826,-2.435544490814209,-2.276275873184204,-2.170531749725342,-2.156376361846924,-2.027642250061035,-1.8050793409347534,-1.7518054246902466,-1.7967699766159058
2.584465980529785,2.7978036403656006,3.0945541858673096,2.9962308406829834,3.009683132171631,3.2887661457061768,3.177856683731079,2.704007387161255,2.3730711936950684,2.3908493518829346,2.4729485511779785,2.371140718460083,2.1267709732055664,2.2937982082366943,2.7695884704589844,3.008307695388794,2.993680000305176,2.537264585494995,1.9772251844406128,1.6050676107406616,1.6543898582458496,2.154719829559326,3.167147159576416,3.3349828720092773,2.5620877742767334,2.20951247215271,1.7050895690917969,-0.6627213358879089,-1.9389597177505493,-1.323333501815796,-1.3328419923782349,-1.6686424016952515,-1.8255687952041626,-1.9273127317428589,-2.366516351699829,-2.71457576751709,-2.5232906341552734,-2.1144309043884277,-1.9870151281356812,-1.9550856351852417,-1.7939019203186035,-1.751015305519104,-1.8088682889938354
2.496028423309326,2.72977876663208,3.1770131587982178,3.085989236831665,3.091951608657837,3.343855381011963,3.3051843643188477,2.5614452362060547,2.0129339694976807,2.1002306938171387,2.3464159965515137,2.2385430335998535,1.8070898056030273,1.4629478454589844,1.9550198316574097,2.3118016719818115,2.3350210189819336,2.0125479698181152,1.6149563789367676,1.6476188898086548,1.9705146551132202,2.3812413215637207,3.369072914123535,3.788212776184082,3.927156686782837,3.4895315170288086,2.038902521133423,-0.2114851176738739,-1.3689852952957153,-1.127614140510559,-0.8900856971740723,-1.2692384719848633,-1.4536775350570679,-1.2490036487579346,-1.6824378967285156,-2.5406153202056885,-2.536384105682373,-2.1268346309661865,-1.8489952087402344,-1.7366422414779663,-1.667206048965454,-1.7929751873016357,-2.0055718421936035
2.372114419937134,2.4943149089813232,3.0864810943603516,3.0461366176605225,3.218574047088623,3.404944658279419,3.3180441856384277,2.6363143920898438,1.4711329936981201,1.39187490940094,1.7128616571426392,1.3813427686691284,0.8544369339942932,0.6637005805969238,0.9278751611709595,1.3808032274246216,1.710123062133789,1.9365171194076538,2.110321044921875,2.406127452850342,2.8423190116882324,3.3712122440338135,3.3224945068359375,3.3384225368499756,3.2084293365478516,3.1025960445404053,3.18332839012146,2.466498613357544,0.8578893542289734,-0.13695989549160004,-0.3779486119747162,-1.3941318988800049,-2.273939371109009,-1.9548275470733643,-1.177424669265747,-1.3981205224990845,-2.796072483062744,-3.1367974281311035,-2.0285699367523193,-1.075505018234253,-0.6904383897781372,-1.3320103883743286,-2.4608747959136963
2.431591510772705,2.632951259613037,3.0411503314971924,3.0185706615448,3.0706467628479004,3.3644111156463623,3.188830614089966,2.458507776260376,1.8803514242172241,1.693056583404541,1.1145981550216675,0.5184604525566101,0.28827348351478577,0.20723237097263336,0.08461391925811768,0.3435208797454834,0.9798048138618469,1.4578983783721924,1.9769196510314941,2.746763229370117,3.3327536582946777,3.3517439365386963,2.835922956466675,1.621206283569336,0.9445502161979675,1.3720635175704956,1.7273569107055664,2.3391036987304688,2.8044066429138184,1.5067659616470337,0.26073458790779114,-0.3479517698287964,-1.5812548398971558,-2.6456525325775146,-1.4746990203857422,-0.6050002574920654,-3.4168083667755127,-4.622382640838623,-2.407257080078125,-0.6525285243988037,-0.2047039270401001,-1.3619089126586914,-3.2499258518218994
2.0643467903137207,2.2092103958129883,2.8719675540924072,3.003861904144287,3.176377534866333,3.2693076133728027,2.8738536834716797,2.4529521465301514,2.4794962406158447,1.1490446329116821,-0.11185996234416962,-0.34095296263694763,-0.2576526701450348,-0.1382627934217453,-0.37604108452796936,0.21425217390060425,1.470435619354248,1.5246168375015259,1.1214090585708618,2.0308332443237305,2.8709731101989746,2.239253282546997,2.0109317302703857,3.241528272628784,2.004998207092285,-0.6334430575370789,-0.5199714303016663,1.647599697113037,3.188464879989624,3.2104151248931885,1.062969446182251,0.19243136048316956,-0.06290353834629059,-1.7869094610214233,-2.027026653289795,-1.4338239431381226,-2.98378324508667,-3.7217438220977783,-2.605813980102539,-1.3777122497558594,-1.1056938171386719,-2.8914482593536377,-3.6585421562194824
2.0488393306732178,2.1421267986297607,2.651345729827881,2.8435347080230713,3.0435781478881836,2.971055746078491,2.4135570526123047,1.9896035194396973,1.829930067062378,1.041436791419983,-0.4519232511520386,-1.0373960733413696,-0.01346368808299303,0.49979260563850403,0.2743673026561737,0.9385216236114502,2.50626802444458,2.1441853046417236,0.5545325875282288,0.9840380549430847,2.55275559425354,2.6734189987182617,2.3210525512695312,3.2179980278015137,3.2279045581817627,-0.47820743918418884,-1.8704947233200073,0.5433067083358765,3.182638645172119,4.234924793243408,2.8415517807006836,0.5586922764778137,0.18121328949928284,0.7756146192550659,0.002156401751562953,-2.1996371746063232,-3.0788674354553223,-3.0759224891662598,-3.462893486022949,-2.603710889816284,-1.926235318183899,-1.9829131364822388,-2.0157313346862793
2.0380783081054688,2.1246979236602783,2.448079824447632,2.736517906188965,3.1192052364349365,3.2571659088134766,2.4602599143981934,1.501511573791504,1.5248185396194458,2.1615052223205566,0.8570890426635742,-0.9695797562599182,-0.3096422851085663,0.5616294145584106,0.739906370639801,1.2319464683532715,2.4175777435302734,2.5876994132995605,1.225158929824829,1.0411559343338013,1.8270349502563477,2.6558501720428467,2.7217025756835938,2.3319075107574463,3.3823835849761963,2.185453414916992,-1.4598572254180908,-0.8885578513145447,2.0825884342193604,4.499290466308594,4.350316524505615,1.260258436203003,0.11780638992786407,1.2093886137008667,1.9236446619033813,0.331434041261673,-2.925602674484253,-5.674025535583496,-5.675195693969727,-4.268669605255127,-2.379551410675049,-0.9029687643051147,-0.5778235793113708
1.868743896484375,1.9352861642837524,2.3071227073669434,2.6046435832977295,2.989597797393799,2.826941728591919,1.817449688911438,1.136330008506775,1.4893860816955566,2.5451760292053223,1.146619200706482,-1.1588058471679688,-0.46635228395462036,0.6921931505203247,1.4382952451705933,1.7767671346664429,1.9087133407592773,1.8673033714294434,1.912535548210144,1.4900709390640259,0.9621776938438416,1.275414228439331,2.3999643325805664,2.882119655609131,3.2549309730529785,3.5655834674835205,0.4176109731197357,-0.7426681518554688,1.3538926839828491,3.282012939453125,3.213028907775879,1.5286229848861694,0.5194307565689087,1.3408972024917603,2.0372154712677,0.3079396188259125,-1.7802293300628662,-3.1667912006378174,-3.4746978282928467,-3.8142337799072266,-2.562335252761841,-0.6189794540405273,-0.5817053318023682
1.803230881690979,1.9058037996292114,2.2517073154449463,2.4322924613952637,2.6793248653411865,3.074878215789795,2.683953285217285,1.8840351104736328,2.263920307159424,2.9220361709594727,0.9932379126548767,-1.2625404596328735,-0.7204355597496033,0.4650975465774536,1.4538172483444214,1.7478946447372437,1.1207919120788574,1.1574037075042725,2.507868766784668,2.1751930713653564,0.49347835779190063,0.49815526604652405,2.081509590148926,3.3151988983154297,3.2358484268188477,3.0144174098968506,2.278999090194702,0.5916867852210999,1.0406888723373413,2.69584321975708,2.905846118927002,1.7448416948318481,0.46440741419792175,1.0916378498077393,0.3972400724887848,-2.585052013397217,-2.1552724838256836,-1.2832391262054443,-2.6686556339263916,-3.1151137351989746,-1.836784839630127,-1.41233229637146,-1.8720242977142334
1.9181783199310303,2.0673954486846924,2.2939951419830322,2.4489786624908447,2.7967734336853027,3.12143874168396,2.836101531982422,2.6388018131256104,2.783689498901367,3.1652541160583496,1.5173628330230713,-0.7663476467132568,-0.8129780292510986,0.0888652428984642,1.0557425022125244,1.4879190921783447,0.9344972372055054,1.171535611152649,2.6718223094940186,2.6589176654815674,0.7194127440452576,0.45033958554267883,1.6759182214736938,2.42966628074646,2.4462718963623047,2.7568023204803467,3.3862178325653076,1.3413188457489014,0.24114742875099182,1.6825934648513794,3.2477352619171143,2.351951837539673,0.8419657349586487,1.7150081396102905,0.8518903255462646,-3.1720588207244873,-3.003161907196045,-1.14426589012146,-1.9421639442443848,-2.714465379714966,-2.4915030002593994,-3.2738702297210693,-2.4337570667266846
1.9132314920425415,2.137728214263916,2.332545757293701,2.493739604949951,2.7098214626312256,2.8013226985931396,2.7466189861297607,2.811861276626587,2.6221580505371094,2.700652837753296,1.7500187158584595,-0.010598540306091309,-0.3563668727874756,0.12044092267751694,0.6351848244667053,1.063153624534607,1.7323468923568726,2.5979275703430176,3.5308737754821777,2.9043171405792236,0.9038215279579163,0.3787398636341095,1.4839717149734497,2.221984624862671,2.617039203643799,3.43047833442688,3.959141731262207,2.0119731426239014,-0.1012304276227951,1.0980271100997925,3.1256754398345947,4.237507343292236,2.6392970085144043,1.9707385301589966,1.4342106580734253,-2.0253190994262695,-2.644549608230591,-1.9432525634765625,-2.7974395751953125,-2.6972882747650146,-3.687279462814331,-3.7154407501220703,-2.2252156734466553
1.819219708442688,2.033400774002075,2.311208963394165,2.3883166313171387,2.5932817459106445,2.9393386840820312,3.07454252243042,3.142331838607788,2.6226515769958496,2.0152640342712402,1.740706443786621,1.550194501876831,0.8208345174789429,0.30414390563964844,0.33690333366394043,0.9808524250984192,2.040909767150879,3.10180401802063,2.8131842613220215,2.18942928314209,2.3658347129821777,1.547563076019287,1.1991890668869019,1.7718939781188965,2.202986240386963,2.4908359050750732,3.6311867237091064,2.7554802894592285,0.031106971204280853,-0.11644962430000305,2.4726879596710205,4.312398910522461,3.9828193187713623,2.5378031730651855,2.291640520095825,0.22043879330158234,-1.5985627174377441,-2.172426700592041,-2.7642312049865723,-2.3970882892608643,-3.075669527053833,-3.389129161834717,-1.7824106216430664
1.6218459606170654,1.8343416452407837,2.219653606414795,2.30045485496521,2.481011152267456,2.7643179893493652,2.9145638942718506,2.6050586700439453,2.0246310234069824,1.4884843826293945,1.8129236698150635,2.631432294845581,2.5318620204925537,1.038741946220398,0.4268915057182312,1.2220799922943115,2.2725610733032227,2.525338888168335,1.4260766506195068,1.2953531742095947,2.7292654514312744,3.407233238220215,2.112234115600586,1.3761876821517944,1.8777674436569214,2.547502040863037,3.3598716259002686,4.1777753829956055,1.7983620166778564,-0.3966648578643799,0.9575116038322449,3.20489239692688,4.113409042358398,3.5629308223724365,2.4718525409698486,2.273637533187866,1.565617322921753,0.06965623795986176,-0.8948036432266235,-1.746596336364746,-3.6663079261779785,-2.9881680011749268,0.07276439666748047
