demo/1900-wind-surface-level-gfs-1.0.json
{"header": {"productDefinitionTemplate": 0, "surface1Type": 103, "productStatus": 0, "disciplineName": "Meteorological products", "subDivisions": 0, "winds": "true", "parameterNumberName": "V-component_of_wind", "discipline": 0, "surface2Value": 0, "significanceOfRTName": "Start of forecast", "surface2TypeName": "Missing", "surface2Type": 255, "productTypeName": "Forecast products", "dx": 0.024617210030555725, "dy": 0.01798853650689125, "numberPoints": 65160, "productStatusName": "Operational products", "gribEdition": 2, "parameterUnit": "m.s-1", "forecastTime": 0, "refTime": "2020-09-30T17:00:00.000Z", "productType": 1, "genProcessTypeName": "Forecast", "scanMode": 0, "genProcessType": 2, "gribLength": 11338.0, "significanceOfRT": 1, "productDefinitionTemplateName": "Analysis/forecast at horizontal level/layer at a point in time", "centerName": "WRF OUTPUT", "la1": 43.66691207885742, "la2": 42.426788330078125, "lo2": 13.70867919921875, "gridUnits": "degrees", "surface1Value": 10, "shapeName": "Earth spherical with radius of 6,371,229.0 m", "surface1TypeName": "Specified height level above ground", "nx": 70.0, "ny": 70.0, "lo1": 12.008544921875, "basicAngle": 0, "gridDefinitionTemplate": 0, "shape": 6, "parameterNumber": 3, "subcenter": 0, "parameterCategoryName": "Momentum", "parameterCategory": 2, "center": 0, "gridDefinitionTemplateName": "Latitude_Longitude", "resolution": 48}, "data":
[rows 19 to 37 of 70, columns 0 to 42 of 70]
1.4730802774429321,1.482132077217102,1.4983410835266113,1.5890753269195557,1.7308281660079956,2.1509928703308105,2.2711336612701416,2.7775609493255615,3.208495855331421,2.8384101390838623,1.4728456735610962,1.6597622632980347,2.1294331550598145,1.1750766038894653,0.1828305572271347,-0.13683681190013885,0.10092554986476898,0.9675950407981873,1.4740461111068726,1.079437255859375,1.0365445613861084,1.3440136909484863,0.7775787711143494,-0.6637469530105591,-1.9151297807693481,-2.4784750938415527,-1.8048762083053589,-0.8166881799697876,-0.24721795320510864,-2.3247416019439697,-3.058088779449463,-1.9257060289382935,-0.04011616110801697,0.7124692797660828,-0.2724047899246216,0.24517743289470673,1.5275464057922363,0.8480046987533569,-0.2429858148097992,-0.2972743809223175,-0.07983396202325821,-0.47233662009239197,0.7126775979995728
1.4069002866744995,1.386985182762146,1.4074665307998657,1.4662636518478394,1.5115593671798706,2.23785400390625,2.6003365516662598,2.4262101650238037,1.92976975440979,1.9412776231765747,1.4465768337249756,2.3662595748901367,2.769841194152832,2.1155831813812256,1.0480011701583862,0.16445091366767883,0.5476728677749634,0.9238717555999756,0.9237697720527649,1.1795058250427246,1.2854619026184082,1.082387924194336,0.8420296311378479,0.9956285357475281,0.5062943696975708,-1.0792686939239502,-2.5773448944091797,-1.9194953441619873,-0.6675183773040771,-1.2660640478134155,-1.9957798719406128,-0.9235494136810303,1.1002075672149658,1.3606055974960327,1.4880284070968628,2.4623677730560303,2.872856616973877,1.4471344947814941,0.10045935958623886,-0.06493876874446869,0.1838589459657669,-1.714285969734192,-1.0796922445297241
1.3120512962341309,1.2115451097488403,1.2234262228012085,1.2730472087860107,1.2270737886428833,1.7202798128128052,1.586247444152832,1.2035212516784668,1.0287208557128906,2.645860433578491,3.4062178134918213,3.1778831481933594,2.676703453063965,2.2606847286224365,1.843845009803772,1.2497390508651733,0.29838043451309204,0.1980930119752884,0.5785102248191833,0.8505640625953674,0.4601457715034485,0.37873807549476624,0.7936601042747498,1.530495524406433,1.601430892944336,0.7242518067359924,-1.1091034412384033,-2.461242914199829,-1.3305003643035889,-0.0011904314160346985,0.500383734703064,1.4710532426834106,2.68595290184021,2.4991700649261475,2.6013922691345215,3.146806478500366,2.351595878601074,1.7869162559509277,1.4913041591644287,0.7565138339996338,1.035219430923462,-0.7304666638374329,-1.0692647695541382
1.170060157775879,1.0492867231369019,0.9630793929100037,0.9180769920349121,0.8178075551986694,0.8352038860321045,0.7035554647445679,0.7374101877212524,1.411240816116333,2.9690661430358887,3.112048864364624,2.1315534114837646,1.1476001739501953,1.0558645725250244,1.3554484844207764,1.434177041053772,-0.5351845026016235,-0.7011409401893616,-0.3713969588279724,-0.4379364252090454,-0.7319977283477783,-0.5584117770195007,0.17011575400829315,0.5384581089019775,0.2572973966598511,0.16026656329631805,-0.29764294624328613,-1.1939058303833008,0.4559563100337982,2.379133939743042,2.5196001529693604,1.561896800994873,2.1981663703918457,2.392162322998047,2.319976806640625,1.6583213806152344,1.255631446838379,1.499771237373352,2.163289785385132,1.6955416202545166,2.2919766902923584,1.2806655168533325,-0.12115047872066498
1.0189530849456787,0.882516086101532,0.7130960822105408,0.5845600962638855,0.33744657039642334,0.26720598340034485,0.6089118719100952,0.9034959077835083,1.4242888689041138,1.9095611572265625,1.603546380996704,1.2045906782150269,0.35945194959640503,-0.06600996106863022,0.7437765002250671,1.0745900869369507,-0.8191112279891968,-2.198991060256958,-2.0700714588165283,-1.9085752964019775,-1.6397594213485718,-1.3530045747756958,-0.8901684284210205,-0.9662181735038757,-1.2316588163375854,-1.0598819255828857,-0.13853399455547333,0.9565951228141785,2.4092166423797607,2.5799875259399414,2.4385411739349365,1.0209758281707764,1.666955590248108,1.8609219789505005,1.714836835861206,1.0246202945709229,1.3318415880203247,1.9733974933624268,2.296455144882202,2.213266611099243,2.6954636573791504,2.0794124603271484,0.32113179564476013
0.9129255414009094,0.7456335425376892,0.564995288848877,0.3922637104988098,0.008388472720980644,-0.2700861096382141,0.24488528072834015,0.466621071100235,0.7840630412101746,1.0679941177368164,0.8309356570243835,0.7248266935348511,0.43258681893348694,0.18876537680625916,1.359542727470398,1.3179481029510498,0.32866230607032776,-2.171266555786133,-3.228421926498413,-3.171651601791382,-2.805138111114502,-2.2957799434661865,-1.5646249055862427,-1.3133267164230347,-1.5491653680801392,-0.48776060342788696,1.546796202659607,2.371708631515503,2.0435781478881836,1.9243000745773315,2.237739324569702,1.0146806240081787,1.3121765851974487,1.4139881134033203,1.3745405673980713,0.7753244042396545,1.2382395267486572,1.602040410041809,2.1356093883514404,2.9169421195983887,2.9640591144561768,2.098958969116211,0.20471838116645813
0.8338831663131714,0.7123369574546814,0.5204524397850037,0.4044283926486969,0.28329408168792725,-0.49296697974205017,-0.1234632283449173,0.23670482635498047,0.7526108622550964,0.46840566396713257,-0.000504806637763977,0.05242165923118591,0.16875876486301422,0.39520537853240967,1.2365738153457642,1.167962908744812,0.6839388608932495,-0.7148433923721313,-2.5237936973571777,-3.3655083179473877,-3.338606357574463,-2.5727758407592773,-1.5632615089416504,-1.0923839807510376,-1.07121741771698,0.23298747837543488,2.1261866092681885,2.6184496879577637,2.4653537273406982,2.4122653007507324,2.729355573654175,0.878303050994873,0.428318053483963,0.5421595573425293,0.6458079218864441,0.596084713935852,0.5934717655181885,0.3207825720310211,0.6945761442184448,2.4785075187683105,2.144623279571533,1.1318891048431396,-0.09983913600444794
0.8023509979248047,0.7267307043075562,0.5760816335678101,0.5281023979187012,0.7996050119400024,0.372281938791275,0.2863118648529053,0.25770804286003113,0.21371006965637207,-0.5021315813064575,-1.0648611783981323,-0.9766560196876526,-1.1593455076217651,-1.061613917350769,-0.3316868841648102,-0.11576700210571289,-0.16197358071804047,-0.21112269163131714,-1.5886741876602173,-2.782189130783081,-2.9310646057128906,-2.4310555458068848,-1.7736295461654663,-1.349830150604248,-1.0846991539001465,-0.19546009600162506,1.324149250984192,2.5727150440216064,2.9471869468688965,2.3807055950164795,1.846686601638794,0.38525673747062683,-0.946072518825531,-0.9232881665229797,-0.3043872117996216,0.09396296739578247,0.11991216242313385,0.16271960735321045,-0.6625992655754089,0.10184067487716675,-0.17673727869987488,-1.1606870889663696,-0.9803502559661865
0.8005558848381042,0.6659530401229858,0.6449744701385498,0.6840424537658691,0.9391111731529236,0.8400799632072449,0.6040962338447571,0.4488660991191864,0.2790451943874359,-0.28873446583747864,-1.067047119140625,-1.3656771183013916,-1.990694284439087,-2.508720636367798,-1.4148772954940796,-0.6798293590545654,-0.23213842511177063,-0.03206580504775047,-1.2361013889312744,-2.5570619106292725,-2.867269515991211,-2.784123182296753,-2.2478549480438232,-1.845234990119934,-1.6685646772384644,-0.3701699376106262,0.9946983456611633,1.8987334966659546,2.3109042644500732,1.8777580261230469,0.8691248297691345,0.2001277208328247,-1.1322364807128906,-1.4238346815109253,-0.9212160110473633,0.1430986374616623,1.9229581356048584,2.949458599090576,1.099579930305481,-0.8016278743743896,-0.1965474784374237,-1.190775752067566,-1.7329729795455933
0.7833932638168335,0.6559962630271912,0.7424406409263611,0.7949069738388062,0.8972592353820801,0.7679303288459778,0.7722094655036926,0.536975622177124,0.2954131066799164,0.20054136216640472,-0.2983657419681549,-0.8061379790306091,-0.8557055592536926,-1.5873959064483643,-1.0626025199890137,-0.5281280279159546,-0.25067153573036194,-0.2607269287109375,-0.8953557014465332,-2.3333849906921387,-2.888261318206787,-3.0517992973327637,-3.032867908477783,-2.5833041667938232,-1.1130728721618652,0.7064884305000305,1.2537431716918945,1.5480003356933594,1.7020683288574219,2.0917739868164062,1.1624724864959717,0.7285270094871521,0.264957070350647,0.19916749000549316,0.6710458397865295,1.9596725702285767,3.653787136077881,3.552570343017578,2.2634189128875732,0.6629909873008728,1.4552407264709473,0.8608136177062988,-1.0619620084762573
0.7833071351051331,0.7338080406188965,0.7956799268722534,0.8610108494758606,0.8998336791992188,0.8995397090911865,0.7790950536727905,0.40461650490760803,0.0019238581880927086,-0.14638058841228485,-0.4049021005630493,-0.5031850337982178,0.04391429200768471,-0.22979559004306793,-0.5951651334762573,-0.7682885527610779,-0.8249450922012329,-1.0514682531356812,-1.0704392194747925,-1.9543877840042114,-2.567702531814575,-3.0823562145233154,-3.2104480266571045,-1.197372317314148,0.9168006777763367,2.2053890228271484,1.982077717781067,1.4043281078338623,1.1797062158584595,1.880460500717163,1.477171540260315,0.8198302388191223,1.0450392961502075,1.3537144660949707,2.017320156097412,3.447404623031616,3.2101259231567383,2.6674108505249023,1.7111146450042725,1.874834418296814,1.8505030870437622,1.4354758262634277,-0.26832813024520874
0.8216403126716614,0.8369183540344238,0.9372385144233704,0.9345099925994873,0.8663232922554016,0.8726596832275391,0.6921306848526001,0.496491402387619,0.3378888964653015,-0.019048085436224937,-0.4048153758049011,-0.5851832032203674,-0.360958069562912,-0.3000030517578125,-0.7206190824508667,-1.0163569450378418,-1.1308320760726929,-1.514337182044983,-0.9311090707778931,-1.6700146198272705,-2.4943573474884033,-2.6049892902374268,-1.7767633199691772,0.49031132459640503,1.6148011684417725,2.013787031173706,1.5900704860687256,0.2745572328567505,0.12347821891307831,1.332188606262207,1.1039626598358154,0.7276068925857544,1.4496185779571533,0.8880982398986816,1.6523505449295044,3.527341842651367,3.5147616863250732,2.1994376182556152,1.7043529748916626,2.5038254261016846,2.0617241859436035,1.4491925239562988,0.5368238091468811
0.9293152093887329,0.9979571104049683,1.0759457349777222,1.0075889825820923,0.8879132866859436,0.7719223499298096,0.6256052255630493,0.4721108078956604,0.1165628656744957,-0.2524721324443817,-0.5515718460083008,-1.0356837511062622,-1.214925765991211,-0.9334170818328857,-0.6776471734046936,-0.7796931862831116,-0.7305076718330383,-0.7956429719924927,-0.039633236825466156,-0.497625470161438,-1.6124536991119385,-1.4951789379119873,-0.5255107879638672,0.6365381479263306,1.3627278804779053,1.6701877117156982,1.4397042989730835,0.441754549741745,0.43190932273864746,1.1285587549209595,0.816735565662384,1.6835333108901978,2.91532301902771,1.6894614696502686,1.701856255531311,2.7846362590789795,2.539567708969116,1.8361992835998535,1.2444171905517578,1.3852884769439697,1.349514126777649,1.3697478771209717,1.3294031620025635
1.1348239183425903,1.1985392570495605,1.234138011932373,1.1724580526351929,0.9334651231765747,0.6963245272636414,0.6539703607559204,0.9093491435050964,0.016131214797496796,-0.8562467098236084,-1.1570411920547485,-1.3571914434432983,-1.8999178409576416,-1.644521713256836,-0.9404757022857666,-0.7721758484840393,-0.6366595029830933,-0.18513375520706177,0.24989841878414154,0.3434402644634247,-0.06486822664737701,-0.3345508575439453,0.05270339176058769,0.322605162858963,1.1598352193832397,1.8792953491210938,1.4690535068511963,1.1937485933303833,1.4630844593048096,0.27543652057647705,0.05696463584899902,2.5463552474975586,3.276437520980835,2.7620022296905518,1.865107774734497,1.2023775577545166,1.0732107162475586,1.038064956665039,0.9233960509300232,-0.21802803874015808,-0.4592593014240265,0.1103154644370079,0.6501357555389404
1.3156465291976929,1.3397544622421265,1.3414998054504395,1.2258458137512207,0.9712477326393127,0.7022238969802856,0.7378764748573303,0.9044220447540283,-0.0805417001247406,-1.2788887023925781,-1.6587088108062744,-1.6834514141082764,-1.9868510961532593,-1.5206907987594604,-1.372094750404358,-1.05531644821167,-1.0160934925079346,-0.8292779922485352,0.027490070089697838,0.7539654970169067,0.9048294425010681,0.6566931009292603,0.8399819135665894,0.2924884855747223,0.9626936316490173,1.64716374874115,1.564544439315796,1.4955462217330933,1.7394347190856934,0.44202759861946106,0.08644194900989532,1.920789361000061,2.2414252758026123,2.347599983215332,1.7924200296401978,-0.049568966031074524,-0.7054797410964966,-0.3763355612754822,-0.1322253793478012,0.08464863896369934,-0.44678255915641785,-0.11819598078727722,0.37680649757385254
1.3418405055999756,1.3757810592651367,1.3798315525054932,1.2981854677200317,1.0451018810272217,0.7972810864448547,0.6663578748703003,0.330360472202301,-0.37616297602653503,-1.0770263671875,-1.5480856895446777,-1.855324625968933,-1.8373935222625732,-1.4627348184585571,-1.6271474361419678,-1.3543318510055542,-1.3310184478759766,-0.8627465963363647,0.4938734471797943,1.2949278354644775,1.3367314338684082,1.4296764135360718,1.2318958044052124,0.3584176003932953,0.5226354002952576,0.7139651775360107,1.3136508464813232,2.2840189933776855,2.178830862045288,1.985161542892456,0.76444411277771,0.5410469174385071,1.189271330833435,1.5531959533691406,1.512285590171814,-0.005272837355732918,-1.6132056713104248,-2.0515761375427246,-1.0422154664993286,1.3783503770828247,0.8898981213569641,0.3954903781414032,0.6503592729568481
1.313410758972168,1.3277702331542969,1.3290468454360962,1.2682732343673706,1.0377800464630127,0.7831507921218872,0.39901280403137207,-0.08648627996444702,-0.6037088632583618,-0.7702470421791077,-1.1481773853302002,-1.4899077415466309,-1.4684633016586304,-1.5950688123703003,-1.7345199584960938,-1.645767331123352,-1.243148684501648,0.43537670373916626,1.8906612396240234,2.450106382369995,1.9859938621520996,1.7720167636871338,0.9056537747383118,0.10950250923633575,-0.4454914629459381,-0.9554346203804016,-0.6892351508140564,0.8417692184448242,1.6575002670288086,1.8807064294815063,0.8378182053565979,-0.13113641738891602,0.2784230709075928,0.5381149053573608,0.7794639468193054,0.4220164120197296,-0.5935055613517761,-0.46806737780570984,0.5346158146858215,1.5431311130523682,1.2582288980484009,0.43606942892074585,0.8772184252738953
1.2225435972213745,1.1661337614059448,1.1331394910812378,1.0375876426696777,0.8044613003730774,0.4261228144168854,0.05017580837011337,-0.32041019201278687,-0.39244750142097473,-0.2712869942188263,-0.47005128860473633,-0.7301833033561707,-0.905582845211029,-0.9725223183631897,-0.856541633605957,-1.254089593887329,-0.45120421051979065,1.8929585218429565,3.3184428215026855,3.5119075775146484,2.7658309936523438,1.9101487398147583,0.8064765334129333,-0.17673103511333466,-1.1201704740524292,-1.8895705938339233,-2.434034585952759,-1.6432219743728638,0.060518741607666016,1.1284003257751465,0.5411404371261597,0.06887444853782654,0.15666963160037994,-0.367952436208725,-0.12567463517189026,0.05439583584666252,0.43931347131729126,1.6700912714004517,2.313316583633423,1.8069614171981812,1.1355351209640503,0.672029972076416,1.9166589975357056
0.9596304297447205,0.8590459823608398,0.8063210844993591,0.7056607604026794,0.4721907675266266,0.36039257049560547,0.7303254008293152,0.5918852686882019,0.7512867450714111,1.1691943407058716,1.0509952306747437,0.24932916462421417,-0.3367544710636139,-0.25267842411994934,0.057068489491939545,-0.3553222715854645,0.4338400959968567,2.290674924850464,3.2090961933135986,2.9843225479125977,2.683424949645996,2.0064265727996826,0.9566304087638855,-0.10150202363729477,-1.1498196125030518,-1.8850853443145752,-2.7360141277313232,-3.2698686122894287,-1.9065464735031128,-0.039201248437166214,0.3589019179344177,0.377240389585495,0.3296440839767456,-0.8593528866767883,-1.0979400873184204,-0.2782004475593567,0.6930838227272034,1.3167800903320312,1.5396729707717896,0.9589805006980896,0.4051707983016968,0.8161532878875732,2.110053062438965
