demo/1930-wind-surface-level-gfs-1.0.json
{"header": {"productDefinitionTemplate": 0, "surface1Type": 103, "productStatus": 0, "disciplineName": "Meteorological products", "subDivisions": 0, "winds": "true", "parameterNumberName": "U-component_of_wind", "discipline": 0, "surface2Value": 0, "significanceOfRTName": "Start of forecast", "surface2TypeName": "Missing", "surface2Type": 255, "productTypeName": "Forecast products", "dx": 0.024617210030555725, "dy": 0.01798853650689125, "numberPoints": 65160, "productStatusName": "Operational products", "gribEdition": 2, "parameterUnit": "m.s-1", "forecastTime": 0, "refTime": "2020-09-30T17:30:00.000Z", "productType": 1, "genProcessTypeName": "Forecast", "scanMode": 0, "genProcessType": 2, "gribLength": 11338.0, "significanceOfRT": 1, "productDefinitionTemplateName": "Analysis/forecast at horizontal level/layer at a point in time", "centerName": "WRF OUTPUT", "la1": 43.66691207885742, "la2": 42.426788330078125, "lo2": 13.70867919921875, "gridUnits": "degrees", "surface1Value": 10, "shapeName": "Earth spherical with radius of 6,371,229.0 m", "surface1TypeName": "Specified height level above ground", "nx": 70.0, "ny": 70.0, "lo1": 12.008544921875, "basicAngle": 0, "gridDefinitionTemplate": 0, "shape": 6, "parameterNumber": 2, "subcenter": 0, "parameterCategoryName": "Momentum", "parameterCategory": 2, "center": 0, "gridDefinitionTemplateName": "Latitude_Longitude", "resolution": 48}, "data":
[rows 38 to 56 of 70, columns 0 to 42 of 70]
1.2355108261108398,1.1119532585144043,1.0453555583953857,0.8647053837776184,0.5793272256851196,0.518368661403656,1.0988482236862183,1.8478318452835083,1.826066017150879,1.994671106338501,2.8656158447265625,2.6900055408477783,1.4948883056640625,1.1683160066604614,2.133305072784424,2.6948540210723877,0.3289012312889099,-2.1340672969818115,-1.3114566802978516,0.3712102770805359,1.7640812397003174,2.8498764038085938,3.0066254138946533,1.8064913749694824,0.20899885892868042,-0.49138543009757996,-0.8752387166023254,-0.6038745045661926,0.39214959740638733,0.5204685926437378,-0.07696237415075302,0.36878663301467896,0.9802900552749634,0.15585090219974518,-1.1181389093399048,-0.47469261288642883,0.35327425599098206,0.05424082279205322,0.49518677592277527,2.1603734493255615,3.377392053604126,3.1556203365325928,2.3909530639648438
1.317566990852356,1.166661262512207,0.9517077207565308,0.5868129730224609,0.2551894783973694,0.3432382345199585,1.0240824222564697,1.465415596961975,1.450851321220398,1.9587831497192383,3.4492311477661133,3.0015854835510254,1.278942584991455,1.139198899269104,2.607703924179077,2.862525701522827,0.11830979585647583,-2.0930914878845215,-1.4213157892227173,-0.09670990705490112,1.0561681985855103,2.1829941272735596,3.769651174545288,3.4861721992492676,1.383607029914856,-0.0307853352278471,-0.44687730073928833,-0.8848691582679749,-0.6880381107330322,-0.24482782185077667,0.014395666308701038,0.42410773038864136,1.0921332836151123,2.07053804397583,1.2571126222610474,0.049001459032297134,0.14976252615451813,0.40976279973983765,0.4648797810077667,1.4500582218170166,3.2113614082336426,4.855775833129883,4.798033237457275
1.3479057550430298,1.1550085544586182,0.9077562093734741,0.31140124797821045,-0.3637011647224426,0.04872892424464226,1.2066420316696167,1.3562092781066895,1.1557563543319702,2.239607572555542,3.5170366764068604,2.857576847076416,1.2842026948928833,1.333827018737793,2.7553467750549316,2.939087390899658,0.8426859378814697,-0.9360246062278748,-0.8433799147605896,-0.40322181582450867,-0.07394248247146606,1.1742053031921387,2.9368810653686523,3.8832590579986572,2.7391104698181152,1.1240147352218628,0.15503399074077606,-1.129157543182373,-1.6351088285446167,-1.4369748830795288,-1.1947990655899048,0.12553450465202332,1.172080159187317,2.1449031829833984,2.5028886795043945,0.21333834528923035,-0.6921120882034302,0.523901104927063,0.43941575288772583,0.6342509388923645,2.0372281074523926,3.0838050842285156,3.653380870819092
1.472931981086731,1.271864652633667,0.9684522151947021,0.46595242619514465,-0.1291939914226532,0.31681346893310547,1.8316650390625,1.9695618152618408,1.2681595087051392,1.832411527633667,2.9991352558135986,3.4482948780059814,2.5673601627349854,1.7403855323791504,2.233471393585205,2.156874656677246,0.9027284979820251,0.08664777129888535,0.16309575736522675,0.1819082647562027,-0.06611441820859909,0.7014222741127014,2.4565234184265137,3.807252883911133,3.4634687900543213,2.4776816368103027,0.796875,-0.8124372363090515,-0.9200697541236877,-1.1719690561294556,-1.9113433361053467,-0.8946364521980286,0.4709227979183197,2.088813304901123,3.3480820655822754,1.4562487602233887,-0.7471924424171448,0.06830383837223053,0.18663173913955688,0.08879254758358002,0.6052662134170532,1.0260032415390015,1.6645089387893677
1.3946129083633423,1.182085394859314,1.105220913887024,0.9875665903091431,0.6605184674263,0.7746284008026123,1.9686479568481445,2.099036931991577,0.9767181277275085,1.3576749563217163,3.036851406097412,2.7208526134490967,2.249194622039795,2.5919899940490723,2.7498421669006348,1.624403953552246,0.44385823607444763,0.2618448734283447,0.30140605568885803,0.7771568894386292,1.5996160507202148,1.7058929204940796,2.0813372135162354,2.779059410095215,3.335716724395752,2.629054546356201,0.9928895235061646,-0.7437244057655334,-0.40288645029067993,-0.7846667766571045,-2.0797388553619385,-1.2585422992706299,0.39279162883758545,2.0388312339782715,3.155348062515259,0.6372440457344055,-1.6632988452911377,-1.023077368736267,-0.2206294685602188,-0.12830638885498047,-0.1949828416109085,-0.30121558904647827,-0.04266439750790596
1.5088669061660767,1.2921137809753418,1.217024564743042,1.3551356792449951,1.3915742635726929,1.3226314783096313,1.7348583936691284,1.377822995185852,0.47644302248954773,1.4467430114746094,3.4124820232391357,2.678165912628174,1.9982986450195312,2.898963212966919,3.154266357421875,1.9269459247589111,0.3726772964000702,0.028450656682252884,0.0801265686750412,0.5110103487968445,1.4476776123046875,2.283273935317993,2.4562621116638184,2.473538637161255,2.3128225803375244,2.1174206733703613,0.8351529240608215,-0.7598004341125488,-0.240865558385849,-0.9965523481369019,-2.647254705429077,-1.71869695186615,0.3941061198711395,1.9115064144134521,2.6942977905273438,1.0848469734191895,-0.7397202253341675,-0.62635737657547,-0.14193607866764069,0.6293657422065735,0.6591091156005859,-0.933763861656189,-0.8652552962303162
1.5001360177993774,1.366709589958191,1.3315536975860596,1.4758702516555786,1.7014682292938232,1.5100183486938477,1.1088416576385498,0.41663655638694763,0.23683612048625946,1.6335899829864502,3.44775652885437,3.2966387271881104,2.5141687393188477,2.5070152282714844,3.254654884338379,2.256333112716675,0.2732858955860138,-0.3010421097278595,-0.06150798872113228,0.4656939208507538,1.5374380350112915,2.3819661140441895,2.610389232635498,2.4219765663146973,2.2847237586975098,1.9874719381332397,0.7317891120910645,-0.4267760217189789,-0.3835686147212982,-1.7310212850570679,-3.0805814266204834,-1.9009613990783691,0.2017267644405365,1.9493646621704102,3.0505752563476562,2.5124704837799072,0.13891366124153137,-0.9990341663360596,-0.5140209197998047,1.601650357246399,1.293451189994812,-0.7618761658668518,-0.8447595834732056
1.6333881616592407,1.5794934034347534,1.4837009906768799,1.5967108011245728,1.742425799369812,1.0210734605789185,0.1646404266357422,-0.05128559470176697,0.17613689601421356,1.2958526611328125,3.202862024307251,3.3163909912109375,2.7241740226745605,2.5548923015594482,3.25510573387146,2.8896689414978027,1.0588165521621704,-0.5386200547218323,-0.8623273372650146,-0.2523113489151001,0.965223491191864,2.0095036029815674,2.1424546241760254,2.257364273071289,2.3015036582946777,2.3242435455322266,1.3089320659637451,-0.1395520120859146,-0.9739391207695007,-2.0584542751312256,-3.237591028213501,-2.7357044219970703,-0.6109732389450073,0.6908952593803406,2.1345291137695312,3.0594911575317383,1.6184587478637695,-1.1136566400527954,-1.2797619104385376,0.7951661348342896,1.2852208614349365,-0.19112350046634674,-0.9732940196990967
1.5833674669265747,1.5452489852905273,1.6332818269729614,1.7388157844543457,1.7541561126708984,0.7264320254325867,-0.22834645211696625,-0.05440051108598709,0.2739255726337433,1.2361482381820679,3.184316635131836,3.7059717178344727,3.0309817790985107,2.6484732627868652,2.880924701690674,3.085721492767334,1.7203564643859863,-0.3423019349575043,-0.9541680216789246,-0.6154738068580627,0.14870643615722656,0.8206918239593506,1.2931793928146362,1.845258355140686,2.384523391723633,2.9980947971343994,2.590191602706909,0.5297650694847107,-1.5166151523590088,-2.266049861907959,-2.9023916721343994,-3.3257222175598145,-1.5961108207702637,-0.20170199871063232,1.2835665941238403,3.3424763679504395,3.7135276794433594,-0.12341880053281784,-2.0535895824432373,0.4658219516277313,2.3651556968688965,3.2228636741638184,2.322052478790283
1.8502177000045776,1.9164615869522095,1.7935079336166382,1.8381597995758057,1.9391156435012817,0.9370239973068237,-0.2717709243297577,-0.33856022357940674,0.06907130777835846,1.0645220279693604,2.9646308422088623,3.7784857749938965,2.4936702251434326,1.718446135520935,2.7103614807128906,3.368774890899658,1.7871222496032715,-0.4436563551425934,-1.0911322832107544,-1.346404790878296,-1.3853623867034912,-0.7963326573371887,0.4066873788833618,1.6537001132965088,2.7821195125579834,3.0818986892700195,2.427388906478882,0.6518760919570923,-1.215966820716858,-1.5262893438339233,-1.6814485788345337,-2.9736111164093018,-2.7768890857696533,-1.3266417980194092,0.6897141337394714,2.7432477474212646,3.74959135055542,0.7240623831748962,-2.0951664447784424,-0.36425623297691345,1.3902353048324585,2.3685805797576904,3.0527682304382324
1.866179347038269,1.8565468788146973,1.834839940071106,1.879520297050476,1.912034034729004,1.3618794679641724,-0.014947774820029736,-0.4624420404434204,0.04624141380190849,1.065953016281128,2.197540760040283,2.4125869274139404,1.6530389785766602,1.8105790615081787,2.789142608642578,3.4743449687957764,1.8289378881454468,-0.09749976545572281,-0.8643350601196289,-1.9221794605255127,-2.9388580322265625,-2.730283260345459,-0.8789680004119873,1.3418352603912354,3.0518150329589844,3.340829372406006,2.317624807357788,1.0480751991271973,0.04002547264099121,-0.9577313661575317,-1.2777698040008545,-2.399481773376465,-2.9397287368774414,-1.250276803970337,0.6558899283409119,1.9705400466918945,2.733255386352539,1.3781099319458008,-0.5876345634460449,-0.5418036580085754,0.7117821574211121,1.6667742729187012,2.2435617446899414
1.9096156358718872,1.9479215145111084,1.8590909242630005,1.7478488683700562,1.7805629968643188,1.639033317565918,0.4877762198448181,-0.11965680122375488,0.40739989280700684,1.1610281467437744,1.6094030141830444,1.8377652168273926,1.9705194234848022,2.6466479301452637,3.466334819793701,3.2779293060302734,1.7984778881072998,0.10559755563735962,-1.226771593093872,-1.976423740386963,-2.526323080062866,-3.0805604457855225,-2.000256061553955,0.606550395488739,2.5598526000976562,3.3006060123443604,2.2538652420043945,1.1821422576904297,0.9542117714881897,-0.010465949773788452,-0.8153622150421143,-1.6765302419662476,-2.2897846698760986,-0.6606015563011169,0.651868462562561,1.0713555812835693,1.6836836338043213,3.312453269958496,2.976012945175171,0.37883076071739197,-0.3857734501361847,0.3007720410823822,0.7551423907279968
1.9039140939712524,1.9741008281707764,1.9487663507461548,1.6071299314498901,1.5447360277175903,1.324075698852539,0.6566155552864075,0.288943886756897,0.6867411136627197,1.2306839227676392,1.16196870803833,1.2240016460418701,2.1529059410095215,3.2557296752929688,2.757352590560913,1.68063485622406,1.7029435634613037,1.0777759552001953,-1.0161535739898682,-1.931134581565857,-1.7911027669906616,-2.736262559890747,-2.6832807064056396,-0.4497275948524475,1.7823140621185303,3.2196967601776123,2.841356039047241,1.7165251970291138,1.0332859754562378,0.25949445366859436,-1.1745158433914185,-2.056746482849121,-2.0640132427215576,-1.0387394428253174,0.6305050253868103,1.0122911930084229,1.227710247039795,2.761836051940918,1.38130784034729,-0.9265981316566467,-0.7433607578277588,-1.0210895538330078,-0.47960346937179565
2.1027917861938477,2.0968799591064453,1.981943964958191,1.3038077354431152,1.3299248218536377,1.6081416606903076,1.3344115018844604,0.8895964026451111,1.2065558433532715,1.6997852325439453,1.1968834400177002,0.9780629277229309,1.9073107242584229,2.477254629135132,1.7494245767593384,1.6657776832580566,2.4041144847869873,1.7660243511199951,-0.6917966604232788,-2.2039859294891357,-1.818099856376648,-2.43266224861145,-3.0455849170684814,-1.424307107925415,1.127215027809143,3.3255512714385986,3.2052106857299805,1.7034531831741333,0.9668174386024475,0.2438434213399887,-0.7690176367759705,-1.0118894577026367,-1.2571115493774414,-0.8594231605529785,-0.26639166474342346,-0.04928107187151909,1.2825679779052734,3.0783472061157227,0.9032087326049805,-0.7799183130264282,0.29504260420799255,-1.1731915473937988,-1.3687567710876465
2.2870216369628906,2.3331851959228516,2.170055866241455,1.923263430595398,1.9893816709518433,1.5524667501449585,0.9398971199989319,0.8360074758529663,1.377046823501587,1.750184178352356,0.7291466593742371,-0.15958012640476227,0.6559682488441467,1.5534861087799072,1.4907526969909668,1.7984025478363037,2.7815661430358887,2.664929151535034,1.1389683485031128,-0.5045688152313232,-1.0635550022125244,-1.7637028694152832,-2.993128776550293,-2.2953128814697266,0.4982151389122009,2.938952922821045,2.8045036792755127,0.7443304061889648,0.45245301723480225,-0.017839645966887474,-0.8978375792503357,-0.28382712602615356,0.5351592302322388,1.1343441009521484,-0.4493868052959442,-1.1957557201385498,1.0167968273162842,3.315642833709717,1.774180293083191,-0.36029940843582153,0.6428183317184448,-0.8121134042739868,-1.8593237400054932
2.3205854892730713,2.349396228790283,2.2047417163848877,2.107107400894165,2.185695171356201,2.5323309898376465,2.4495136737823486,2.2556722164154053,1.9613471031188965,1.1780829429626465,-0.5009444952011108,-1.1780366897583008,0.22258585691452026,1.5570818185806274,2.1020290851593018,2.4270999431610107,3.3681600093841553,2.6741251945495605,1.7987048625946045,1.3949917554855347,0.2995592951774597,-1.1413944959640503,-2.3457276821136475,-2.030705451965332,0.6725773811340332,2.925907611846924,1.437396764755249,-0.2139602154493332,0.6929279565811157,0.037776850163936615,-1.315100908279419,0.11936601996421814,1.4522563219070435,1.316046118736267,-0.7024314403533936,-1.5247607231140137,0.76264888048172,3.4883155822753906,2.812701940536499,0.00819964986294508,1.0603718757629395,1.5419602394104004,-0.8525168895721436
2.20448899269104,2.243112802505493,2.179248809814453,2.259018898010254,2.3601996898651123,2.560978412628174,2.7651309967041016,3.0525989532470703,2.3180720806121826,0.1813727766275406,-1.9966771602630615,-2.4023020267486572,-0.612917959690094,1.1337662935256958,2.4403741359710693,2.962911605834961,2.805758476257324,2.127481460571289,1.7563427686691284,1.4210782051086426,0.5411098599433899,-1.005366325378418,-2.120823860168457,-1.1765327453613281,1.2202200889587402,2.434969186782837,0.21552544832229614,-0.5052370429039001,1.2099460363388062,0.2320818156003952,-1.5655927658081055,0.4783506393432617,2.1273727416992188,0.30985113978385925,-1.3273956775665283,-0.7719343900680542,1.1750513315200806,3.1105217933654785,2.585519552230835,-0.824819803237915,0.053447555750608444,2.753927230834961,1.4676727056503296
2.1297051906585693,1.9839754104614258,2.072597026824951,2.281263828277588,2.280452251434326,2.319671392440796,2.4271674156188965,2.746546506881714,2.4505457878112793,0.03066038154065609,-2.3636252880096436,-2.4919073581695557,-0.9704959392547607,0.7963252663612366,2.9216325283050537,3.325511932373047,2.1903345584869385,1.795577049255371,2.0146074295043945,1.5117793083190918,0.7416692972183228,-0.473303884267807,-1.860229253768921,-1.3307076692581177,1.0407240390777588,1.9447472095489502,-0.1833099126815796,-0.45020556449890137,1.6408206224441528,0.6279835104942322,-1.5838199853897095,0.2809104323387146,2.1283414363861084,-0.6763960123062134,-2.280078649520874,0.24351263046264648,1.9913253784179688,2.7592697143554688,1.120009183883667,-1.516374111175537,-0.5488710403442383,1.919060230255127,1.9822860956192017
2.3410847187042236,2.1869843006134033,2.1524791717529297,2.283979892730713,2.1784262657165527,2.2414050102233887,2.5085396766662598,2.8028297424316406,2.7875173091888428,0.9357563257217407,-1.9651124477386475,-2.799992799758911,-1.5313998460769653,0.3837226629257202,2.9491264820098877,3.2296738624572754,1.3590383529663086,0.960768461227417,1.3677834272384644,1.2976291179656982,0.851241946220398,-0.4043939709663391,-1.5462476015090942,-1.0075056552886963,0.7115362882614136,1.7808833122253418,0.2193513810634613,-0.3466236889362335,1.5702706575393677,1.5057480335235596,-0.789681077003479,-0.10632431507110596,1.5332175493240356,-0.5645296573638916,-2.690432548522949,-0.8010534048080444,2.1555685997009277,4.854602336883545,2.925654888153076,-2.0874855518341064,-1.6864657402038574,1.6625983715057373,3.408369302749634
