demo/1930-wind-surface-level-gfs-1.0.json
{"header": {"productDefinitionTemplate": 0, "surface1Type": 103, "productStatus": 0, "disciplineName": "Meteorological products", "subDivisions": 0, "winds": "true", "parameterNumberName": "V-component_of_wind", "discipline": 0, "surface2Value": 0, "significanceOfRTName": "Start of forecast", "surface2TypeName": "Missing", "surface2Type": 255, "productTypeName": "Forecast products", "dx": 0.024617210030555725, "dy": 0.01798853650689125, "numberPoints": 65160, "productStatusName": "Operational products", "gribEdition": 2, "parameterUnit": "m.s-1", "forecastTime": 0, "refTime": "2020-09-30T17:30:00.000Z", "productType": 1, "genProcessTypeName": "Forecast", "scanMode": 0, "genProcessType": 2, "gribLength": 11338.0, "significanceOfRT": 1, "productDefinitionTemplateName": "Analysis/forecast at horizontal level/layer at a point in time", "centerName": "WRF OUTPUT", "la1": 43.66691207885742, "la2": 42.426788330078125, "lo2": 13.70867919921875, "gridUnits": "degrees", "surface1Value": 10, "shapeName": "Earth spherical with radius of 6,371,229.0 m", "surface1TypeName": "Specified height level above ground", "nx": 70.0, "ny": 70.0, "lo1": 12.008544921875, "basicAngle": 0, "gridDefinitionTemplate": 0, "shape": 6, "parameterNumber": 3, "subcenter": 0, "parameterCategoryName": "Momentum", "parameterCategory": 2, "center": 0, "gridDefinitionTemplateName": "Latitude_Longitude", "resolution": 48}, "data":
[rows 0 to 18 of 70, columns 0 to 42 of 70]
-0.5979005694389343,-0.5022614598274231,-0.47284165024757385,-0.7252740859985352,-0.8394533395767212,-1.4716392755508423,-0.8743805289268494,0.7445194721221924,2.4262444972991943,3.407337188720703,3.6726644039154053,2.916865587234497,1.6443203687667847,0.36162126064300537,-0.39022016525268555,-0.8722984790802002,-1.0253612995147705,-0.9289147853851318,-1.2200883626937866,-1.1493033170700073,-0.4714715778827667,-0.10248801112174988,0.2137712985277176,0.42993107438087463,0.5082281231880188,0.5112119913101196,0.5603197813034058,0.7947849631309509,1.146378517150879,1.3931567668914795,1.0668208599090576,0.9115982055664062,0.6146610379219055,0.4841621518135071,0.507400393486023,0.46473678946495056,0.4771807789802551,0.5922363996505737,0.5411983728408813,0.5502726435661316,0.5629954934120178,0.6398995518684387,0.7075623273849487
-0.8469558358192444,-0.7975923418998718,-0.798932671546936,-1.1468901634216309,-1.374605417251587,-2.200521469116211,-1.5261385440826416,0.21452262997627258,2.0115816593170166,2.8023903369903564,2.9450881481170654,2.4800333976745605,1.3575385808944702,0.1655910313129425,-0.43396639823913574,-0.707377552986145,-0.7144434452056885,-0.6050950884819031,-1.0119178295135498,-0.9562738537788391,-0.36136317253112793,0.00040523725328966975,0.28972765803337097,0.4994984269142151,0.5578474402427673,0.5695000290870667,0.6367577314376831,0.8891698718070984,1.3597913980484009,1.6121764183044434,1.3002490997314453,1.1555761098861694,0.8195905685424805,0.6731581687927246,0.6610307693481445,0.5689339637756348,0.5900517106056213,0.7291942238807678,0.6241729855537415,0.5547834634780884,0.5034984350204468,0.5757535099983215,0.6485698819160461
-0.9182517528533936,-1.159576416015625,-1.2940322160720825,-1.211098313331604,-1.393220067024231,-1.3546936511993408,-1.3877838850021362,-1.2218517065048218,-1.2691670656204224,-1.5195294618606567,-1.725465178489685,-1.3388806581497192,-1.1370625495910645,-1.0100241899490356,-0.7492424845695496,-0.5055949091911316,-0.23818424344062805,0.07910478115081787,-0.13051171600818634,-0.135781928896904,-0.09628657251596451,-0.05697503685951233,0.05459396168589592,0.21605537831783295,0.2594844698905945,0.30075928568840027,0.43991973996162415,0.6639308929443359,0.9027655124664307,0.9975062012672424,1.1743361949920654,1.2092958688735962,1.1825947761535645,1.053512692451477,0.9632635116577148,0.7549053430557251,0.6800272464752197,0.6279487609863281,0.5540144443511963,0.3835350573062897,0.283003568649292,0.20086508989334106,0.18406353890895844
-0.9263907074928284,-1.2243540287017822,-1.4076155424118042,-0.9729163646697998,-0.5904960632324219,-0.476031631231308,-0.9525282979011536,-1.599792718887329,-1.9652820825576782,-1.93245267868042,-1.7840005159378052,-1.5785281658172607,-1.473915457725525,-1.216270089149475,-0.8945429921150208,-0.419202595949173,0.4540795087814331,1.4588505029678345,0.6173455715179443,0.39671429991722107,0.424747496843338,0.17734678089618683,0.1746198982000351,0.3932397663593292,0.006003660149872303,-0.382939875125885,-0.43079832196235657,-0.07111776620149612,0.4819066822528839,0.8943777680397034,1.3535982370376587,1.7024427652359009,1.8240203857421875,1.5249106884002686,1.3180351257324219,1.0456538200378418,0.9087404608726501,0.8491590619087219,0.8441006541252136,0.650667130947113,0.4651170074939728,0.24628448486328125,0.14130356907844543
-0.9154034852981567,-1.2947897911071777,-1.4757423400878906,-1.2901815176010132,-0.22510066628456116,-0.06436307728290558,-0.368556410074234,-1.0817605257034302,-2.039625883102417,-2.0907859802246094,-1.705339789390564,-1.4677642583847046,-1.290666103363037,-0.8962379097938538,-0.35122770071029663,0.3908543884754181,1.4693500995635986,2.0105671882629395,0.8881202936172485,0.9361515045166016,0.6858423948287964,0.2022857815027237,-0.02373000793159008,-0.38767582178115845,-0.7718130350112915,-0.47572454810142517,-0.6636151671409607,0.2864544093608856,0.9681784510612488,1.373241662979126,1.5941529273986816,1.9029743671417236,1.9874800443649292,1.5499231815338135,1.204736590385437,0.9232176542282104,0.7204239368438721,0.5988012552261353,0.6120358109474182,0.4391710162162781,0.3598098158836365,0.1895819455385208,0.10731248557567596
-0.7868285775184631,-1.1364009380340576,-1.3768576383590698,-1.4466017484664917,-0.6072897911071777,-0.327108234167099,-0.7103427648544312,-0.7120180130004883,-1.2061060667037964,-1.500140905380249,-1.7180320024490356,-1.7335000038146973,-1.2862017154693604,-0.23832152783870697,0.8368831276893616,1.3845269680023193,1.6637582778930664,1.1059017181396484,1.1110789775848389,1.8013604879379272,2.625114917755127,2.16078519821167,1.799782633781433,0.6671130657196045,-0.33086633682250977,-0.6544008255004883,0.07404536753892899,1.72996187210083,2.038983106613159,2.0396854877471924,2.080069065093994,1.8011982440948486,1.6533734798431396,1.1489919424057007,0.7514183521270752,0.8516156673431396,0.72649747133255,0.5114317536354065,0.3819881081581116,0.2362212985754013,0.13235001266002655,-0.027898211032152176,-0.10407576709985733
-0.4898543655872345,-0.762948215007782,-0.9363514184951782,-1.0623270273208618,-0.9522361159324646,-0.7906744480133057,-1.3474494218826294,-1.6770305633544922,-1.0971051454544067,-0.7952702045440674,-1.3772038221359253,-1.914491891860962,-1.3968312740325928,0.2033739686012268,1.1543221473693848,1.0700260400772095,1.0340272188186646,0.8155919313430786,1.9761443138122559,3.178215503692627,4.009685516357422,3.0942225456237793,2.91459321975708,2.624683141708374,1.9380059242248535,0.4731336534023285,-0.18934141099452972,1.0098457336425781,1.489796757698059,1.5005242824554443,1.8277785778045654,1.231227159500122,0.9773069620132446,0.9625862836837769,0.7365474700927734,0.8061383962631226,0.9118346571922302,0.9918078184127808,1.0126349925994873,0.7709299325942993,0.4010615050792694,0.12902723252773285,0.11457820981740952
-0.031845055520534515,-0.17380788922309875,-0.2718084752559662,-0.34844517707824707,-0.6126074194908142,-0.8829535245895386,-1.1001769304275513,-1.9840832948684692,-2.0885508060455322,-0.8719029426574707,-0.7396326065063477,-1.124916434288025,-0.885749340057373,0.10231590270996094,0.6594651341438293,1.2616198062896729,1.9275014400482178,2.4100382328033447,3.211778402328491,3.5564980506896973,2.659363269805908,1.0543063879013062,0.7331421971321106,1.5004949569702148,2.139890193939209,2.6003122329711914,0.8559154868125916,0.03963414579629898,0.2857520580291748,0.9531405568122864,1.5102018117904663,1.459275722503662,1.1516233682632446,1.7659637928009033,1.5520254373550415,0.39387762546539307,0.6004528999328613,1.4293389320373535,1.9758089780807495,1.4622079133987427,0.5954360961914062,0.13810262084007263,0.6307901740074158
0.4530595541000366,0.4383425712585449,0.4224805235862732,0.3213406205177307,0.0005740131018683314,-0.4325748682022095,-0.657589852809906,-1.1689714193344116,-2.127794027328491,-1.1930041313171387,-0.5369399189949036,0.024626776576042175,0.1367713212966919,-0.05277637019753456,0.2873395085334778,1.5853835344314575,2.769962787628174,3.2508974075317383,3.212541341781616,2.4504199028015137,1.0117018222808838,-0.7580322623252869,-1.888068437576294,-1.602670669555664,0.20620670914649963,1.856329321861267,3.1006271839141846,2.2690272331237793,0.5218770503997803,0.8850544691085815,1.8366527557373047,2.2475626468658447,1.8859763145446777,2.114973545074463,2.1257171630859375,0.6900652050971985,0.6912832856178284,2.1056458950042725,2.445434331893921,1.8588199615478516,0.8534608483314514,0.1249254047870636,1.3177942037582397
0.8396589159965515,0.8696478009223938,0.8765947222709656,0.7341113090515137,0.24573837220668793,-0.05687282979488373,-0.2804887890815735,-0.07117220014333725,-0.6449876427650452,-1.029289722442627,-0.7697644829750061,0.5195137858390808,0.8321245312690735,-0.33703118562698364,0.07215357571840286,1.6656862497329712,2.3396997451782227,1.6148128509521484,1.634408712387085,1.7486262321472168,0.40529805421829224,-0.44843408465385437,-0.015926290303468704,-1.226081132888794,-1.9872783422470093,0.3471362888813019,3.714789390563965,3.8894453048706055,2.580965995788574,1.217522382736206,1.4393242597579956,1.9455552101135254,1.7255353927612305,1.6620672941207886,1.3850281238555908,0.9669431447982788,0.6613264679908752,1.4845800399780273,1.507689118385315,1.918407917022705,1.5240299701690674,1.101088523864746,2.227877140045166
1.193750262260437,1.2360981702804565,1.2962151765823364,1.1708821058273315,0.5610860586166382,0.13869062066078186,0.4247033894062042,1.0703825950622559,1.3175560235977173,-0.31173884868621826,-0.08334537595510483,1.402327299118042,2.108499526977539,0.7916573286056519,1.4855663776397705,2.847548007965088,2.7580630779266357,0.5853699445724487,0.2869585156440735,2.0571658611297607,1.5914846658706665,1.8515400886535645,2.8966426849365234,2.7850735187530518,-1.405089020729065,-0.4038776755332947,2.26296329498291,2.9095237255096436,3.229994297027588,2.425379991531372,0.6151333451271057,1.0195809602737427,1.9280253648757935,2.171093463897705,0.1605808138847351,0.0883651003241539,0.09645532071590424,0.09729407727718353,0.8774348497390747,2.6065621376037598,2.3796634674072266,2.2644054889678955,2.0602853298187256
1.4947302341461182,1.5277782678604126,1.6084370613098145,1.547105073928833,0.8517699837684631,0.548007071018219,1.2499343156814575,1.9595097303390503,2.668773889541626,0.7187781929969788,0.8868346214294434,2.6141197681427,3.394826889038086,2.96598482131958,3.275242567062378,3.182248592376709,2.9138569831848145,0.7495969533920288,-0.21583764255046844,1.7091635465621948,2.4771337509155273,3.005185127258301,2.173790693283081,2.253406524658203,1.2915103435516357,-0.02542509138584137,0.018452294170856476,1.263013243675232,1.8353548049926758,1.9817137718200684,0.5228731036186218,0.9933478236198425,2.2215073108673096,2.4511215686798096,0.6414559483528137,-0.15877360105514526,-0.5146924257278442,0.30155086517333984,1.603695034980774,2.8900046348571777,2.7921719551086426,2.103627920150757,0.5619849562644958
1.7343769073486328,1.7907284498214722,1.8342173099517822,1.7473570108413696,1.3017100095748901,1.287837028503418,1.4466040134429932,1.749343752861023,1.730599045753479,1.0415323972702026,1.0552153587341309,2.4907166957855225,3.4022417068481445,3.47894549369812,2.8546009063720703,1.8230772018432617,1.4815877676010132,1.158487319946289,0.09294439852237701,0.3975323736667633,1.106960654258728,1.9775985479354858,1.6876051425933838,0.4835287928581238,1.4219995737075806,0.6336303353309631,-1.0872578620910645,-1.3429334163665771,-0.7228811979293823,0.2531886696815491,0.6729759573936462,1.0042177438735962,1.0680060386657715,1.0890368223190308,0.966684877872467,0.15950274467468262,-0.5103670358657837,0.5313486456871033,1.5190868377685547,2.011385917663574,1.80802321434021,0.8719775080680847,-0.5263115763664246
1.8960587978363037,1.94382643699646,1.951655387878418,1.8297706842422485,1.700561761856079,1.6553279161453247,1.1665763854980469,0.7871930599212646,0.13118696212768555,0.3318975567817688,0.854542076587677,2.0020534992218018,2.304129123687744,2.2082254886627197,1.7813034057617188,0.6712921857833862,0.4015543758869171,1.1318451166152954,1.08954656124115,-0.37854722142219543,-0.25091060996055603,0.8943273425102234,1.782918930053711,0.885834276676178,0.5865970849990845,1.3644509315490723,-0.06972670555114746,-2.4946844577789307,-2.99957275390625,-2.014166831970215,-0.9689158797264099,-0.7758329510688782,-0.36695152521133423,-0.22084282338619232,-0.538587749004364,0.055912360548973083,1.3206162452697754,-0.37923434376716614,-0.6434735655784607,-0.3596528172492981,-0.8856678605079651,-1.4977378845214844,0.2065805047750473
1.9521692991256714,2.024503469467163,2.02461838722229,1.9141241312026978,1.8503795862197876,1.5131566524505615,1.0442358255386353,0.05960266664624214,-0.8637655973434448,-0.32355520129203796,0.5322156548500061,0.9974437952041626,0.8765098452568054,0.5867455005645752,0.5431424975395203,-0.28989550471305847,-0.29460409283638,0.9577522277832031,1.7097376585006714,-0.23679855465888977,-0.6367076635360718,0.9459203481674194,1.7566848993301392,1.3851900100708008,0.818325936794281,1.6184756755828857,0.9332553148269653,-2.361340045928955,-2.962860107421875,-1.2548613548278809,-0.7052657008171082,-1.7525678873062134,-1.4517931938171387,-1.190434217453003,-1.3737013339996338,0.294746458530426,1.7766075134277344,0.3000640869140625,-1.1864930391311646,-1.8567146062850952,-2.9922094345092773,-0.9378779530525208,2.7129533290863037
1.9659123420715332,2.0227890014648438,2.006537675857544,1.8668279647827148,1.9270825386047363,1.237264633178711,0.949546217918396,-0.12335820496082306,-1.0770776271820068,-0.271677702665329,0.08145264536142349,-0.1821828931570053,0.22990357875823975,-0.376255065202713,-0.34230995178222656,0.189626082777977,1.1252400875091553,1.6572564840316772,1.6202611923217773,-0.10151726752519608,-0.9386866688728333,0.6714792251586914,0.9006161689758301,0.7692480683326721,1.350197434425354,1.2667226791381836,1.008428931236267,-1.9639897346496582,-1.411760926246643,0.9316332936286926,1.9392750263214111,0.012825382873415947,-1.7785956859588623,-2.0336248874664307,-1.323626160621643,-0.26814672350883484,-0.1289786398410797,0.18202152848243713,0.021141791716217995,-0.13550430536270142,0.20546355843544006,2.7043235301971436,3.3990252017974854
1.8653987646102905,1.8965377807617188,1.8745306730270386,1.7669578790664673,1.7850770950317383,1.2705376148223877,1.4492510557174683,0.6414727568626404,-0.41369011998176575,-0.23298417031764984,-0.4302884340286255,-0.7377776503562927,-0.30674877762794495,-0.1639440804719925,0.06049166992306709,1.838823914527893,2.7848970890045166,2.148480176925659,1.0505831241607666,0.8809784054756165,-0.6400918960571289,-1.5268571376800537,-0.7827895879745483,0.3323071300983429,1.0724947452545166,0.7835865616798401,0.7958365082740784,-1.5749198198318481,-1.338171124458313,0.5359885096549988,1.7489978075027466,1.5250319242477417,-1.323997139930725,-2.701202869415283,-1.5124424695968628,-1.4426947832107544,-1.9217746257781982,-1.3671513795852661,-0.15199720859527588,0.6240399479866028,2.1934456825256348,2.9240756034851074,2.7265689373016357
1.6492507457733154,1.6336382627487183,1.6386666297912598,1.5899666547775269,1.5795561075210571,1.4921703338623047,1.4414761066436768,1.1078933477401733,0.9020766019821167,0.7837294936180115,1.7137067317962646,1.4329696893692017,0.2147243469953537,-0.061199698597192764,0.6302937865257263,1.7279092073440552,1.424669861793518,0.7073201537132263,0.500239372253418,2.4025485515594482,1.8344488143920898,-1.5923216342926025,-2.8798673152923584,-0.9072369337081909,0.08686265349388123,0.1801692247390747,0.739262580871582,-0.46967077255249023,-2.256779432296753,-1.529388666152954,-0.031213104724884033,1.5787254571914673,0.24412471055984497,-2.619337558746338,-2.310288429260254,-1.8017334938049316,-1.3724185228347778,-0.9298179745674133,-1.0822830200195312,-0.5159658193588257,0.8494693636894226,1.9389684200286865,2.912092685699463
1.3809552192687988,1.3667632341384888,1.375625491142273,1.4026479721069336,1.4564369916915894,1.4263919591903687,0.9889746308326721,1.090492606163025,2.0327916145324707,2.635754346847534,3.612358331680298,2.937825918197632,1.5443370342254639,-0.3569272756576538,0.08279649168252945,0.41642868518829346,-0.17878837883472443,0.18001718819141388,1.7000561952590942,2.2929654121398926,2.2452948093414307,1.09373140335083,-1.634840965270996,-2.2002148628234863,-1.7117360830307007,-0.8979824185371399,-0.333202600479126,0.22586651146411896,-1.707308292388916,-3.1697287559509277,-2.0770976543426514,0.14593946933746338,1.1673647165298462,-0.923693060874939,-1.88973069190979,-0.7587489485740662,0.950735330581665,0.4229017496109009,-0.5551315546035767,0.651013195514679,0.954907238483429,1.4477604627609253,2.6245503425598145
