demo/1930-wind-surface-level-gfs-1.0.json
{"header": {"productDefinitionTemplate": 0, "surface1Type": 103, "productStatus": 0, "disciplineName": "Meteorological products", "subDivisions": 0, "winds": "true", "parameterNumberName": "V-component_of_wind", "discipline": 0, "surface2Value": 0, "significanceOfRTName": "Start of forecast", "surface2TypeName": "Missing", "surface2Type": 255, "productTypeName": "Forecast products", "dx": 0.024617210030555725, "dy": 0.01798853650689125, "numberPoints": 65160, "productStatusName": "Operational products", "gribEdition": 2, "parameterUnit": "m.s-1", "forecastTime": 0, "refTime": "2020-09-30T17:30:00.000Z", "productType": 1, "genProcessTypeName": "Forecast", "scanMode": 0, "genProcessType": 2, "gribLength": 11338.0, "significanceOfRT": 1, "productDefinitionTemplateName": "Analysis/forecast at horizontal level/layer at a point in time", "centerName": "WRF OUTPUT", "la1": 43.66691207885742, "la2": 42.426788330078125, "lo2": 13.70867919921875, "gridUnits": "degrees", "surface1Value": 10, "shapeName": "Earth spherical with radius of 6,371,229.0 m", "surface1TypeName": "Specified height level above ground", "nx": 70.0, "ny": 70.0, "lo1": 12.008544921875, "basicAngle": 0, "gridDefinitionTemplate": 0, "shape": 6, "parameterNumber": 3, "subcenter": 0, "parameterCategoryName": "Momentum", "parameterCategory": 2, "center": 0, "gridDefinitionTemplateName": "Latitude_Longitude", "resolution": 48}, "data":
[rows 38 to 56 of 70, columns 0 to 42 of 70]
1.5439397096633911,1.481698989868164,1.4760870933532715,1.4987908601760864,1.4775725603103638,1.963020920753479,2.155622959136963,2.298344612121582,2.779384136199951,2.9632086753845215,2.0017614364624023,0.7335613369941711,0.27693307399749756,0.6722699403762817,0.9059873223304749,0.32456767559051514,1.4345290660858154,2.3777732849121094,2.224573850631714,2.2844479084014893,2.5107421875,2.9630675315856934,2.6213364601135254,1.442772388458252,0.4200553297996521,0.8067589402198792,-0.12241469323635101,-0.923860490322113,-0.37761256098747253,0.48418760299682617,1.170835256576538,0.8414106369018555,0.8984605073928833,1.1252905130386353,0.5995059609413147,1.0948903560638428,1.6895979642868042,1.2877625226974487,0.6474394798278809,0.7556055188179016,1.33663010597229,1.7373601198196411,2.372770071029663
1.5247247219085693,1.4283902645111084,1.4252530336380005,1.6098682880401611,2.356724500656128,2.4525792598724365,2.196869134902954,1.8416686058044434,2.3699145317077637,1.9555892944335938,1.5037281513214111,0.984711229801178,0.7419975399971008,1.1708364486694336,1.0934767723083496,0.6590700149536133,1.2868430614471436,1.4945673942565918,0.6541260480880737,0.2054729461669922,0.9606492519378662,2.011894702911377,2.5566630363464355,2.1295204162597656,0.8059368133544922,0.7772002816200256,1.0526074171066284,1.200736165046692,1.8567180633544922,1.857290267944336,2.044760227203369,1.251810908317566,1.9726202487945557,2.994999885559082,1.5029492378234863,-0.15217208862304688,0.38292810320854187,0.5824389457702637,-0.20711559057235718,0.22536525130271912,1.1667388677597046,1.7809557914733887,2.5690393447875977
1.5124529600143433,1.4331862926483154,1.4256274700164795,1.5879346132278442,2.3520922660827637,2.421104907989502,2.011477470397949,1.4719951152801514,1.1139121055603027,1.2271596193313599,1.3500862121582031,1.1589388847351074,0.5711508393287659,0.4728526771068573,0.5188258290290833,0.6570253968238831,1.3313850164413452,1.485901951789856,0.689330518245697,-0.19300824403762817,-0.0122144790366292,1.0896904468536377,1.6421103477478027,1.952782392501831,1.6350184679031372,0.5146006941795349,1.2277296781539917,2.1375441551208496,2.699585437774658,2.0226542949676514,2.3918659687042236,1.9961527585983276,2.923755168914795,3.211325168609619,2.4338455200195312,-0.06623496115207672,-0.25520893931388855,-0.04721619933843613,-0.5744889378547668,-0.5194292068481445,-0.09893262386322021,0.6986420750617981,1.8917412757873535
1.5420417785644531,1.4589494466781616,1.4228192567825317,1.4912137985229492,1.7988508939743042,1.7502938508987427,1.7683191299438477,1.1802700757980347,1.013466715812683,2.2026379108428955,2.0676636695861816,1.4053455591201782,1.0360536575317383,0.4893988370895386,0.21661323308944702,0.5212297439575195,1.5100334882736206,1.9996267557144165,2.090055227279663,1.740828275680542,0.8660598397254944,0.2979668974876404,0.6107879877090454,1.2988959550857544,1.750279426574707,1.412070631980896,1.4501352310180664,2.1519641876220703,2.325962781906128,1.3824797868728638,2.036888360977173,2.28236985206604,2.913771390914917,2.991579532623291,2.175464630126953,0.7473205924034119,0.007980274967849255,-0.2901797890663147,-0.684951663017273,-0.841657280921936,-0.5939760208129883,-0.25182515382766724,0.37930792570114136
1.6021744012832642,1.5248163938522339,1.5293294191360474,1.548962950706482,1.460874319076538,1.3170548677444458,1.4405347108840942,1.5551875829696655,2.291987180709839,2.9040720462799072,2.1954336166381836,1.0828722715377808,2.090362548828125,1.903931736946106,1.20115065574646,0.9925990700721741,1.519160270690918,1.8061435222625732,2.381394386291504,2.3135807514190674,1.8754823207855225,1.0056999921798706,0.4252329170703888,0.5177011489868164,0.998303234577179,1.3435518741607666,1.4545204639434814,1.5555723905563354,1.816455364227295,1.1074379682540894,2.9148361682891846,2.822047710418701,3.4739866256713867,3.3589653968811035,2.1764020919799805,0.6480465531349182,0.09064234793186188,-0.2527797818183899,-0.516514003276825,-0.17277447879314423,-0.7913837432861328,-0.7607697248458862,0.6785703897476196
1.723960041999817,1.6523195505142212,1.637529730796814,1.683946967124939,1.5885164737701416,1.3008030652999878,1.3034895658493042,2.2760019302368164,3.1536545753479004,2.4878265857696533,2.0073559284210205,1.0753768682479858,2.296957492828369,2.4197847843170166,2.0124356746673584,1.4722203016281128,1.1195255517959595,1.5417892932891846,2.1016712188720703,2.1311793327331543,2.389200448989868,2.387803554534912,1.5169378519058228,0.9952479004859924,0.6052809953689575,0.755335807800293,0.8881903290748596,1.1015723943710327,1.2822396755218506,1.304525375366211,3.900120735168457,4.035953521728516,3.596601963043213,3.983733654022217,3.01279354095459,1.2242205142974854,-0.19178351759910583,0.2203761488199234,1.4457124471664429,3.0595710277557373,-0.29412803053855896,-0.8207247257232666,0.715636670589447
1.710113286972046,1.7437175512313843,1.7020597457885742,1.7165954113006592,1.681105613708496,1.3573105335235596,1.671180248260498,2.7839956283569336,3.047272205352783,2.755530834197998,2.37467885017395,1.7487784624099731,2.1584062576293945,1.8707716464996338,2.039515733718872,1.5765044689178467,0.726885974407196,1.3825364112854004,1.9843839406967163,2.588817834854126,3.103367805480957,2.6599278450012207,2.1849160194396973,2.026723861694336,1.4653186798095703,1.0162277221679688,0.5446141958236694,1.0402685403823853,1.72458016872406,1.9123800992965698,3.3755266666412354,3.8497583866119385,3.5464563369750977,3.815896511077881,3.3987956047058105,2.545823335647583,0.13981857895851135,0.519572913646698,3.0155372619628906,4.545529365539551,0.34115147590637207,-0.4485183656215668,-0.4363645017147064
1.7575103044509888,1.796747088432312,1.693618893623352,1.7108330726623535,1.6127688884735107,1.3158820867538452,1.8406988382339478,2.4735679626464844,2.4365432262420654,2.2942678928375244,2.263766050338745,1.8491334915161133,1.7489126920700073,1.540256381034851,1.9429597854614258,1.8400267362594604,1.0490108728408813,1.3735671043395996,1.8497308492660522,2.207510232925415,2.517876386642456,2.577927827835083,2.4005157947540283,2.586571216583252,2.2511203289031982,1.945504903793335,1.060111403465271,1.138809084892273,2.1866114139556885,2.0488975048065186,2.0469601154327393,2.4600911140441895,2.604830741882324,2.617126941680908,2.6715481281280518,2.5946834087371826,1.3576205968856812,0.6393113732337952,2.456430435180664,3.6782078742980957,1.9026910066604614,1.503691554069519,-0.3346555531024933
1.79111909866333,1.7988373041152954,1.7133779525756836,1.649400234222412,1.4923367500305176,1.0254324674606323,1.1012511253356934,1.5212676525115967,1.6838783025741577,1.6762120723724365,1.7482258081436157,1.467475175857544,1.0834192037582397,1.6214243173599243,2.286076784133911,2.2394657135009766,1.800215482711792,1.473115086555481,1.7975174188613892,1.929221272468567,2.191297769546509,2.6602015495300293,2.849062204360962,2.9633986949920654,2.7149786949157715,2.3847177028656006,1.6700164079666138,1.3738571405410767,1.508568286895752,1.666635274887085,0.6752362251281738,0.3099534511566162,0.5886600017547607,0.99110347032547,1.2933244705200195,1.7906138896942139,2.4429688453674316,0.7295529246330261,1.6982496976852417,2.9151175022125244,3.1696360111236572,2.988365650177002,1.7172040939331055
1.772910475730896,1.7912503480911255,1.6869332790374756,1.5068342685699463,1.4000561237335205,0.6205471754074097,0.26338571310043335,0.8308733701705933,1.1971110105514526,1.1397817134857178,1.217964768409729,1.3101170063018799,1.2412577867507935,1.9861714839935303,2.6090657711029053,2.480886220932007,2.080507516860962,1.4775919914245605,1.855980396270752,1.8794209957122803,2.1352360248565674,2.8518035411834717,3.4499449729919434,3.6779212951660156,3.172569990158081,2.3785030841827393,1.6449476480484009,1.471463680267334,0.7941671013832092,0.8015599250793457,0.18272611498832703,-0.511684238910675,-0.026129139587283134,1.1037794351577759,1.8349857330322266,1.7105183601379395,2.415215492248535,0.7940375804901123,0.9795833230018616,1.0158936977386475,1.7940621376037598,2.280526638031006,2.4456140995025635
1.7781683206558228,1.6623903512954712,1.58628249168396,1.431604027748108,1.3872268199920654,0.6817747950553894,0.1702728569507599,0.5626775026321411,0.7104638814926147,0.46820321679115295,0.48528873920440674,1.1568068265914917,1.916600227355957,1.9809165000915527,1.8595037460327148,1.9352068901062012,1.7940759658813477,1.415013074874878,1.7210016250610352,1.4062974452972412,1.7411739826202393,2.482248544692993,3.2547831535339355,3.9200425148010254,3.192148447036743,2.547391653060913,1.5064536333084106,1.8243639469146729,1.708827257156372,0.44658246636390686,0.4620322287082672,0.9789978265762329,2.063338041305542,3.0832927227020264,3.0410218238830566,1.856142282485962,2.15653657913208,2.8951950073242188,2.194676637649536,-0.5359110236167908,-1.0263805389404297,-0.32299989461898804,-0.07474303245544434
1.8259143829345703,1.7623989582061768,1.5903728008270264,1.391886591911316,1.3232477903366089,0.6564938426017761,0.24791587889194489,0.42427143454551697,0.332086443901062,-0.1706232726573944,-0.22161121666431427,0.7470830082893372,1.4994455575942993,1.3377459049224854,0.7734388113021851,0.7679868340492249,1.3293952941894531,1.7543004751205444,1.3279683589935303,0.9447717666625977,0.7277830243110657,1.042991280555725,2.261284351348877,3.277625560760498,3.0755209922790527,2.836463212966919,2.266108751296997,2.30393385887146,2.4300315380096436,0.8350445628166199,0.6080131530761719,1.4302459955215454,2.4446258544921875,2.894927501678467,3.0085580348968506,1.0941545963287354,2.279900550842285,3.7165985107421875,2.8447537422180176,0.9299164414405823,-0.8188573122024536,-1.3395668268203735,-0.9897314310073853
1.8309516906738281,1.8264784812927246,1.6735237836837769,1.3113669157028198,1.2735217809677124,0.8660341501235962,0.6726029515266418,0.6381743550300598,0.5006550550460815,-0.16667217016220093,-0.648748517036438,-0.4479897618293762,-0.6085250377655029,-1.105202078819275,-0.5734949707984924,1.3130453824996948,2.129157543182373,2.1783437728881836,0.8195696473121643,0.610424280166626,0.1926524043083191,0.08848743885755539,1.2330986261367798,2.4260828495025635,3.0746493339538574,3.0087313652038574,2.9864869117736816,2.313713788986206,1.8427811861038208,1.1847233772277832,1.2270153760910034,1.1543796062469482,1.1811091899871826,1.5185878276824951,1.2070406675338745,1.0546934604644775,3.1537184715270996,3.189589738845825,2.143479108810425,1.9391347169876099,1.0918281078338623,0.7284237146377563,1.6967172622680664
2.0102176666259766,1.9412243366241455,1.7942328453063965,1.3236536979675293,1.629317283630371,1.123432993888855,0.8894491195678711,0.6922053098678589,0.46228229999542236,-0.06003955751657486,-0.640949547290802,-0.7706886529922485,-0.4802637994289398,-0.26277652382850647,1.3591748476028442,3.2134013175964355,3.139827013015747,2.551032066345215,0.9714372158050537,-0.027843913063406944,-0.4318896234035492,-0.47212713956832886,0.13910235464572906,1.2195216417312622,2.331989049911499,2.771545886993408,2.5558104515075684,1.9939662218093872,2.266662120819092,1.958970546722412,2.539921998977661,1.806862235069275,2.0082454681396484,0.9056186079978943,0.31381750106811523,2.8883988857269287,3.878258228302002,3.5807361602783203,1.891432762145996,0.8618018627166748,0.6379907131195068,0.6079739928245544,1.8454911708831787
2.1488442420959473,2.0641279220581055,1.9585623741149902,1.652306079864502,1.8791625499725342,1.181945562362671,0.8826761245727539,0.5201454162597656,-0.32223567366600037,-0.1827806830406189,0.5755517482757568,1.704647421836853,3.0653560161590576,3.4826953411102295,3.6796319484710693,3.018730640411377,2.8011136054992676,2.398559093475342,1.8715591430664062,0.5340006947517395,-0.3117845058441162,-0.17711056768894196,0.6793745160102844,1.541986107826233,2.10001802444458,1.9515318870544434,1.6636935472488403,2.610811471939087,3.4678330421447754,3.230407953262329,3.473524570465088,3.076087713241577,3.2128195762634277,2.432739019393921,1.3435176610946655,3.2905654907226562,3.6504697799682617,3.641608715057373,2.051839828491211,0.1724439412355423,0.2022394984960556,-1.1266964673995972,-1.145641565322876
2.317394495010376,2.169919013977051,2.0675394535064697,1.9981385469436646,1.9013639688491821,1.8062611818313599,1.5239500999450684,1.12501859664917,-0.43807345628738403,0.522703230381012,1.67236328125,3.0918023586273193,3.448812961578369,3.6776649951934814,2.836320161819458,1.9554444551467896,1.9582182168960571,2.2173399925231934,2.6151247024536133,2.1220157146453857,2.013779640197754,1.599709391593933,2.6169581413269043,3.25443696975708,2.718099594116211,1.866683006286621,2.2347514629364014,3.38942551612854,3.5082478523254395,3.622509002685547,3.5322389602661133,3.707611560821533,2.873650074005127,2.488327980041504,2.525571584701538,1.9890527725219727,2.0534796714782715,2.8664817810058594,1.9052910804748535,0.7367461323738098,0.9318636655807495,2.711219072341919,-0.27268362045288086
2.378502368927002,2.2640316486358643,2.1809515953063965,2.110246181488037,1.9780726432800293,1.9737175703048706,1.9685285091400146,1.9755234718322754,1.0369716882705688,1.4291138648986816,1.747212529182434,2.4807910919189453,2.6221628189086914,2.798524856567383,2.3118231296539307,1.2991818189620972,1.3117161989212036,2.450434923171997,2.638925313949585,2.631300926208496,3.3899617195129395,2.8380420207977295,2.88527512550354,3.1853437423706055,3.0241756439208984,2.483445167541504,3.332657814025879,3.753692388534546,3.3849844932556152,3.3639845848083496,3.3152174949645996,3.604931354522705,2.344768524169922,1.4421038627624512,3.2617905139923096,3.411353349685669,3.211268901824951,1.936939001083374,1.5951074361801147,2.6601662635803223,3.4882407188415527,6.269114971160889,2.6574277877807617
2.580626964569092,2.364485025405884,2.267550468444824,2.1429929733276367,1.9030752182006836,1.7448049783706665,1.8326489925384521,1.6937147378921509,1.6928904056549072,1.0937293767929077,1.109031319618225,1.683756709098816,1.99178147315979,2.360306739807129,2.143573760986328,1.1136236190795898,0.6396622061729431,1.4749610424041748,1.8207824230194092,2.400878667831421,2.936711311340332,2.622194766998291,2.441075325012207,3.135694980621338,3.118133306503296,2.8542730808258057,2.7112815380096436,3.237969398498535,3.4104347229003906,3.003220558166504,2.454345941543579,2.6955108642578125,2.552448272705078,1.4969687461853027,2.8476204872131348,3.9708566665649414,4.146236419677734,2.204106569290161,1.4665166139602661,2.8572092056274414,4.14481782913208,5.214483261108398,3.313361406326294
2.6663970947265625,2.4249379634857178,2.261464834213257,2.1109323501586914,1.850058913230896,1.5895522832870483,1.3705477714538574,1.0625296831130981,1.1598466634750366,0.10350514948368073,0.534085750579834,1.060175895690918,1.3006216287612915,1.5066239833831787,1.9863258600234985,1.6721466779708862,0.4985063076019287,0.28494152426719666,0.5414406657218933,1.5701165199279785,2.0830090045928955,1.9887218475341797,2.597801446914673,3.1866891384124756,3.2809464931488037,3.10817551612854,1.9601510763168335,2.2147057056427,2.6554670333862305,2.4062106609344482,0.5970879793167114,0.924868643283844,1.4564285278320312,0.8711199164390564,1.5900771617889404,2.80833101272583,3.1389594078063965,2.6920297145843506,1.7670762538909912,1.443672776222229,2.690721273422241,2.989523410797119,2.9302356243133545
