demo/1930-wind-surface-level-gfs-1.0.json
{"header": {"productDefinitionTemplate": 0, "surface1Type": 103, "productStatus": 0, "disciplineName": "Meteorological products", "subDivisions": 0, "winds": "true", "parameterNumberName": "U-component_of_wind", "discipline": 0, "surface2Value": 0, "significanceOfRTName": "Start of forecast", "surface2TypeName": "Missing", "surface2Type": 255, "productTypeName": "Forecast products", "dx": 0.024617210030555725, "dy": 0.01798853650689125, "numberPoints": 65160, "productStatusName": "Operational products", "gribEdition": 2, "parameterUnit": "m.s-1", "forecastTime": 0, "refTime": "2020-09-30T17:30:00.000Z", "productType": 1, "genProcessTypeName": "Forecast", "scanMode": 0, "genProcessType": 2, "gribLength": 11338.0, "significanceOfRT": 1, "productDefinitionTemplateName": "Analysis/forecast at horizontal level/layer at a point in time", "centerName": "WRF OUTPUT", "la1": 43.66691207885742, "la2": 42.426788330078125, "lo2": 13.70867919921875, "gridUnits": "degrees", "surface1Value": 10, "shapeName": "Earth spherical with radius of 6,371,229.0 m", "surface1TypeName": "Specified height level above ground", "nx": 70.0, "ny": 70.0, "lo1": 12.008544921875, "basicAngle": 0, "gridDefinitionTemplate": 0, "shape": 6, "parameterNumber": 2, "subcenter": 0, "parameterCategoryName": "Momentum", "parameterCategory": 2, "center": 0, "gridDefinitionTemplateName": "Latitude_Longitude", "resolution": 48}, "data":
[rows 19 to 37 of 70, columns 0 to 42 of 70]
1.0115500688552856,1.390265703201294,1.9351602792739868,2.3875699043273926,2.9212372303009033,3.230376958847046,2.682960271835327,2.4042675495147705,2.5605485439300537,2.4119324684143066,2.485118865966797,3.071986675262451,2.9021408557891846,0.7217569351196289,-0.4310472309589386,0.05477827414870262,0.13191013038158417,-0.06164984777569771,0.08250274509191513,0.5541000962257385,1.7555327415466309,3.44467830657959,3.5016725063323975,1.8411413431167603,0.9449423551559448,1.4831842184066772,2.23445987701416,3.492133378982544,2.8641550540924072,-0.12583354115486145,-0.5821658372879028,1.5746777057647705,3.9124622344970703,3.8843801021575928,1.3470876216888428,1.272175669670105,2.3153626918792725,2.6972439289093018,1.9723072052001953,0.512373685836792,-1.8587690591812134,-3.023148775100708,-1.7479760646820068
0.9537041187286377,1.296025037765503,1.7764418125152588,2.228607654571533,2.6695427894592285,2.7761528491973877,3.0658891201019287,3.496535301208496,3.431633472442627,3.301520586013794,2.282485008239746,1.993837833404541,2.9981980323791504,2.692267417907715,0.6018513441085815,-0.8464730381965637,-0.689120888710022,0.26661932468414307,0.655676007270813,0.48276427388191223,1.629156231880188,3.1468544006347656,4.128887176513672,3.080994129180908,1.2347317934036255,0.8071193099021912,1.140135645866394,2.484961986541748,3.4620368480682373,0.5256576538085938,-1.5424787998199463,-0.17182312905788422,2.1327459812164307,3.393650531768799,1.7854942083358765,1.048174262046814,2.171919345855713,2.9704790115356445,0.9584345817565918,-0.29867076873779297,-1.39601731300354,-3.473958730697632,-3.3648719787597656
0.9198770523071289,1.2138042449951172,1.6913918256759644,2.2345826625823975,2.2848167419433594,2.343183755874634,3.0811426639556885,3.792109489440918,3.322516679763794,2.003312587738037,1.0983637571334839,1.685623288154602,2.8236303329467773,3.3853378295898438,2.9414165019989014,0.5720531344413757,-0.8669276833534241,-0.18753249943256378,0.5831797122955322,1.0075085163116455,2.0013155937194824,3.6137232780456543,3.9601187705993652,3.440143585205078,3.350860357284546,2.673450231552124,0.9052103757858276,1.2646043300628662,2.391874313354492,0.9432331919670105,-1.2520607709884644,-0.6184511184692383,1.6118054389953613,3.316558599472046,2.744204521179199,2.1546151638031006,2.8745884895324707,3.7648046016693115,1.0457007884979248,-0.4916940927505493,-0.4419925808906555,-2.282580852508545,-3.8144922256469727
0.9770263433456421,1.3182834386825562,1.7411918640136719,2.2142586708068848,2.1728334426879883,2.325641393661499,3.393240451812744,3.6910245418548584,1.950122594833374,0.2637566328048706,1.1228419542312622,2.5239686965942383,3.117037296295166,3.2341513633728027,3.689664363861084,2.6761908531188965,0.16764019429683685,-0.5537880659103394,0.3582528531551361,1.2863452434539795,2.384369134902954,3.2742488384246826,3.5810537338256836,3.089972496032715,3.1297459602355957,3.9442379474639893,2.421358108520508,0.1435270607471466,0.39078769087791443,1.266154170036316,-0.21703261137008667,-1.2691222429275513,0.9879741668701172,3.0467095375061035,3.3955843448638916,2.774376153945923,3.229471206665039,3.964931011199951,1.9180870056152344,-0.28657031059265137,0.49347543716430664,-0.2577006220817566,-2.950634717941284
1.1115552186965942,1.4986145496368408,1.816636323928833,2.212848663330078,2.1253786087036133,2.362725019454956,3.1421103477478027,3.617675304412842,1.795561671257019,-0.11769285053014755,1.0484540462493896,3.07243013381958,3.822542667388916,3.264103889465332,3.4521095752716064,3.461212635040283,0.5891520977020264,-0.8934054970741272,0.15460042655467987,1.2224459648132324,2.0031588077545166,2.778353452682495,3.452301263809204,3.8396003246307373,3.7289867401123047,3.417771816253662,1.6869746446609497,-0.25475698709487915,-0.3571086823940277,1.3599472045898438,1.2745301723480225,-0.9193701148033142,-0.11550837755203247,2.2895872592926025,4.087148666381836,4.176662445068359,3.1047844886779785,3.1762189865112305,2.133941173553467,0.393433541059494,0.5637292861938477,0.6133493185043335,-1.3785618543624878
1.2819626331329346,1.7209765911102295,1.9504320621490479,2.2590248584747314,2.0716962814331055,1.9143503904342651,2.6690361499786377,3.59686017036438,1.745963215827942,-0.24327965080738068,1.2276476621627808,3.7992966175079346,3.7920238971710205,2.360713005065918,2.3525521755218506,3.5260000228881836,1.8188203573226929,-0.6157052516937256,-0.4356319010257721,0.5855580568313599,1.4570536613464355,2.1730217933654785,3.0256407260894775,3.8650622367858887,3.4932126998901367,2.0507168769836426,1.8887548446655273,0.9417699575424194,-0.42421284317970276,1.090619444847107,1.024433970451355,-2.1518332958221436,-1.7302857637405396,1.8604284524917603,4.856787204742432,4.572146892547607,2.2419240474700928,2.669318914413452,2.6496129035949707,0.6468388438224792,0.5459672212600708,1.2374207973480225,-0.0977182686328888
1.6685835123062134,2.314384698867798,2.261229991912842,2.5608980655670166,2.3599233627319336,1.767120122909546,1.5703775882720947,2.0859482288360596,0.9500625729560852,-0.2584318518638611,1.1618835926055908,3.3207783699035645,3.703017234802246,2.460289716720581,1.8943161964416504,3.5665292739868164,3.752488851547241,0.9201439023017883,-0.6969000101089478,-0.021409250795841217,0.51310133934021,0.9614831209182739,1.7261319160461426,3.7072761058807373,3.3032188415527344,1.2896374464035034,1.6139302253723145,1.9704588651657104,0.5960686802864075,1.0759341716766357,1.9317785501480103,-0.953281819820404,-1.8010555505752563,1.6606147289276123,4.829159736633301,4.465342044830322,1.9030828475952148,2.489673614501953,2.5262629985809326,0.7379695177078247,0.5307356715202332,1.4587310552597046,1.5689791440963745
1.7912886142730713,2.5260720252990723,2.4666991233825684,2.785175085067749,3.0403637886047363,2.958738088607788,2.340657949447632,2.2981507778167725,1.7066766023635864,0.8457831740379333,1.388548493385315,2.617608070373535,3.0395727157592773,1.281760573387146,1.1705108880996704,3.0442512035369873,4.161897659301758,1.8134236335754395,-0.4790969789028168,-0.8757655620574951,-0.8706725835800171,-0.35844647884368896,1.0161713361740112,3.353407382965088,3.2032876014709473,0.14680933952331543,0.0929034948348999,1.652553677558899,1.3607107400894165,1.5926343202590942,2.233485221862793,-0.2047169804573059,-1.754092812538147,1.1512768268585205,4.133258819580078,3.8507237434387207,1.5814847946166992,1.9475412368774414,1.356780767440796,0.6054622530937195,0.840489387512207,1.3729448318481445,1.1808911561965942
1.942528486251831,2.4897549152374268,2.46301531791687,2.7396185398101807,2.9668891429901123,3.046720504760742,3.1220436096191406,2.9182770252227783,1.6275043487548828,0.6331308484077454,1.2453360557556152,2.3560245037078857,2.4915826320648193,0.547186017036438,0.45877963304519653,2.3280811309814453,4.071395397186279,3.4222402572631836,0.48672184348106384,-1.103096842765808,-1.0398372411727905,-0.7725145220756531,0.5801910161972046,2.946241855621338,2.759603977203369,-0.7442046403884888,-0.9029971361160278,0.893157958984375,1.6249885559082031,2.2489655017852783,2.393111228942871,-0.05920474976301193,-1.7871977090835571,0.6115624308586121,3.7609915733337402,2.5349714756011963,0.4511377215385437,1.666913628578186,1.5386011600494385,0.7913563251495361,1.1822631359100342,1.9658310413360596,1.7197761535644531
1.8372548818588257,2.314732313156128,2.3820197582244873,2.6324660778045654,2.8319180011749268,2.8688220977783203,2.888025999069214,2.743856191635132,1.7098993062973022,0.6985108852386475,1.109889268875122,2.1175899505615234,1.4610254764556885,-0.20541857182979584,0.2333480417728424,1.6880130767822266,2.090296745300293,2.688347339630127,1.3969547748565674,-0.6718247532844543,-1.0550470352172852,-0.7852728366851807,0.433804452419281,2.831610679626465,2.0016472339630127,-0.7104437351226807,-1.019715428352356,0.09005557000637054,1.2598791122436523,2.594866991043091,2.248095750808716,-0.8887372612953186,-2.62323260307312,-0.1504482924938202,2.7550408840179443,0.9703789949417114,-0.7205731868743896,1.9494162797927856,3.6307501792907715,2.5570974349975586,2.5997211933135986,2.592278242111206,1.298110008239746
1.6797277927398682,2.1478466987609863,2.1293423175811768,2.4401581287384033,2.661436080932617,2.6365792751312256,2.6314339637756348,2.5978970527648926,1.9088361263275146,1.0581037998199463,1.0454885959625244,1.097251296043396,0.5305512547492981,0.34060895442962646,0.9143114686012268,1.6993842124938965,2.3213205337524414,3.2436013221740723,2.6729025840759277,0.397061288356781,-0.708743155002594,-0.2021210640668869,0.3491464853286743,0.710384726524353,0.8910502195358276,0.6529340147972107,0.07262690365314484,0.033723458647727966,0.7581609487533569,2.046685218811035,2.510798692703247,-0.1152869462966919,-2.2598514556884766,-0.5481275320053101,1.3466180562973022,0.13301099836826324,-1.0232553482055664,1.7719781398773193,3.8165669441223145,3.06569504737854,3.6827473640441895,3.2637898921966553,-0.16342675685882568
1.6808154582977295,1.828313946723938,1.9309680461883545,2.1883597373962402,2.4587037563323975,2.4879310131073,2.472205400466919,2.364089250564575,1.9698764085769653,1.5178093910217285,1.0666687488555908,0.3338685929775238,0.4102948009967804,1.2177550792694092,1.6053783893585205,1.6347142457962036,1.8879796266555786,2.466365337371826,1.8076720237731934,0.11785349994897842,-0.24913445115089417,-0.494778573513031,-1.517963171005249,-0.6987004280090332,0.8008602857589722,1.3592466115951538,0.9107822179794312,0.2714451849460602,0.1282155066728592,1.519423246383667,2.876995086669922,0.18119581043720245,-2.635589599609375,-1.2223951816558838,-0.007735222578048706,-0.09966319054365158,0.2127676159143448,2.2881171703338623,3.8457112312316895,3.2014248371124268,3.937417507171631,4.132087707519531,0.3746447265148163
1.749995231628418,1.830549955368042,1.902937650680542,2.0890932083129883,2.2772865295410156,2.378199815750122,2.43198561668396,2.2266712188720703,1.8954687118530273,1.8298726081848145,2.001553535461426,0.6763306260108948,0.26856717467308044,1.1945452690124512,1.5993225574493408,1.6950608491897583,1.6965582370758057,1.616471529006958,1.194554328918457,0.30859073996543884,-0.3180365562438965,-1.3996474742889404,-1.9165674448013306,-0.7235583066940308,0.18339544534683228,0.3684011697769165,0.6176459789276123,0.3849869668483734,-0.37240707874298096,1.202341914176941,3.810771942138672,1.3874260187149048,-1.6758671998977661,-1.767910122871399,-1.454845905303955,-0.6968322992324829,1.114206314086914,3.4653398990631104,3.631643533706665,3.070706844329834,4.180373191833496,5.113105773925781,1.560610055923462
1.777681827545166,1.8121668100357056,1.7926111221313477,1.9766091108322144,1.8503118753433228,2.036717414855957,1.998861312866211,1.9352691173553467,2.0011258125305176,2.297335147857666,2.7494142055511475,1.7019520998001099,0.7353652119636536,1.0397043228149414,1.460326075553894,1.6870261430740356,1.8272521495819092,1.6742098331451416,1.6891168355941772,0.49781641364097595,-1.2553722858428955,-1.886490821838379,-1.9567201137542725,-1.9421522617340088,-1.8088849782943726,-1.065233826637268,0.6849740743637085,2.2078280448913574,1.948359727859497,2.407742500305176,3.1237692832946777,0.6506492495536804,-0.14011551439762115,0.35045403242111206,-0.7720054984092712,-0.8323816657066345,1.4231959581375122,3.5570342540740967,3.833258867263794,3.4201126098632812,4.096686363220215,5.366496562957764,3.4380266666412354
1.671326994895935,1.6447052955627441,1.648316502571106,1.7449555397033691,1.7737332582473755,1.548299789428711,1.186317801475525,1.9000940322875977,3.0713956356048584,3.1499412059783936,2.7785167694091797,2.3562042713165283,1.4895943403244019,0.986878514289856,1.3786510229110718,1.789884090423584,1.976493239402771,2.57192063331604,2.814558982849121,2.0291996002197266,1.2270264625549316,0.40324148535728455,-0.68345707654953,-2.332221508026123,-3.1165812015533447,-2.22475004196167,0.4497133493423462,2.7061233520507812,3.562396287918091,2.589548349380493,0.43507856130599976,-1.1364415884017944,-0.30796554684638977,1.245666742324829,0.5965251326560974,-0.24860356748104095,1.423561453819275,3.209367513656616,3.927703857421875,3.3541698455810547,3.353611707687378,4.023380279541016,2.951525926589966
1.5495210886001587,1.4748657941818237,1.4732515811920166,1.6492784023284912,1.8780187368392944,1.7539740800857544,1.4915703535079956,2.008976697921753,3.2332425117492676,2.882063627243042,2.2555713653564453,2.1454873085021973,1.713436245918274,1.4193992614746094,1.6717857122421265,1.938185691833496,2.3600738048553467,2.5376269817352295,1.493618130683899,1.5426759719848633,1.9326759576797485,0.7904622554779053,-0.22165167331695557,-1.4213151931762695,-2.719276189804077,-2.9770076274871826,-0.48708635568618774,2.3237953186035156,3.0947775840759277,2.663933753967285,0.1387905329465866,-1.8188978433609009,-0.7692568302154541,1.430105447769165,2.1419641971588135,1.0829921960830688,1.425363302230835,2.5719168186187744,2.611064910888672,2.8216030597686768,3.3585119247436523,3.542818546295166,2.299847364425659
1.379392385482788,1.333984613418579,1.2946860790252686,1.494078516960144,1.9662431478500366,2.099109649658203,2.089043378829956,2.6619205474853516,3.176187038421631,2.559134006500244,2.020359754562378,1.8643385171890259,1.4476364850997925,1.54246985912323,1.784328579902649,2.0285308361053467,2.3144991397857666,1.216704249382019,0.6206802725791931,1.5142414569854736,1.4051488637924194,0.24392996728420258,-0.4623189866542816,-1.1692501306533813,-2.3301119804382324,-2.870102643966675,-1.1996153593063354,1.58924400806427,2.8375065326690674,3.3294737339019775,1.6542937755584717,-1.2540888786315918,-1.2058509588241577,0.9031970500946045,2.2793922424316406,2.417682409286499,1.5342549085617065,0.34879907965660095,-0.14103569090366364,1.7600038051605225,4.201488494873047,4.144553184509277,1.6332944631576538
1.4495583772659302,1.394776463508606,1.1860953569412231,1.4410042762756348,2.0841727256774902,2.2433712482452393,2.241297960281372,2.701003074645996,2.5620462894439697,1.8046764135360718,1.592387318611145,1.7626441717147827,1.6340235471725464,1.8044462203979492,1.962546944618225,2.1185085773468018,1.451576828956604,0.012036663480103016,0.07754357159137726,1.278924584388733,1.783059000968933,1.172290325164795,0.1789923757314682,-0.8482168316841125,-2.0413546562194824,-2.506779670715332,-1.6917173862457275,0.3928399384021759,1.9360113143920898,2.3239567279815674,0.425152063369751,-1.7362223863601685,-1.392641305923462,0.30534061789512634,1.7832766771316528,2.365571975708008,1.1762378215789795,0.20575584471225739,0.35920849442481995,2.2716426849365234,4.2593255043029785,4.1702985763549805,1.2300176620483398
1.3471943140029907,1.259666919708252,1.1033936738967896,1.3591985702514648,1.7812316417694092,1.588252305984497,1.5726834535598755,1.9828203916549683,1.6553113460540771,1.492732286453247,1.8854230642318726,2.246859073638916,2.0728466510772705,1.9864805936813354,2.152346134185791,2.129631280899048,0.6299973726272583,-1.3048087358474731,-0.8574002981185913,0.681021511554718,1.8169670104980469,2.234119415283203,1.3570642471313477,-0.053599290549755096,-0.9962443709373474,-1.778856635093689,-1.721922516822815,-0.4323846995830536,1.251875638961792,1.4976093769073486,0.3759770393371582,0.03542498126626015,0.25735676288604736,0.3020731508731842,0.49276334047317505,0.7502915263175964,0.3938012719154358,-0.005208619870245457,0.8101848363876343,2.793877601623535,4.3824005126953125,4.019532203674316,1.6483227014541626
