demo/2000-wind-surface-level-gfs-1.0.json
{"header": {"productDefinitionTemplate": 0, "surface1Type": 103, "productStatus": 0, "disciplineName": "Meteorological products", "subDivisions": 0, "winds": "true", "parameterNumberName": "U-component_of_wind", "discipline": 0, "surface2Value": 0, "significanceOfRTName": "Start of forecast", "surface2TypeName": "Missing", "surface2Type": 255, "productTypeName": "Forecast products", "dx": 0.024617210030555725, "dy": 0.01798853650689125, "numberPoints": 65160, "productStatusName": "Operational products", "gribEdition": 2, "parameterUnit": "m.s-1", "forecastTime": 0, "refTime": "2020-09-30T18:00:00.000Z", "productType": 1, "genProcessTypeName": "Forecast", "scanMode": 0, "genProcessType": 2, "gribLength": 11338.0, "significanceOfRT": 1, "productDefinitionTemplateName": "Analysis/forecast at horizontal level/layer at a point in time", "centerName": "WRF OUTPUT", "la1": 43.66691207885742, "la2": 42.426788330078125, "lo2": 13.70867919921875, "gridUnits": "degrees", "surface1Value": 10, "shapeName": "Earth spherical with radius of 6,371,229.0 m", "surface1TypeName": "Specified height level above ground", "nx": 70.0, "ny": 70.0, "lo1": 12.008544921875, "basicAngle": 0, "gridDefinitionTemplate": 0, "shape": 6, "parameterNumber": 2, "subcenter": 0, "parameterCategoryName": "Momentum", "parameterCategory": 2, "center": 0, "gridDefinitionTemplateName": "Latitude_Longitude", "resolution": 48}, "data":
[rows 38 to 56 of 70, columns 0 to 42 of 70]
1.9113759994506836,1.6429812908172607,1.285081386566162,0.65961092710495,0.2071574628353119,0.386030912399292,1.2284681797027588,1.7552661895751953,1.220009446144104,1.410979986190796,2.8257787227630615,2.6516268253326416,1.0839240550994873,0.6244409084320068,2.359598398208618,2.0866615772247314,-1.117196798324585,-2.0433223247528076,-0.5365734100341797,1.0760345458984375,2.537022590637207,3.386666774749756,3.6399145126342773,2.955932378768921,0.5683307647705078,-0.8104928135871887,-1.4432339668273926,-1.2678873538970947,-0.4213375747203827,0.08744781464338303,-0.057867325842380524,-0.0475059375166893,0.5250166058540344,-0.01657429151237011,-1.0609333515167236,-0.4761276841163635,0.1111612617969513,-0.20268282294273376,0.3936024308204651,1.990074634552002,3.0208053588867188,2.7215797901153564,1.651023030281067
1.9467087984085083,1.6318836212158203,1.231629490852356,0.7553501725196838,0.21004730463027954,0.28233787417411804,1.292747974395752,1.8514410257339478,1.6421295404434204,2.000556707382202,3.6543078422546387,3.0397891998291016,0.8881630301475525,0.7148135900497437,2.6840784549713135,1.7667092084884644,-1.4487663507461548,-2.025728225708008,-0.7144100666046143,0.6525168418884277,1.938178539276123,2.9029383659362793,4.157524108886719,3.9106078147888184,1.8021706342697144,-0.06665957719087601,-0.8253796100616455,-1.2483363151550293,-0.9885428547859192,-0.9849482774734497,-0.885603129863739,-0.104569211602211,0.8661839962005615,1.668109655380249,0.298981636762619,-0.9563835859298706,-0.23124061524868011,0.19012965261936188,0.10120149701833725,1.0990527868270874,2.7832915782928467,4.351024627685547,4.24755334854126
1.7344766855239868,1.428035020828247,1.1678435802459717,0.8017122745513916,0.17970861494541168,0.3722686767578125,1.6238527297973633,1.900051474571228,1.8177807331085205,2.791686773300171,3.748992443084717,2.6072139739990234,0.5236036777496338,0.7651164531707764,2.6423275470733643,1.7614152431488037,-1.032680630683899,-1.647167444229126,-0.7418913841247559,-0.0018637500470504165,0.33186137676239014,1.3748726844787598,2.9954681396484375,3.8424079418182373,2.8809540271759033,0.8960287570953369,-0.7971527576446533,-1.285936951637268,-1.2744677066802979,-1.8772209882736206,-1.8275755643844604,-0.27293089032173157,0.999302864074707,2.5675647258758545,2.7238128185272217,0.026694761589169502,-0.8744604587554932,-0.3283187747001648,-0.6813465356826782,-0.1447509527206421,1.146416187286377,1.9847230911254883,2.663968563079834
1.861183524131775,1.5370959043502808,1.2099699974060059,0.8511797785758972,0.25566503405570984,0.5884265303611755,2.0929999351501465,2.1378514766693115,1.5438095331192017,1.9322247505187988,2.7939484119415283,3.046837091445923,1.767357587814331,1.053145408630371,1.8569328784942627,1.1164838075637817,-0.12543442845344543,-0.22931431233882904,0.049281660467386246,0.20696009695529938,-0.023142648860812187,0.6301149129867554,2.2885048389434814,3.3634395599365234,3.277251958847046,1.7418606281280518,-0.834270715713501,-1.4821534156799316,-0.9942421317100525,-1.839078426361084,-2.1298210620880127,-0.8292104005813599,0.6915307641029358,2.8989007472991943,3.3407247066497803,0.7605000138282776,-1.2907108068466187,-1.0423328876495361,-0.9605329632759094,-0.5320324301719666,0.4458475410938263,1.1414085626602173,1.7031583786010742
1.8706873655319214,1.544093132019043,1.307600975036621,1.1121814250946045,0.7681896686553955,0.8933793306350708,1.9428411722183228,1.6343615055084229,0.46083125472068787,1.1755566596984863,2.7358152866363525,2.219101667404175,1.7000336647033691,2.2457172870635986,1.8536407947540283,0.1291782557964325,-0.5568269491195679,-0.2497308850288391,0.24656406044960022,1.1063095331192017,1.905738353729248,1.7478950023651123,1.837482213973999,2.3187007904052734,2.6185266971588135,1.822378158569336,-0.17146088182926178,-0.8329219222068787,-0.22601164877414703,-1.0403460264205933,-1.926748514175415,-1.1728503704071045,0.5561016201972961,2.753779411315918,3.2381904125213623,-0.06867609918117523,-1.5858063697814941,-0.8017778992652893,-0.7261789441108704,-0.7018152475357056,0.06315090507268906,0.332821786403656,0.11595267057418823
2.057948350906372,1.8549193143844604,1.4321930408477783,1.362336277961731,1.1954082250595093,0.8032257556915283,1.0994309186935425,0.6923324465751648,-0.07621216028928757,1.2589935064315796,2.723665475845337,1.7652554512023926,1.4122159481048584,2.85088849067688,3.079204559326172,0.946312665939331,-0.8055423498153687,-0.6143869757652283,-0.010108222253620625,0.6652951240539551,1.7802915573120117,2.3684537410736084,2.0899581909179688,1.5203218460083008,1.3377854824066162,1.1978211402893066,-0.0529712438583374,-0.7446722388267517,-0.24011541903018951,-1.3092151880264282,-2.742234468460083,-1.930862307548523,0.3321366310119629,1.8977007865905762,2.454312324523926,0.3431188464164734,-1.2008026838302612,-0.4328199326992035,-0.0679878294467926,0.3486194908618927,0.7552331686019897,-0.4811382591724396,-1.1280215978622437
2.366549015045166,2.14288067817688,1.5778647661209106,1.500482439994812,1.3755536079406738,0.5860057473182678,0.3532886505126953,-0.028456665575504303,-0.2093682438135147,1.408414602279663,3.27976131439209,3.1714026927948,2.4860434532165527,2.690558433532715,3.543584108352661,1.5819321870803833,-0.953693687915802,-0.9376214146614075,-0.23212550580501556,0.3469730019569397,1.3264812231063843,2.2006995677948,2.0988473892211914,1.464424729347229,1.1275382041931152,0.8039256930351257,-0.43994155526161194,-0.9829782247543335,-0.5663940906524658,-1.6451588869094849,-3.0731053352355957,-2.275830030441284,-0.1484702229499817,1.383223295211792,2.8928003311157227,2.4496452808380127,-0.4009532332420349,-1.1081552505493164,-0.2504196763038635,1.6723443269729614,1.2358182668685913,-0.9610702991485596,-1.7028520107269287
2.887989044189453,2.6256794929504395,1.760610580444336,1.5721564292907715,1.361389398574829,0.2583296000957489,-0.41273626685142517,-0.5438657999038696,-0.23532865941524506,1.1397942304611206,2.9698617458343506,3.095301866531372,2.8123786449432373,2.747483015060425,3.6667087078094482,2.0477089881896973,-1.0074571371078491,-1.2806235551834106,-0.7615931630134583,-0.47983068227767944,0.5172646641731262,1.5972707271575928,1.7112855911254883,1.67872953414917,1.6589276790618896,1.410853385925293,-0.24653814733028412,-1.6985028982162476,-1.5731761455535889,-2.066977024078369,-3.296841621398926,-3.095148801803589,-1.0661749839782715,0.17568498849868774,1.9522053003311157,3.1013059616088867,1.5369681119918823,-0.9305136203765869,-1.026019811630249,1.123159408569336,1.913987159729004,-0.09221482276916504,-0.9893270134925842
2.932706594467163,2.743834972381592,1.8681700229644775,1.7113940715789795,1.4064949750900269,-0.16632471978664398,-1.1506860256195068,-0.8916451930999756,-0.2958638370037079,1.0753185749053955,3.0754148960113525,3.6127049922943115,3.0079853534698486,2.3044941425323486,2.9679927825927734,2.6295952796936035,-0.4382835924625397,-1.5391191244125366,-1.2628144025802612,-1.420447587966919,-0.6583495140075684,0.2099686712026596,0.9836940169334412,1.887786865234375,2.445107936859131,2.774324417114258,0.8355321288108826,-2.0246686935424805,-2.32257342338562,-1.8832701444625854,-2.9460084438323975,-3.613654613494873,-1.929145097732544,-0.6576160788536072,0.9125633239746094,3.2620348930358887,3.644127607345581,-0.18879269063472748,-1.963706612586975,0.6986810564994812,2.837904691696167,2.8743879795074463,1.1226887702941895
3.0410969257354736,2.9748001098632812,2.0358030796051025,1.823297142982483,1.4065303802490234,-0.38173216581344604,-1.407439112663269,-0.9559300541877747,-0.21743568778038025,1.0211788415908813,3.0161705017089844,3.673224449157715,1.8023849725723267,1.1719037294387817,2.900566339492798,3.007167100906372,-0.24543806910514832,-1.8486852645874023,-1.900814414024353,-2.5234155654907227,-2.046520709991455,-1.0263880491256714,0.22584852576255798,1.5764976739883423,2.658646821975708,3.083770990371704,1.7717450857162476,-1.1603951454162598,-2.4107816219329834,-1.6832550764083862,-1.8638333082199097,-3.074100971221924,-2.8020365238189697,-1.5243637561798096,0.34549564123153687,2.6127429008483887,3.6334750652313232,0.43842998147010803,-2.226454257965088,-0.48473939299583435,0.8387720584869385,1.2665356397628784,1.0013383626937866
3.158982038497925,3.2332279682159424,2.2312495708465576,1.946016788482666,1.6264805793762207,0.18058815598487854,-1.0585269927978516,-0.9150460362434387,-0.19842860102653503,1.035805583000183,2.435940980911255,3.0680482387542725,2.4233415126800537,2.2069132328033447,3.1625607013702393,3.3774569034576416,0.37670889496803284,-1.7201213836669922,-2.035496711730957,-2.632673501968384,-2.7902345657348633,-2.543505907058716,-1.026668906211853,1.1855762004852295,3.104522943496704,3.45845103263855,2.284677743911743,0.0993373915553093,-1.2122868299484253,-1.2252353429794312,-1.367011308670044,-2.6558549404144287,-2.9073221683502197,-1.4251031875610352,0.2706354260444641,1.9380359649658203,2.92258882522583,1.4599404335021973,-0.48590677976608276,-0.6382722854614258,0.2957628071308136,0.7345741391181946,0.4265873432159424
3.008133888244629,2.796224594116211,2.0600953102111816,1.740498661994934,1.6671122312545776,0.7670051455497742,-0.5964465737342834,-0.7318770289421082,0.07157392054796219,0.9954738020896912,1.5387731790542603,1.6791532039642334,1.9328749179840088,2.6942505836486816,3.6356120109558105,3.1381938457489014,0.32104018330574036,-1.8205516338348389,-2.119732618331909,-2.407261371612549,-2.704866886138916,-2.8402509689331055,-1.9920825958251953,0.4247722029685974,2.4961931705474854,3.3724966049194336,2.1171319484710693,0.8771993517875671,0.1839859038591385,-0.7143083810806274,-1.1186366081237793,-2.085603952407837,-2.65061354637146,-1.0029940605163574,0.3807675242424011,1.1484218835830688,1.8383349180221558,3.1894259452819824,2.4406557083129883,0.08666875958442688,-0.10166049748659134,0.15510646998882294,-0.34105822443962097
2.619292974472046,2.545746088027954,2.1782310009002686,1.609445333480835,1.460608959197998,0.9203130602836609,-0.13465745747089386,-0.4180943965911865,0.39357489347457886,1.1041460037231445,0.862562894821167,0.9359986782073975,2.0350637435913086,3.319856643676758,2.8710575103759766,1.7525476217269897,0.7614980340003967,-0.8931503891944885,-1.5181289911270142,-1.619800329208374,-2.465380907058716,-2.8166086673736572,-2.5315423011779785,-0.6106535792350769,1.675969123840332,3.2242865562438965,2.6509077548980713,1.509482741355896,0.8890737295150757,0.13752299547195435,-1.200320839881897,-2.6684651374816895,-3.170593023300171,-1.6732697486877441,0.5276485681533813,1.143906831741333,1.223460078239441,2.593709945678711,0.7776960730552673,-0.9244297742843628,0.06496048718690872,-0.4838230311870575,-0.8593072891235352
2.5978946685791016,2.4441978931427,2.1826446056365967,1.4087847471237183,1.6338276863098145,1.864837646484375,0.896162748336792,0.22003993391990662,0.7338387966156006,1.353726863861084,0.8518961071968079,0.6935573220252991,1.7996426820755005,2.4461874961853027,1.7070449590682983,1.6081948280334473,2.3928744792938232,0.5933802127838135,-2.0349674224853516,-2.386514663696289,-2.081460952758789,-2.3867671489715576,-2.8446805477142334,-1.5076686143875122,0.985702395439148,3.167370319366455,2.942556858062744,1.4634897708892822,0.7979068756103516,0.09037250280380249,-1.1450037956237793,-1.8071476221084595,-1.6000322103500366,-0.7076330184936523,-0.2720421850681305,-0.37502455711364746,0.7549556493759155,2.7837538719177246,1.3464432954788208,0.17331159114837646,1.5025299787521362,-0.3458194434642792,-1.1495640277862549
2.564277410507202,2.443632125854492,2.2974486351013184,1.9225490093231201,2.059474229812622,1.570130705833435,0.6388619542121887,0.37507006525993347,0.8156266212463379,1.1236662864685059,0.45689818263053894,-0.1037946343421936,0.7122154235839844,1.5551944971084595,1.4512025117874146,1.7264654636383057,2.905228853225708,2.536726474761963,-0.38011634349823,-2.0573840141296387,-1.5116111040115356,-1.7272990942001343,-2.899376392364502,-2.4147398471832275,0.3129790425300598,2.7708630561828613,2.8026764392852783,0.6583650708198547,0.06969834864139557,-0.2757391035556793,-0.9552513957023621,-0.6480299830436707,0.19123300909996033,1.2600702047348022,-0.3455153703689575,-1.3992098569869995,0.6099976301193237,2.9584720134735107,2.1682608127593994,0.49870702624320984,1.4579898118972778,-0.33153098821640015,-1.8863725662231445
2.361112117767334,2.254525661468506,2.386793613433838,2.1785519123077393,2.2034060955047607,2.4027493000030518,2.0458414554595947,1.3868348598480225,0.876188337802887,0.6577146053314209,-0.4231518507003784,-1.178210735321045,0.16025400161743164,1.604323148727417,2.0209403038024902,2.2059874534606934,3.1719400882720947,2.626002311706543,1.7939146757125854,0.618494987487793,-0.45342543721199036,-1.0153242349624634,-2.2285938262939453,-2.196528196334839,0.4293084740638733,2.849649667739868,1.4762275218963623,-0.33300328254699707,0.2667882442474365,-0.4584108889102936,-1.6064478158950806,-0.451577365398407,0.9888707399368286,1.1967864036560059,-0.9195247292518616,-1.7628800868988037,0.5382671356201172,3.21751070022583,2.9146997928619385,0.8585517406463623,1.877350091934204,1.6874483823776245,-0.9935007691383362
2.522639513015747,2.422980546951294,2.339423894882202,2.247270345687866,2.186870574951172,2.3233375549316406,2.706627130508423,3.0054030418395996,1.7707829475402832,-0.1105668693780899,-1.9898380041122437,-2.4560539722442627,-0.5801289081573486,1.240145206451416,2.4824297428131104,2.761526346206665,2.705014944076538,2.0655252933502197,1.5979853868484497,1.408037781715393,0.7190613746643066,-0.7669802904129028,-2.073326349258423,-1.3349628448486328,1.072246789932251,2.381070613861084,0.04284438490867615,-0.6901400089263916,0.8785410523414612,-0.2842382788658142,-1.7629376649856567,0.015339672565460205,1.6269497871398926,0.40267717838287354,-1.3428764343261719,-1.0482431650161743,0.9261044263839722,2.817042350769043,2.553912878036499,-0.2047383338212967,0.4924541115760803,2.711251974105835,1.3005995750427246
2.7539913654327393,2.4577903747558594,2.161398410797119,2.1638576984405518,1.9646210670471191,2.1477513313293457,2.4944167137145996,2.9022164344787598,2.360515594482422,-0.24012760818004608,-2.356391191482544,-2.504648447036743,-0.9741784334182739,0.9213070869445801,3.0132741928100586,3.1535871028900146,1.8876652717590332,1.4829902648925781,1.8113443851470947,1.4580634832382202,0.9648147225379944,-0.10971567779779434,-1.8303638696670532,-1.5067698955535889,0.9229247570037842,1.8249318599700928,-0.42706528306007385,-0.6149085164070129,1.2163801193237305,-0.0006311098695732653,-1.803260087966919,-0.00910329818725586,1.6450897455215454,-0.656609833240509,-2.134845733642578,-0.07832536101341248,1.5845632553100586,2.6271896362304688,1.2346107959747314,-1.099160075187683,-0.2619304060935974,1.971756935119629,1.6570528745651245
2.73205304145813,2.4264442920684814,2.2271697521209717,2.145704507827759,1.8976655006408691,2.115760564804077,2.5201170444488525,2.8661160469055176,2.6507301330566406,0.6171059012413025,-1.9508360624313354,-2.717475414276123,-1.5289565324783325,0.4814574420452118,3.1279168128967285,3.14833927154541,0.9924800395965576,0.6277995109558105,1.2161195278167725,1.2702370882034302,0.9920248985290527,-0.20324835181236267,-1.5706641674041748,-1.1563594341278076,0.638849139213562,1.7384021282196045,0.06708242744207382,-0.5026049613952637,1.18770432472229,0.9133386611938477,-1.0373051166534424,-0.42606121301651,0.8735676407814026,-1.1191426515579224,-2.9282703399658203,-1.030277132987976,1.759245753288269,4.421236515045166,2.940241575241089,-1.652940273284912,-1.481223702430725,1.58540940284729,2.2392280101776123
