demo/2000-wind-surface-level-gfs-1.0.json
{"header": {"productDefinitionTemplate": 0, "surface1Type": 103, "productStatus": 0, "disciplineName": "Meteorological products", "subDivisions": 0, "winds": "true", "parameterNumberName": "U-component_of_wind", "discipline": 0, "surface2Value": 0, "significanceOfRTName": "Start of forecast", "surface2TypeName": "Missing", "surface2Type": 255, "productTypeName": "Forecast products", "dx": 0.024617210030555725, "dy": 0.01798853650689125, "numberPoints": 65160, "productStatusName": "Operational products", "gribEdition": 2, "parameterUnit": "m.s-1", "forecastTime": 0, "refTime": "2020-09-30T18:00:00.000Z", "productType": 1, "genProcessTypeName": "Forecast", "scanMode": 0, "genProcessType": 2, "gribLength": 11338.0, "significanceOfRT": 1, "productDefinitionTemplateName": "Analysis/forecast at horizontal level/layer at a point in time", "centerName": "WRF OUTPUT", "la1": 43.66691207885742, "la2": 42.426788330078125, "lo2": 13.70867919921875, "gridUnits": "degrees", "surface1Value": 10, "shapeName": "Earth spherical with radius of 6,371,229.0 m", "surface1TypeName": "Specified height level above ground", "nx": 70.0, "ny": 70.0, "lo1": 12.008544921875, "basicAngle": 0, "gridDefinitionTemplate": 0, "shape": 6, "parameterNumber": 2, "subcenter": 0, "parameterCategoryName": "Momentum", "parameterCategory": 2, "center": 0, "gridDefinitionTemplateName": "Latitude_Longitude", "resolution": 48}, "data":
[rows 0 to 18 of 70, columns 0 to 42 of 70]
1.558749794960022,1.6423041820526123,1.6644333600997925,1.6680214405059814,1.8028979301452637,2.198216676712036,2.6956968307495117,3.60040283203125,4.23698091506958,4.547282695770264,4.666489124298096,4.605599403381348,4.318592548370361,3.90339994430542,3.6493852138519287,3.4033403396606445,2.97531795501709,2.319725751876831,1.635622501373291,0.977814257144928,0.39897796511650085,-0.12660139799118042,-0.6229786276817322,-1.0386630296707153,-1.361074447631836,-1.7054396867752075,-1.967563509941101,-2.0761852264404297,-2.0848801136016846,-2.1054418087005615,-2.101428270339966,-2.077146291732788,-1.9384853839874268,-1.8481727838516235,-1.8203208446502686,-1.7190337181091309,-1.6259702444076538,-1.5265907049179077,-1.4295152425765991,-1.3289371728897095,-1.30078125,-1.3579282760620117,-1.4334341287612915
1.5214717388153076,1.5433756113052368,1.5910762548446655,1.6102491617202759,1.6556631326675415,1.9638638496398926,2.3764922618865967,2.932844877243042,3.4904754161834717,3.6175780296325684,3.598731756210327,3.7067503929138184,3.7077860832214355,3.450880289077759,3.1630167961120605,3.0803303718566895,2.794433832168579,2.369213819503784,1.7815216779708862,1.2524974346160889,0.7159565091133118,0.14785513281822205,-0.38437291979789734,-0.8619941473007202,-1.264855980873108,-1.5791414976119995,-1.777506947517395,-1.8410425186157227,-1.8454526662826538,-1.8602595329284668,-1.8303040266036987,-1.8029931783676147,-1.6862006187438965,-1.6107687950134277,-1.5164915323257446,-1.5400029420852661,-1.5018483400344849,-1.4878946542739868,-1.4461543560028076,-1.384209394454956,-1.3348944187164307,-1.4169689416885376,-1.5284699201583862
1.4898334741592407,1.4977222681045532,1.6473392248153687,1.6396212577819824,1.6200201511383057,1.7814470529556274,2.1257708072662354,2.573129415512085,3.0534257888793945,3.213841199874878,3.219679355621338,3.213446855545044,3.271782875061035,3.2713565826416016,3.230513095855713,3.0531232357025146,2.8527400493621826,2.394184112548828,1.9632420539855957,1.5453743934631348,1.0723109245300293,0.5406400561332703,0.024073317646980286,-0.46860724687576294,-0.9389757513999939,-1.3294075727462769,-1.517919659614563,-1.591350793838501,-1.649294376373291,-1.639825463294983,-1.569037675857544,-1.4912207126617432,-1.3936892747879028,-1.2953892946243286,-1.2510676383972168,-1.2556777000427246,-1.3057823181152344,-1.292016863822937,-1.3208343982696533,-1.3317025899887085,-1.386582851409912,-1.4541264772415161,-1.5725764036178589
1.8958724737167358,1.8463131189346313,1.517478585243225,1.2453417778015137,1.2365925312042236,1.4357749223709106,1.784212589263916,2.217562675476074,2.5441477298736572,2.7091150283813477,2.741298198699951,2.7613747119903564,2.903491258621216,2.97552227973938,2.9699342250823975,2.8434977531433105,2.6015541553497314,2.3639919757843018,2.1040451526641846,1.9088822603225708,1.5224521160125732,1.202214002609253,0.8260161876678467,0.290510892868042,-0.425057053565979,-1.0649093389511108,-1.3433414697647095,-1.3807040452957153,-1.4157841205596924,-1.4032520055770874,-1.3475779294967651,-1.216452717781067,-1.0875166654586792,-1.076743483543396,-1.1350820064544678,-1.1905348300933838,-1.252912998199463,-1.2988518476486206,-1.3266620635986328,-1.34800124168396,-1.3995513916015625,-1.4906651973724365,-1.5856374502182007
2.0811781883239746,2.103740692138672,1.621970295906067,1.47185480594635,1.4054850339889526,1.39341402053833,1.227190613746643,1.5492738485336304,1.9849849939346313,1.9123057126998901,1.6953223943710327,1.7400686740875244,2.0597422122955322,2.4070520401000977,2.597738265991211,2.4205844402313232,2.208599328994751,2.374352216720581,2.5529544353485107,2.328416109085083,2.034350633621216,2.1357364654541016,2.273073434829712,1.6463449001312256,0.6134044528007507,-0.46248704195022583,-1.0856698751449585,-1.2330151796340942,-1.2986243963241577,-1.3903716802597046,-1.3961321115493774,-1.0796122550964355,-0.9051859378814697,-1.0280879735946655,-1.396503210067749,-1.7350157499313354,-1.8897695541381836,-2.0680055618286133,-2.111461639404297,-2.0797784328460693,-2.09230899810791,-2.081127882003784,-1.9592491388320923
2.0564284324645996,2.1717112064361572,1.9132391214370728,1.6123220920562744,1.59542977809906,1.7233161926269531,1.5038559436798096,1.1478967666625977,1.0711230039596558,1.431742787361145,1.8497040271759033,2.0896692276000977,2.2802865505218506,2.4701104164123535,2.461880683898926,2.4906489849090576,2.801889657974243,3.0045199394226074,2.588991165161133,1.7855972051620483,1.228239893913269,1.646600604057312,2.282360076904297,1.9376674890518188,1.0845332145690918,0.24188575148582458,-0.34188005328178406,-0.9871786832809448,-1.7840834856033325,-1.9146467447280884,-1.5121793746948242,-0.9366206526756287,-0.4194098711013794,0.012794416397809982,-0.20018325746059418,-0.9763575196266174,-1.2704010009765625,-1.3325674533843994,-1.499252200126648,-1.554713487625122,-1.6174664497375488,-1.6933889389038086,-1.6972737312316895
2.1693825721740723,2.3700244426727295,2.1073951721191406,1.607178807258606,1.8636069297790527,2.6746554374694824,2.2877256870269775,1.300588607788086,0.8024382591247559,0.8772618770599365,1.2847511768341064,1.3627017736434937,1.0236914157867432,1.3984951972961426,2.406853675842285,2.962132692337036,2.9434242248535156,2.324319839477539,1.6204193830490112,1.1287782192230225,1.267920732498169,2.1330299377441406,3.289423942565918,3.756650447845459,2.9909234046936035,0.6107531785964966,-1.0037391185760498,-1.1557031869888306,-1.75672447681427,-2.1367712020874023,-1.6341818571090698,-0.7571959495544434,0.12020563334226608,0.9449973702430725,0.7138702273368835,-0.9445558190345764,-1.7137184143066406,-1.3124443292617798,-1.093285083770752,-0.8783209323883057,-0.8069034814834595,-1.0076026916503906,-1.2964106798171997
2.176015853881836,2.4848172664642334,2.344637393951416,1.8096566200256348,1.6694587469100952,2.3298897743225098,2.1951510906219482,1.2872650623321533,0.8920657634735107,1.0329028367996216,0.8439006209373474,0.18508000671863556,-0.2675788104534149,0.5353677272796631,1.9916728734970093,2.6250572204589844,2.441041946411133,1.7428083419799805,1.1644139289855957,1.329577088356018,1.7449122667312622,2.186079978942871,3.478609561920166,3.766666889190674,3.649171829223633,2.700402021408081,0.1942376345396042,-1.1048126220703125,-1.2725579738616943,-1.617638349533081,-1.4844058752059937,-0.6259294748306274,0.3770672678947449,0.9647846817970276,1.1090205907821655,0.1182774007320404,-1.3350882530212402,-1.5256245136260986,-0.9446001052856445,-0.29549720883369446,0.33183491230010986,0.12065360695123672,-0.8985296487808228
1.8198046684265137,2.05234694480896,2.3499209880828857,2.0814788341522217,2.2789950370788574,2.4793996810913086,2.058762788772583,1.3347669839859009,0.6744532585144043,0.7467790842056274,0.5735571384429932,-0.12412896007299423,-0.6045816540718079,-0.24371348321437836,0.8922238945960999,1.7323225736618042,2.060734987258911,2.0959630012512207,1.8990939855575562,2.166457176208496,2.697813034057617,3.0991904735565186,3.002840757369995,3.0958940982818604,3.2226686477661133,3.4421422481536865,2.7239160537719727,0.6183694005012512,0.14974184334278107,-0.38763701915740967,-1.1727042198181152,-0.9619084596633911,-0.2801007926464081,0.14024871587753296,0.8445120453834534,1.1621047258377075,-0.9814099073410034,-2.271878719329834,-0.8633754849433899,0.14054256677627563,1.2195136547088623,1.1350839138031006,-1.1000114679336548
1.5818785429000854,1.8972973823547363,2.2581236362457275,2.000638246536255,2.3431596755981445,2.742007255554199,2.0409445762634277,1.0124953985214233,0.47745227813720703,0.315567284822464,0.20926038920879364,0.004563508089631796,-0.3526577949523926,-0.1982882022857666,0.0808744952082634,0.5463934540748596,1.2597620487213135,1.5200024843215942,1.8047914505004883,2.6233813762664795,3.213141918182373,3.0624122619628906,2.3996872901916504,1.0177760124206543,0.6554834842681885,1.2041014432907104,1.4804767370224,2.1565892696380615,2.525270462036133,1.193813443183899,-0.18866458535194397,-0.28897687792778015,-0.20973420143127441,-0.6011240482330322,0.38478177785873413,1.0955827236175537,-2.479595184326172,-3.721282482147217,-1.1997100114822388,0.5058270692825317,1.1779974699020386,0.009508402086794376,-2.493701934814453
1.3930615186691284,1.7722644805908203,2.221390962600708,2.1253931522369385,2.626990556716919,2.685594081878662,1.7560079097747803,1.3804271221160889,0.9792223572731018,0.32422205805778503,-0.02215970680117607,-0.4035683870315552,-0.4786933958530426,-0.3194047212600708,-0.5036188960075378,0.31670549511909485,1.4222688674926758,0.7744457125663757,0.45148634910583496,2.0007565021514893,2.666794776916504,1.658623218536377,2.195155143737793,2.2227444648742676,0.05735841393470764,-1.1424391269683838,-0.5589007139205933,1.6784542798995972,3.3002676963806152,3.3690755367279053,1.5465962886810303,0.8929716944694519,0.05665728077292442,-0.9819299578666687,0.23981815576553345,1.4414676427841187,-0.9144971966743469,-2.8547050952911377,-1.6457905769348145,-0.6880553960800171,-0.4809691309928894,-2.069512128829956,-2.380891799926758
1.170913577079773,1.5419901609420776,2.0668134689331055,2.1840529441833496,2.4421944618225098,2.313817024230957,1.3767850399017334,0.8544597625732422,0.8978981375694275,0.7014806866645813,-0.2544952630996704,-0.9064451456069946,0.1935865879058838,0.6925892233848572,0.1736757606267929,1.0931941270828247,2.743771553039551,1.555384874343872,0.029375437647104263,0.9309175610542297,2.5565292835235596,2.4423084259033203,2.158461809158325,3.443561553955078,2.5716845989227295,-1.0467877388000488,-1.6016559600830078,0.4665645360946655,2.907027244567871,4.70029354095459,4.092438220977783,1.367903709411621,0.26971006393432617,-0.09315652400255203,0.47313857078552246,1.5678308010101318,0.60699063539505,-1.844922661781311,-3.07698917388916,-2.5576953887939453,-1.6751848459243774,-0.9109980463981628,-0.1446193903684616
0.9827516078948975,1.3664042949676514,1.9026854038238525,2.274341344833374,2.8324496746063232,2.9612185955047607,1.74693763256073,0.5393578410148621,1.5190128087997437,3.3487300872802734,2.2994918823242188,-0.4494003355503082,-0.19954679906368256,1.1803423166275024,1.2939281463623047,1.5905122756958008,2.74918794631958,2.1105093955993652,-0.02331000193953514,0.16610798239707947,1.6027092933654785,2.843539237976074,2.6925129890441895,3.001105546951294,3.5783190727233887,1.0459473133087158,-1.6078674793243408,-0.8508507609367371,1.8260352611541748,4.570694923400879,4.592117786407471,1.5795701742172241,0.7523056268692017,0.5597397089004517,0.48670822381973267,1.5444304943084717,-0.14962607622146606,-3.9244673252105713,-3.963017702102661,-2.8677244186401367,-1.2945611476898193,0.441400945186615,0.8868140578269958
0.6737702488899231,1.0657225847244263,1.8203709125518799,2.2934486865997314,2.613330602645874,2.8518435955047607,2.0000710487365723,0.795380711555481,1.526784062385559,3.3944363594055176,2.0571277141571045,-0.5710815787315369,0.036812372505664825,1.5604733228683472,2.4022889137268066,2.202983856201172,1.7491382360458374,1.1766815185546875,0.5745850801467896,0.21778269112110138,0.4227653443813324,1.5070337057113647,2.75190806388855,2.9886884689331055,3.277066230773926,1.767200231552124,-1.3229098320007324,-1.1855432987213135,1.0778892040252686,3.234218120574951,3.3183720111846924,1.9347431659698486,1.6399328708648682,1.4048031568527222,1.086536169052124,1.500443696975708,1.7303301095962524,-0.7080749273300171,-3.2965247631073,-3.005232810974121,-1.0151808261871338,0.7311122417449951,-0.10634513944387436
0.5198724865913391,0.9594561457633972,1.7988560199737549,2.264596939086914,2.643268346786499,3.0722079277038574,2.899458408355713,2.0490012168884277,2.4914543628692627,3.0582504272460938,1.0134263038635254,-0.655884861946106,0.22300174832344055,1.5359630584716797,2.565255641937256,2.0632293224334717,0.3791084289550781,0.46023380756378174,1.9743238687515259,1.2113903760910034,0.046185579150915146,0.6397415995597839,2.3713109493255615,3.4508678913116455,2.928192615509033,1.9345799684524536,0.17533904314041138,-0.5681292414665222,1.0886389017105103,3.07175350189209,2.9641690254211426,1.271034836769104,0.9041628837585449,1.0537680387496948,1.2142125368118286,0.7808328866958618,0.2468053549528122,-0.19445115327835083,-2.0609772205352783,-2.0678317546844482,-0.042434241622686386,0.6670384407043457,-0.14668981730937958
0.4778979420661926,0.9513604044914246,1.826958417892456,2.329216241836548,2.856396436691284,3.1776716709136963,3.046405553817749,2.641449213027954,2.521916389465332,2.625892162322998,0.7905858159065247,-0.3736717998981476,0.31057611107826233,1.1112116575241089,1.729974389076233,0.9146720767021179,-0.3636699318885803,0.5996841192245483,2.740842580795288,2.2587554454803467,0.14427930116653442,0.37907034158706665,1.8829355239868164,2.671354293823242,2.467532157897949,2.8901562690734863,2.7244043350219727,0.149984210729599,-0.001884073717519641,2.2357630729675293,3.3259191513061523,1.4324381351470947,0.34708964824676514,1.2147772312164307,1.6939352750778198,0.06880459189414978,-0.24173355102539062,0.7375542521476746,-0.3178299367427826,-0.34607526659965515,0.08048092573881149,0.08640497177839279,0.8504583239555359
0.47035011649131775,0.9842324256896973,1.8260842561721802,2.4942307472229004,2.9273428916931152,2.91342830657959,2.813265323638916,2.8235437870025635,2.483820676803589,2.532135009765625,0.9469240307807922,-0.5246884226799011,0.1323714554309845,0.7670577764511108,0.7689385414123535,0.57002192735672,1.1675437688827515,2.474238872528076,3.1903674602508545,1.6190671920776367,-0.38268545269966125,-0.07484013587236404,1.4924520254135132,2.2652082443237305,2.513688564300537,3.5730998516082764,3.8305468559265137,1.0942647457122803,-0.6993932723999023,1.3852941989898682,4.011453628540039,3.7370388507843018,1.1825252771377563,1.4363118410110474,1.6905874013900757,-0.27276912331581116,-0.795393168926239,-0.6282752156257629,-1.592194676399231,-0.8397311568260193,-0.7466355562210083,-0.6500391364097595,1.020510196685791
0.2895268499851227,0.7835714221000671,1.780164122581482,2.4165892601013184,2.932274580001831,3.3437461853027344,3.5181825160980225,3.5105621814727783,2.8361403942108154,2.0553081035614014,1.1059156656265259,0.29950663447380066,0.22798345983028412,0.39008715748786926,0.11412997543811798,0.3481917977333069,1.6376869678497314,2.5498814582824707,1.4959532022476196,0.8668752312660217,0.8835899829864502,0.2841682434082031,0.8001455068588257,1.7558761835098267,2.1593732833862305,2.7128076553344727,3.7020506858825684,1.5233349800109863,-1.1552869081497192,-0.4784618616104126,2.9186809062957764,5.147129058837891,3.6765239238739014,1.645427942276001,2.1476306915283203,1.08450186252594,0.11391248553991318,-1.0230189561843872,-2.1838724613189697,-0.9668137431144714,-1.1140763759613037,-1.613296389579773,0.21024090051651
0.20837604999542236,0.6761157512664795,1.6664535999298096,2.3104889392852783,2.8866403102874756,3.295557737350464,3.3233072757720947,2.967238664627075,2.3611690998077393,1.7371712923049927,2.2114150524139404,2.88055157661438,1.3484209775924683,-0.19323338568210602,-0.07211244106292725,0.6278650164604187,1.3871827125549316,1.0248591899871826,-0.28785696625709534,0.31183961033821106,2.3369061946868896,2.43971848487854,0.8436093926429749,0.9298815727233887,1.936794638633728,2.409501314163208,3.544668197631836,3.964017868041992,0.5344190001487732,-1.1961910724639893,0.7114317417144775,3.9961085319519043,5.437679290771484,3.5109808444976807,1.6323760747909546,2.1354169845581055,1.959438681602478,0.1355373114347458,-1.0173014402389526,-1.0506253242492676,-2.5568878650665283,-3.0927844047546387,-0.6229104995727539
