demo/2000-wind-surface-level-gfs-1.0.json
{"header": {"productDefinitionTemplate": 0, "surface1Type": 103, "productStatus": 0, "disciplineName": "Meteorological products", "subDivisions": 0, "winds": "true", "parameterNumberName": "V-component_of_wind", "discipline": 0, "surface2Value": 0, "significanceOfRTName": "Start of forecast", "surface2TypeName": "Missing", "surface2Type": 255, "productTypeName": "Forecast products", "dx": 0.024617210030555725, "dy": 0.01798853650689125, "numberPoints": 65160, "productStatusName": "Operational products", "gribEdition": 2, "parameterUnit": "m.s-1", "forecastTime": 0, "refTime": "2020-09-30T18:00:00.000Z", "productType": 1, "genProcessTypeName": "Forecast", "scanMode": 0, "genProcessType": 2, "gribLength": 11338.0, "significanceOfRT": 1, "productDefinitionTemplateName": "Analysis/forecast at horizontal level/layer at a point in time", "centerName": "WRF OUTPUT", "la1": 43.66691207885742, "la2": 42.426788330078125, "lo2": 13.70867919921875, "gridUnits": "degrees", "surface1Value": 10, "shapeName": "Earth spherical with radius of 6,371,229.0 m", "surface1TypeName": "Specified height level above ground", "nx": 70.0, "ny": 70.0, "lo1": 12.008544921875, "basicAngle": 0, "gridDefinitionTemplate": 0, "shape": 6, "parameterNumber": 3, "subcenter": 0, "parameterCategoryName": "Momentum", "parameterCategory": 2, "center": 0, "gridDefinitionTemplateName": "Latitude_Longitude", "resolution": 48}, "data":
[rows 38 to 56 of 70, columns 0 to 42 of 70]
2.471317768096924,2.4204001426696777,2.51104998588562,2.5436465740203857,2.4915480613708496,1.5519988536834717,2.5857949256896973,2.911867618560791,3.637559652328491,3.4433305263519287,2.1616170406341553,0.8061362504959106,0.415984183549881,0.9202249646186829,0.9044791460037231,0.7924349904060364,2.0611867904663086,2.3833212852478027,1.9826672077178955,1.858821153640747,1.8623405694961548,1.9753581285476685,1.7847142219543457,1.2937564849853516,0.4895874261856079,0.8649805784225464,0.9360747933387756,1.3178577423095703,0.982284665107727,1.593223214149475,2.0496063232421875,2.2422127723693848,2.8484668731689453,1.3026902675628662,1.0791478157043457,1.4911901950836182,2.0902822017669678,1.8172215223312378,1.4064080715179443,1.7972893714904785,2.2873785495758057,2.611414670944214,3.0935566425323486
2.488487720489502,2.3905203342437744,2.4236817359924316,2.5536186695098877,2.6175529956817627,2.678966999053955,2.531503438949585,2.688429832458496,3.2265477180480957,2.122852087020874,1.398890495300293,0.6328076720237732,0.023605413734912872,0.5650137066841125,0.6752706170082092,0.5554161667823792,1.419851303100586,1.1102285385131836,0.453664630651474,0.1242247223854065,0.39671948552131653,1.2220852375030518,1.6747804880142212,1.7802987098693848,0.8230263590812683,0.5282405018806458,1.6659419536590576,2.58378267288208,2.403740406036377,2.6266403198242188,3.2386186122894287,3.169102668762207,3.6779227256774902,3.419102668762207,2.1249759197235107,0.8451483845710754,1.1407160758972168,1.3352656364440918,0.6928305625915527,1.3210502862930298,2.212301254272461,3.240993022918701,4.224754333496094
2.339938163757324,2.2831733226776123,2.2511119842529297,2.3118896484375,2.470695972442627,2.5309364795684814,1.8932007551193237,1.5306880474090576,1.3350892066955566,1.2416539192199707,0.9303299188613892,0.7745199203491211,0.01615794003009796,-0.15175047516822815,0.010992405004799366,0.30183759331703186,0.8764602541923523,1.1503400802612305,0.44330957531929016,-0.542523980140686,-0.6942172646522522,0.4197560250759125,1.4007152318954468,1.9821381568908691,1.9741302728652954,1.2271374464035034,1.951848030090332,2.3853182792663574,1.9704519510269165,2.1292593479156494,3.1811678409576416,2.942673683166504,3.665914535522461,3.992593288421631,3.005479335784912,0.9565876722335815,0.6522086262702942,0.8476524353027344,0.4584490656852722,0.6017586588859558,1.0038201808929443,1.6036661863327026,2.6958415508270264
2.143275499343872,2.0374491214752197,1.9847230911254883,1.9861565828323364,1.8921256065368652,1.7777698040008545,1.6159569025039673,1.28768789768219,1.1189494132995605,2.101738452911377,1.4025229215621948,1.2220336198806763,1.2875001430511475,0.5334281921386719,-0.16295158863067627,0.3092283308506012,1.0150688886642456,1.9578869342803955,1.9148343801498413,1.2591403722763062,0.7369691729545593,-0.02876429632306099,0.5040651559829712,1.62669837474823,2.2890684604644775,2.1999592781066895,1.9552689790725708,2.1367733478546143,1.3944553136825562,1.1300021409988403,1.9803978204727173,2.3967113494873047,3.0738582611083984,3.6184048652648926,2.252377510070801,0.7794259190559387,0.5245664119720459,0.35082921385765076,-0.08261461555957794,-0.25444281101226807,0.2046743929386139,-0.32350170612335205,-0.018556684255599976
1.7896095514297485,1.6790072917938232,1.6551682949066162,1.6914682388305664,1.4695473909378052,1.3364691734313965,1.6596171855926514,1.8477791547775269,2.162554979324341,3.1479849815368652,1.896704077720642,1.0834001302719116,2.843065023422241,2.572988748550415,1.2749121189117432,0.7061364650726318,1.3573081493377686,2.1298623085021973,2.730166435241699,2.9946744441986084,3.0301735401153564,1.3467059135437012,0.4205402433872223,0.8671489953994751,1.5225927829742432,2.1643052101135254,1.8226696252822876,1.5512840747833252,1.4728174209594727,1.183683156967163,2.2980010509490967,2.655491828918457,3.3707334995269775,3.6230506896972656,2.1026957035064697,0.058636050671339035,0.22074413299560547,-0.23354166746139526,-1.0919750928878784,-0.5810183882713318,-0.5147315263748169,-1.1142734289169312,0.2346504032611847
1.4266451597213745,1.3940578699111938,1.3530610799789429,1.4569354057312012,1.418954610824585,1.2794488668441772,1.7837339639663696,2.2903923988342285,3.0694894790649414,2.903181552886963,2.08866286277771,1.1308547258377075,2.8241147994995117,2.8064560890197754,2.1195335388183594,1.1071562767028809,1.1423147916793823,2.2385268211364746,2.8908798694610596,3.1625826358795166,3.5074806213378906,3.0323996543884277,1.5907713174819946,0.6760583519935608,0.6560249328613281,1.2398285865783691,1.0644584894180298,1.2199594974517822,1.4452742338180542,1.439706802368164,3.281946897506714,3.530266761779785,3.342144250869751,3.7933640480041504,3.134213924407959,0.5710555911064148,-0.04008357971906662,0.30609503388404846,0.5482236742973328,2.9301021099090576,-0.027363192290067673,-1.001548409461975,0.4774448871612549
1.2335340976715088,1.153568148612976,1.1572750806808472,1.271582007408142,1.417974591255188,1.3930281400680542,1.9481226205825806,2.6731247901916504,3.307853937149048,3.272629737854004,2.6320016384124756,1.9203420877456665,2.270171880722046,1.679309368133545,1.9046262502670288,1.0256446599960327,0.7842422127723694,2.3320400714874268,2.8020148277282715,3.258476734161377,3.561711311340332,3.1686744689941406,2.3178350925445557,1.6324130296707153,0.9089669585227966,1.0515135526657104,0.4055226445198059,1.1016846895217896,1.4191272258758545,1.4054030179977417,2.695248603820801,3.3396549224853516,3.314218044281006,3.5887303352355957,3.5470809936523438,2.3291265964508057,-0.03585296496748924,1.0137059688568115,2.8449885845184326,4.847685813903809,0.6761137843132019,-0.15764987468719482,-0.11475306004285812
1.148173213005066,1.003558874130249,1.0394617319107056,1.167420744895935,1.248958945274353,1.2024004459381104,1.9221023321151733,2.7106757164001465,2.855037212371826,2.686094284057617,2.544254779815674,2.118339776992798,1.7468955516815186,1.0704989433288574,1.5769777297973633,1.2136600017547607,0.6252124905586243,2.161884307861328,2.007941246032715,2.4781205654144287,3.186455249786377,3.1955716609954834,3.090883493423462,3.2610864639282227,2.631920337677002,2.4947965145111084,0.4486941695213318,0.980718731880188,1.4428417682647705,1.4494507312774658,1.499440312385559,2.3174407482147217,2.5001468658447266,2.430901288986206,2.614271402359009,2.7323336601257324,1.3300238847732544,0.9188949465751648,2.53115177154541,3.6299548149108887,2.595608711242676,1.434661865234375,0.33480384945869446
1.1305503845214844,0.9735422134399414,1.0424288511276245,1.1367892026901245,1.0738681554794312,0.8199694752693176,1.4305917024612427,1.9864202737808228,2.0623936653137207,1.964816689491272,1.9242888689041138,1.6952860355377197,0.9523447155952454,1.6779921054840088,2.0780296325683594,1.9816460609436035,0.9061031937599182,1.7197002172470093,1.544463872909546,1.925005555152893,2.9561471939086914,3.3118820190429688,4.077402591705322,4.220675945281982,3.7155768871307373,3.1608643531799316,1.3625798225402832,0.6492921710014343,1.06206214427948,1.1738781929016113,0.45558321475982666,0.42695727944374084,0.5902765989303589,0.8897814154624939,1.399379014968872,2.166511297225952,3.107211112976074,0.9347148537635803,1.7758736610412598,3.0134479999542236,3.727843999862671,3.0807909965515137,1.9864459037780762
1.0924060344696045,0.9424275159835815,1.0232640504837036,1.0746406316757202,0.968520998954773,0.24706201255321503,0.5084421634674072,1.0020148754119873,1.195138931274414,1.1511669158935547,1.2030869722366333,1.4859434366226196,1.2388302087783813,3.043184995651245,2.6366610527038574,2.2405736446380615,1.6006455421447754,1.6338865756988525,1.60285222530365,1.8111391067504883,2.800537586212158,3.1618006229400635,3.978759765625,3.967945098876953,3.4016292095184326,2.4808316230773926,1.6665574312210083,0.5342061519622803,0.6618064045906067,0.5837330222129822,0.17121727764606476,-0.5078924894332886,-0.1322188824415207,0.9184421896934509,1.9992793798446655,2.176644802093506,2.994884967803955,0.7908667325973511,0.6978529095649719,1.2980021238327026,1.8823521137237549,2.453305959701538,2.370284080505371
1.1097899675369263,0.9544939994812012,0.9746823906898499,1.0331275463104248,1.007272720336914,-0.15040290355682373,-0.14111949503421783,0.44106677174568176,0.4160296618938446,0.27132096886634827,0.4673965573310852,1.343477725982666,2.44248628616333,2.480264663696289,1.5587488412857056,1.4192421436309814,1.6074310541152954,1.6340057849884033,1.5415667295455933,1.3968770503997803,1.8629463911056519,2.380744695663452,3.124892234802246,3.655609607696533,2.96932315826416,2.3014726638793945,1.3799958229064941,1.477062702178955,1.2226402759552002,0.39673468470573425,0.31563806533813477,0.5132156014442444,1.5182102918624878,2.324923276901245,2.7842090129852295,1.708178997039795,1.8497358560562134,2.5772931575775146,1.634565830230713,-0.1505802720785141,-0.6602221727371216,-0.49140501022338867,-0.3189578652381897
1.2107313871383667,1.02585768699646,1.0317208766937256,1.02141535282135,1.1154178380966187,-0.058336518704891205,-0.3141191601753235,0.38235947489738464,0.18751958012580872,-0.36314886808395386,-0.18792714178562164,0.8679594397544861,1.5793136358261108,1.0580592155456543,0.3873051702976227,0.5513750910758972,1.2984683513641357,1.251415729522705,1.0618728399276733,0.5319169759750366,0.5659555792808533,0.9447653293609619,1.9166723489761353,2.981422185897827,2.86474347114563,2.681521415710449,1.927597165107727,2.443783760070801,2.1299374103546143,0.5928581357002258,-0.0799858570098877,0.8816195130348206,2.2404940128326416,2.484622001647949,2.6038548946380615,0.8722765445709229,2.1564853191375732,3.673027276992798,2.528898239135742,0.25948891043663025,-0.772239625453949,-1.8338990211486816,-0.902040421962738
1.332900881767273,1.2455579042434692,1.224953532218933,1.0882327556610107,1.3112291097640991,0.5688416361808777,0.14572858810424805,0.5036531090736389,0.3169708847999573,-0.33967164158821106,-0.7979394197463989,-0.42743444442749023,-0.6532914042472839,-1.1817752122879028,-0.4967343509197235,1.15109121799469,1.9228591918945312,0.8666685223579407,0.6867964863777161,0.3685672879219055,0.008056944236159325,0.18847550451755524,0.9569123983383179,2.1136860847473145,2.809422016143799,2.9134271144866943,2.6553754806518555,2.354678153991699,2.1551148891448975,0.9829697012901306,0.6263306140899658,1.1000338792800903,1.2593590021133423,1.4336236715316772,0.528972864151001,1.0036227703094482,3.1275408267974854,2.768146276473999,2.024019718170166,1.6201295852661133,1.1650991439819336,0.03107309341430664,1.944385051727295
1.6001677513122559,1.5315521955490112,1.4373549222946167,1.1710782051086426,1.6306232213974,1.0370451211929321,0.47063735127449036,0.35931164026260376,0.16115468740463257,-0.2333819568157196,-1.228365421295166,-1.17254638671875,-0.5880919098854065,-0.20772109925746918,1.3439730405807495,2.8244357109069824,2.691871404647827,1.5285539627075195,0.4448198080062866,0.22359679639339447,-0.04678038880228996,-0.4008099436759949,-0.061586394906044006,0.9711874723434448,2.1042122840881348,2.7210206985473633,2.3141086101531982,2.012507915496826,2.328237533569336,2.0705864429473877,2.661738634109497,2.656287908554077,2.0353052616119385,1.1796863079071045,-0.1002650037407875,2.5656847953796387,3.1783390045166016,2.7111024856567383,1.8476171493530273,1.624877691268921,1.631850004196167,0.8557679057121277,1.7860146760940552
1.8301833868026733,1.7547792196273804,1.692226767539978,1.4604825973510742,1.6672593355178833,1.0716660022735596,0.5552037954330444,-0.16984699666500092,-0.579864501953125,-0.3793708384037018,-0.4025473892688751,1.0832918882369995,2.6993460655212402,3.2774429321289062,3.4802772998809814,2.72607684135437,2.3276491165161133,2.0546607971191406,1.140832543373108,-0.44945064187049866,-0.6066039800643921,-0.5720796585083008,0.23456446826457977,1.316646933555603,1.9573862552642822,1.901175618171692,1.5349745750427246,2.6206960678100586,3.491102457046509,3.254758596420288,3.541811943054199,3.6650550365448,3.5363922119140625,2.66051983833313,1.296828031539917,2.9950296878814697,3.013530731201172,2.8001043796539307,1.8109257221221924,0.5502638220787048,0.7344624996185303,-0.6918736696243286,-1.262787103652954
2.0619969367980957,1.9417788982391357,1.9317100048065186,1.846395492553711,1.733391523361206,1.708471417427063,1.3812072277069092,0.6058732867240906,-0.6863500475883484,0.26725682616233826,0.9569113254547119,2.8407578468322754,3.342339515686035,3.593679428100586,2.7450461387634277,1.8141429424285889,1.8008650541305542,2.0442850589752197,2.5870354175567627,1.302204966545105,0.2808334231376648,1.0184459686279297,2.080458164215088,3.1224899291992188,2.674499988555908,1.830823302268982,2.1756343841552734,3.409752368927002,3.5086669921875,3.426138162612915,3.381662130355835,3.6470425128936768,3.02646541595459,2.3002679347991943,2.2375147342681885,1.8697853088378906,1.928478717803955,2.29465389251709,1.6807525157928467,0.9557815790176392,0.6200898885726929,2.5211942195892334,-0.2302359938621521
2.2535336017608643,2.0845413208007812,2.1159517765045166,2.049793243408203,1.9929969310760498,2.0910804271698,2.0734407901763916,2.1547532081604004,0.8008620142936707,1.1967763900756836,1.6666702032089233,2.3351619243621826,2.5298845767974854,2.728984832763672,2.230319023132324,1.1938540935516357,1.386648416519165,2.4803662300109863,2.8048694133758545,2.924517869949341,2.494025945663452,2.565619945526123,2.5522124767303467,3.1739838123321533,3.041459083557129,2.450228452682495,3.2903542518615723,3.6716744899749756,3.367553949356079,3.1790590286254883,3.2479095458984375,3.7153944969177246,2.3248543739318848,1.474106788635254,3.1750080585479736,3.3591105937957764,3.2916884422302246,1.7673182487487793,1.7389520406723022,2.827664375305176,3.4260382652282715,6.159407615661621,2.7222585678100586
2.465574026107788,2.1908745765686035,2.21354603767395,2.1200215816497803,1.94325590133667,1.8239836692810059,2.004659652709961,1.905342698097229,1.664425015449524,1.1518511772155762,1.4064981937408447,1.6410928964614868,1.9216022491455078,2.284501791000366,1.992388129234314,0.9823325872421265,0.7240155339241028,1.6504864692687988,1.986978530883789,2.251314163208008,2.6596250534057617,2.509870767593384,2.2818946838378906,3.154623508453369,3.1613082885742188,2.8209171295166016,2.7196781635284424,3.2289137840270996,3.6017260551452637,3.034047842025757,2.5403690338134766,2.9328527450561523,2.445781707763672,1.58718740940094,2.904175281524658,4.0106353759765625,4.093523025512695,2.1703996658325195,1.7083837985992432,2.858232259750366,4.256272315979004,5.278763771057129,3.442906141281128
2.647226572036743,2.3689143657684326,2.248321771621704,2.089003086090088,1.802609920501709,1.5615899562835693,1.5695856809616089,1.20246422290802,1.1341837644577026,0.44142284989356995,1.1013901233673096,1.3121596574783325,1.4061789512634277,1.4875448942184448,1.9215779304504395,1.6233665943145752,0.38440728187561035,0.23246318101882935,0.5950588583946228,1.0235977172851562,1.3375552892684937,1.7584210634231567,2.5486764907836914,3.2197487354278564,3.3420052528381348,3.100051164627075,2.008493661880493,2.3484978675842285,2.9193267822265625,2.441452741622925,0.6339484453201294,1.0883795022964478,1.425846815109253,1.2804622650146484,1.9700604677200317,2.9560348987579346,3.054368019104004,2.537613868713379,1.8402734994888306,1.3158726692199707,2.7961325645446777,3.1774864196777344,3.1683475971221924
