demo/2000-wind-surface-level-gfs-1.0.json
{"header": {"productDefinitionTemplate": 0, "surface1Type": 103, "productStatus": 0, "disciplineName": "Meteorological products", "subDivisions": 0, "winds": "true", "parameterNumberName": "V-component_of_wind", "discipline": 0, "surface2Value": 0, "significanceOfRTName": "Start of forecast", "surface2TypeName": "Missing", "surface2Type": 255, "productTypeName": "Forecast products", "dx": 0.024617210030555725, "dy": 0.01798853650689125, "numberPoints": 65160, "productStatusName": "Operational products", "gribEdition": 2, "parameterUnit": "m.s-1", "forecastTime": 0, "refTime": "2020-09-30T18:00:00.000Z", "productType": 1, "genProcessTypeName": "Forecast", "scanMode": 0, "genProcessType": 2, "gribLength": 11338.0, "significanceOfRT": 1, "productDefinitionTemplateName": "Analysis/forecast at horizontal level/layer at a point in time", "centerName": "WRF OUTPUT", "la1": 43.66691207885742, "la2": 42.426788330078125, "lo2": 13.70867919921875, "gridUnits": "degrees", "surface1Value": 10, "shapeName": "Earth spherical with radius of 6,371,229.0 m", "surface1TypeName": "Specified height level above ground", "nx": 70.0, "ny": 70.0, "lo1": 12.008544921875, "basicAngle": 0, "gridDefinitionTemplate": 0, "shape": 6, "parameterNumber": 3, "subcenter": 0, "parameterCategoryName": "Momentum", "parameterCategory": 2, "center": 0, "gridDefinitionTemplateName": "Latitude_Longitude", "resolution": 48}, "data":
[rows 19 to 37 of 70, columns 0 to 42 of 70]
0.9948053956031799,0.9842957258224487,0.9787011742591858,0.9928262829780579,1.0426242351531982,1.2205276489257812,1.2882272005081177,1.7423633337020874,2.4941484928131104,2.3085107803344727,1.2511934041976929,1.6858817338943481,1.5052894353866577,-0.5357133746147156,-0.4153391420841217,-0.45942261815071106,-0.04786789044737816,1.380018711090088,1.9276725053787231,1.663309097290039,1.9722775220870972,2.297956943511963,0.5968915820121765,-1.8436990976333618,-2.555389404296875,-2.6022446155548096,-1.8067240715026855,-0.5495467185974121,-0.5817396640777588,-1.7853084802627563,-2.8976688385009766,-2.0907580852508545,0.49423444271087646,0.4486190974712372,-0.41527286171913147,0.7262593507766724,2.1004514694213867,2.2508137226104736,2.625041961669922,2.372180461883545,1.404897928237915,1.1721943616867065,2.093013048171997
0.7165992259979248,0.7159959673881531,0.6660005450248718,0.6751021146774292,0.6442708373069763,1.1966549158096313,1.7893319129943848,1.7567222118377686,1.4319722652435303,0.8168941140174866,0.34930092096328735,1.0778369903564453,1.9421536922454834,1.2992401123046875,-0.13355261087417603,-0.24495045840740204,0.8304078578948975,1.2931677103042603,1.352896809577942,1.7148206233978271,1.961734652519226,1.3599817752838135,1.1816540956497192,0.41008421778678894,-0.7411345839500427,-2.2568936347961426,-3.0350217819213867,-1.630133032798767,-0.7839919924736023,-0.7950109839439392,-1.37161123752594,-0.9247587323188782,1.6236233711242676,1.4324431419372559,0.12931157648563385,1.0173884630203247,1.7414785623550415,2.243598699569702,2.3415451049804688,2.780980348587036,2.1973092555999756,-0.061551086604595184,-0.024108177050948143
0.5339726209640503,0.5124413967132568,0.41761770844459534,0.4267817437648773,0.24402965605258942,0.7604625821113586,0.8675892353057861,0.5954707860946655,-0.19650743901729584,1.4335787296295166,2.9399893283843994,2.8717174530029297,2.659605026245117,2.3097527027130127,1.5788795948028564,0.5311807990074158,0.08917071670293808,0.31910693645477295,0.9129185676574707,1.1297286748886108,0.6090306639671326,0.4388532042503357,0.7149912118911743,1.3858613967895508,1.144310474395752,-0.39710256457328796,-2.1742191314697266,-2.281339645385742,-1.0867611169815063,-0.7928770184516907,0.6547585129737854,1.3438796997070312,2.6802749633789062,2.561795949935913,1.831222414970398,2.2114219665527344,1.6956819295883179,1.904958963394165,2.436673164367676,2.3477847576141357,2.387972116470337,0.5062154531478882,-1.1654866933822632
0.5068238377571106,0.39756298065185547,0.254108726978302,0.18197903037071228,-0.0862799733877182,0.009680289775133133,-0.278802752494812,-0.12012897431850433,0.17090727388858795,2.80661678314209,3.6486635208129883,2.4063992500305176,1.2726095914840698,1.0478003025054932,1.7881909608840942,0.8329551815986633,-0.8319302797317505,-0.4200843274593353,-0.10353407263755798,-0.34405845403671265,-0.7421402931213379,-0.687752366065979,-0.015267777256667614,0.3205185532569885,0.3650663495063782,-0.2486964613199234,-0.9255484938621521,-1.0228776931762695,0.33095118403434753,0.2953076958656311,1.1139109134674072,0.8474434614181519,1.868188500404358,2.6628966331481934,2.394883155822754,1.816558599472046,1.5309977531433105,2.0370731353759766,2.562329053878784,2.5972821712493896,2.3762893676757812,1.611512541770935,-0.6548663973808289
0.5223352909088135,0.3248710632324219,0.12902136147022247,-0.03446563705801964,-0.324869304895401,-0.25847405195236206,0.08284896612167358,0.525255560874939,1.1502611637115479,1.863200068473816,1.4562022686004639,0.8248718976974487,0.002783165080472827,-0.2780640721321106,0.9261192083358765,1.1851731538772583,-1.056936264038086,-1.6626864671707153,-1.7233061790466309,-1.9624279737472534,-1.8942739963531494,-1.7016713619232178,-1.3360002040863037,-1.298186182975769,-1.5264530181884766,-1.2405927181243896,-0.42661619186401367,0.34265053272247314,1.44943106174469,1.0958728790283203,0.9593929648399353,0.572472333908081,1.6197417974472046,2.3229305744171143,2.148832082748413,1.0559346675872803,1.8847720623016357,2.773512840270996,2.443179130554199,2.6969337463378906,2.617361545562744,1.9750900268554688,0.42822131514549255
0.48074495792388916,0.2526949942111969,0.01127144880592823,-0.2059980034828186,-0.718691349029541,-0.722175657749176,0.42675238847732544,0.8476052284240723,0.6234115958213806,0.31755611300468445,0.013717293739318848,-0.18317756056785583,-0.25723373889923096,-0.08516737818717957,1.6542426347732544,1.9642812013626099,0.25035783648490906,-2.3018746376037598,-2.9693500995635986,-3.2240209579467773,-2.993171453475952,-2.7095155715942383,-2.0116848945617676,-1.4351341724395752,-1.7360814809799194,-0.09378873556852341,0.938421905040741,0.5761777758598328,1.2878750562667847,1.1264580488204956,1.522700548171997,0.9662486910820007,1.2615193128585815,1.528515100479126,1.7202658653259277,0.8415254950523376,2.176954746246338,2.6729016304016113,2.1593053340911865,2.612191677093506,2.8692233562469482,2.254988193511963,1.5307083129882812
0.4663870334625244,0.22425201535224915,-0.020440323278307915,-0.18478074669837952,-0.4365707337856293,-1.517013430595398,-0.7172523736953735,-0.29196006059646606,-0.01689727231860161,-0.6045389175415039,-1.1043388843536377,-0.8820105791091919,-0.43884149193763733,0.4571637809276581,1.7850830554962158,1.6522026062011719,0.9946292638778687,-1.2437994480133057,-2.7212977409362793,-3.4569475650787354,-3.513248920440674,-3.1489593982696533,-2.007661819458008,-1.1377017498016357,-1.027999758720398,0.6337619423866272,1.8467530012130737,1.6057848930358887,2.165715456008911,1.8292958736419678,2.6453824043273926,1.0857841968536377,0.22764989733695984,0.44651997089385986,0.8043377995491028,0.7790390253067017,1.1815615892410278,1.042129397392273,0.6763993501663208,1.3237135410308838,1.6460837125778198,1.6988961696624756,1.3474586009979248
0.47075918316841125,0.23259080946445465,0.036631304770708084,0.013538593426346779,0.45673543214797974,-0.6890473961830139,-1.1217519044876099,-1.348970890045166,-1.1357992887496948,-1.704375147819519,-2.0054540634155273,-1.5478116273880005,-1.5205299854278564,-0.9919949173927307,0.3913401961326599,0.31633591651916504,0.4317222535610199,-0.6302818059921265,-2.0731265544891357,-2.6083052158355713,-3.122391939163208,-3.2536702156066895,-2.5141584873199463,-1.7025456428527832,-1.0439804792404175,0.530254602432251,1.6069021224975586,2.754711151123047,3.360503673553467,2.284176826477051,2.2152762413024902,0.8884456753730774,-0.7728186249732971,-0.6802856922149658,-0.03698547184467316,0.33186110854148865,-0.009315500035881996,0.1945628672838211,-1.4542738199234009,-1.0009524822235107,-0.8037862181663513,-0.5035751461982727,-0.7468863725662231
0.4747221767902374,0.21585407853126526,0.07011336088180542,0.09787284582853317,0.5534743070602417,0.41150954365730286,-0.11670569330453873,-0.5173478722572327,-0.9592584371566772,-2.9730401039123535,-3.1556577682495117,-2.6923561096191406,-2.268049478530884,-2.0827274322509766,-0.7083034515380859,-0.4160826802253723,0.25324198603630066,-0.33330005407333374,-1.7112394571304321,-2.1668858528137207,-2.6637580394744873,-3.317760944366455,-2.896662950515747,-2.1409127712249756,-1.307788372039795,0.7877169847488403,1.6355074644088745,2.207686424255371,3.236812114715576,2.3427186012268066,1.3637458086013794,0.4757224917411804,-0.37762224674224854,-0.24882391095161438,0.4533192217350006,0.8503883481025696,1.5928436517715454,2.713387966156006,0.1857001930475235,-2.682046890258789,-3.0275607109069824,-2.5495049953460693,-1.8184199333190918
0.4718867838382721,0.1676795482635498,0.06920110434293747,0.10853539407253265,0.3475816547870636,0.4031100571155548,0.3697417676448822,0.24832966923713684,-0.10514582693576813,-2.8213107585906982,-3.1011829376220703,-2.8194797039031982,-1.6801798343658447,-1.5348769426345825,-0.889331579208374,-0.4084208011627197,0.03577283397316933,0.25969305634498596,-1.2297626733779907,-1.9709032773971558,-2.192559242248535,-3.048133611679077,-3.530510425567627,-3.016127586364746,-1.139930009841919,1.0570499897003174,1.5507041215896606,1.8340246677398682,2.272880792617798,2.327336549758911,1.5985854864120483,0.5802226066589355,1.504347801208496,1.789055347442627,2.6527154445648193,2.6781320571899414,3.708447217941284,3.6745753288269043,2.4257493019104004,-0.8117929697036743,-3.706350326538086,-2.6909682750701904,-0.5999630689620972
0.5308536887168884,0.21371109783649445,0.15564988553524017,0.2112884223461151,0.3854272663593292,0.4378744661808014,0.32373344898223877,0.0008054840145632625,-0.11559268832206726,-1.0625782012939453,-2.3015782833099365,-2.156128168106079,-0.6802716851234436,-0.39678463339805603,-0.5938146710395813,-0.42884325981140137,-0.3962162137031555,0.04516497254371643,-1.2088937759399414,-1.6020513772964478,-2.009932279586792,-3.0985922813415527,-3.6645281314849854,-1.9621511697769165,0.537254810333252,1.5855109691619873,1.3470618724822998,1.061086654663086,1.0843254327774048,1.8385018110275269,2.030754327774048,0.710789680480957,2.147085428237915,2.245934009552002,2.8973042964935303,3.621309518814087,3.3762824535369873,2.8394410610198975,2.0131866931915283,1.9947699308395386,-0.09974443912506104,-0.8786044716835022,-0.02442138083279133
0.7019227743148804,0.4857743978500366,0.4242119789123535,0.4292025864124298,0.4535817503929138,0.5199103951454163,0.5449691414833069,0.35016772150993347,0.8234400749206543,1.346745491027832,0.05434538051486015,-0.8463661670684814,-0.29741328954696655,-0.21401308476924896,-0.5583789348602295,-0.668601393699646,-0.6414932608604431,-0.7141114473342896,-0.951706051826477,-1.5388747453689575,-1.3140690326690674,-1.5491701364517212,-1.460780382156372,-0.030101744458079338,1.0808831453323364,1.0776234865188599,0.7984859347343445,-0.3999427855014801,-0.22391457855701447,1.1646111011505127,1.5505340099334717,0.4377214014530182,1.364246129989624,1.0295063257217407,1.9224895238876343,3.5995748043060303,3.5325350761413574,2.26509952545166,1.8194024562835693,2.6266751289367676,2.296816349029541,0.7552774548530579,-0.5978913903236389
0.9754151105880737,0.8885374069213867,0.835985541343689,0.7739112377166748,0.7741109132766724,0.8538281917572021,1.0347241163253784,1.221585750579834,1.9472639560699463,1.9961774349212646,1.5472829341888428,0.35740673542022705,-0.7887203693389893,-0.8317136764526367,-0.5273168683052063,-0.5565215945243835,-0.3894689679145813,-0.8573741316795349,-0.36641213297843933,-0.6287881731987,-0.5680775046348572,-0.32496142387390137,-0.21286629140377045,0.11318104714155197,0.522278904914856,0.9130145907402039,1.0141464471817017,-0.221522256731987,0.2545965313911438,0.763709545135498,0.7933976054191589,1.0746568441390991,2.322200059890747,1.2499032020568848,1.7490133047103882,2.936859130859375,2.6849541664123535,2.0839169025421143,1.4319413900375366,1.4753332138061523,1.5180470943450928,1.5395643711090088,-0.6830938458442688
1.3783533573150635,1.4134433269500732,1.4142917394638062,1.4048796892166138,1.3184847831726074,1.2488001585006714,1.4475901126861572,2.033247709274292,1.8796966075897217,0.889999508857727,0.7884775400161743,0.5936965942382812,-0.7161144018173218,-1.069387674331665,-0.5757879018783569,-0.5066636800765991,-0.4746192395687103,-0.43100506067276,-0.28365325927734375,-0.28596726059913635,-0.43217933177948,-0.5992450714111328,-0.438943088054657,-0.5715338587760925,0.19481799006462097,1.4024392366409302,1.5325425863265991,1.3083875179290771,1.759165644645691,0.3756611943244934,0.267429381608963,2.362680673599243,3.469029188156128,2.635396957397461,1.6384971141815186,1.3720500469207764,1.4494481086730957,1.5158181190490723,1.085065484046936,-0.24657325446605682,-0.49927249550819397,0.4198365807533264,-0.7363619208335876
1.783572793006897,1.8835581541061401,1.929235577583313,1.8998963832855225,1.8233331441879272,1.5627609491348267,1.533252239227295,1.4633835554122925,0.9604100584983826,0.019703833386301994,-0.07745486497879028,0.14057821035385132,-0.2961915135383606,-0.3897732198238373,-0.2808186709880829,-0.4511925280094147,-0.7585963606834412,-0.7812479138374329,0.24220798909664154,0.4505724310874939,0.016523586586117744,0.03091380000114441,-0.15381941199302673,-0.7494239807128906,0.009482027031481266,1.4467555284500122,1.7724637985229492,2.025862216949463,2.0242867469787598,0.6385986804962158,0.7415374517440796,2.337419033050537,2.6459388732910156,2.7024965286254883,1.6071629524230957,-0.279842734336853,-0.30360859632492065,0.14722579717636108,0.04028995707631111,0.14677385985851288,-0.6057196855545044,-0.3504192531108856,0.13442595303058624
2.0836167335510254,2.1601369380950928,2.2114500999450684,2.1652543544769287,1.8738701343536377,1.5444917678833008,1.2945119142532349,0.5319316387176514,0.003483719192445278,-0.23227842152118683,-0.3471311628818512,-0.1177804172039032,-0.08760800957679749,0.08672893047332764,-0.14010284841060638,-0.24684549868106842,-0.9582603573799133,-0.04037996008992195,1.970735788345337,2.023658514022827,0.6672117114067078,-0.009881260804831982,0.08368275314569473,0.02363673225045204,0.4928627610206604,1.1301546096801758,1.5401273965835571,2.3745903968811035,1.9018279314041138,2.2466533184051514,1.5744456052780151,1.2454185485839844,1.6172494888305664,1.8956689834594727,1.7267000675201416,-0.61965012550354,-1.8014936447143555,-1.4820736646652222,-0.0026156737003475428,2.2945785522460938,1.4879473447799683,0.46723443269729614,1.5165904760360718
2.3130500316619873,2.313217878341675,2.343790292739868,2.2309892177581787,1.8986684083938599,1.7377111911773682,1.2561984062194824,0.059144094586372375,-0.4143073558807373,0.34592723846435547,0.6343405842781067,0.6386831402778625,0.48590466380119324,0.0798429325222969,-0.36468619108200073,-0.6382494568824768,-0.05494173243641853,2.006004810333252,3.0843143463134766,2.894951105117798,2.1955831050872803,0.6668129563331604,0.5681428909301758,1.0996813774108887,0.8569433093070984,0.1256731003522873,0.1543971747159958,1.386501669883728,2.1239113807678223,3.504152774810791,1.846184253692627,0.5829593539237976,0.8244404792785645,0.8227555155754089,1.1311062574386597,0.5060791373252869,-0.10166122019290924,0.4531068205833435,1.9115500450134277,2.340519905090332,1.7522900104522705,0.7930819392204285,2.053046226501465
2.453961133956909,2.4030439853668213,2.4773268699645996,2.348005533218384,2.300554037094116,1.8309168815612793,1.6199218034744263,0.7797616124153137,0.2930029034614563,1.2687407732009888,1.5240483283996582,1.10446298122406,0.5219467282295227,0.14877283573150635,0.2310526967048645,-0.33195266127586365,1.5186885595321655,2.9553067684173584,3.66117787361145,3.7241103649139404,3.3377370834350586,2.1856603622436523,1.4548357725143433,1.269483208656311,1.4395877122879028,0.11333213746547699,-0.490064799785614,0.3826894462108612,1.7125678062438965,2.884382963180542,1.171690583229065,0.8458176851272583,1.188847541809082,0.3688533306121826,0.7501961588859558,2.0509214401245117,2.645197868347168,3.15494966506958,3.438314914703369,2.551814556121826,1.7498009204864502,1.1859991550445557,2.68528413772583
2.4482014179229736,2.4070346355438232,2.483640193939209,2.4895143508911133,2.5093772411346436,1.2387630939483643,2.2138702869415283,2.073411703109741,2.150677442550659,2.6276485919952393,2.0447607040405273,0.9515011310577393,0.4577414393424988,0.5781237483024597,0.8927331566810608,0.6637588739395142,2.1417770385742188,3.041731119155884,3.7695281505584717,3.217027425765991,3.0271193981170654,2.203249931335449,1.9587171077728271,0.870136559009552,1.261344075202942,0.9131770730018616,0.10317949205636978,0.200550377368927,0.5152164101600647,1.3469258546829224,0.8482958674430847,1.326886534690857,2.085897445678711,0.7056730389595032,1.154136300086975,2.665008068084717,2.9065065383911133,2.7651078701019287,2.807896375656128,2.1437346935272217,1.6080281734466553,1.324217438697815,2.1906840801239014
