demo/latest.json
{"header": {"discipline":0,"disciplineName":"Meteorological products","gribEdition":2,"gribLength":74233,"center":7,"centerName":"US National Weather Service - NCEP(WMC)","subcenter":0,"refTime":"2020-09-27T06:00:00.000Z","significanceOfRT":1,"significanceOfRTName":"Start of forecast","productStatus":0,"productStatusName":"Operational products","productType":1,"productTypeName":"Forecast products","productDefinitionTemplate":0,"productDefinitionTemplateName":"Analysis/forecast at horizontal level/layer at a point in time","parameterCategory":3,"parameterCategoryName":"Mass","parameterNumber":0,"parameterNumberName":"Pressure","parameterUnit":"Pa","genProcessType":2,"genProcessTypeName":"Forecast","forecastTime":0,"surface1Type":1,"surface1TypeName":"Ground or water surface","surface1Value":0.0,"surface2Type":255,"surface2TypeName":"Missing","surface2Value":0.0,"gridDefinitionTemplate":0,"gridDefinitionTemplateName":"Latitude_Longitude","numberPoints":65160,"shape":6,"shapeName":"Earth spherical with radius of 6,371,229.0 m","gridUnits":"degrees","resolution":48,"winds":"true","scanMode":0,"nx":360,"ny":181,"basicAngle":0,"lo1":0.0,"la1":90.0,"lo2":359.0,"la2":-90.0,"dx":1.0,"dy":1.0}, "data":
[rows 0 to 25 of 181, columns 59 to 117 of 360]
98846.016,98846.016,98846.016,98846.016,98846.016,98846.016,98846.016,98846.016,98846.016,98846.016,98846.016,98846.016,98846.016,98846.016,98846.016,98846.016,98846.016,98846.016,98846.016,98846.016,98846.016,98846.016,98846.016,98846.016,98846.016,98846.016,98846.016,98846.016,98846.016,98846.016,98846.016,98846.016,98846.016,98846.016,98846.016,98846.016,98846.016,98846.016,98846.016,98846.016,98846.016,98846.016,98846.016,98846.016,98846.016,98846.016,98846.016,98846.016,98846.016,98846.016,98846.016,98846.016,98846.016,98846.016,98846.016,98846.016,98846.016,98846.016,98846.016
98873.21,98868.414,98862.016,98857.21,98850.81,98846.016,98839.61,98833.21,98826.81,98822.016,98815.61,98809.21,98802.81,98798.016,98791.61,98786.81,98780.414,98774.016,98769.21,98761.21,98756.414,98750.016,98743.61,98737.21,98730.81,98726.016,98719.61,98714.81,98708.414,98703.61,98697.21,98690.81,98686.016,98679.61,98674.81,98668.414,98662.016,98657.21,98652.414,98646.016,98641.21,98636.414,98630.016,98625.21,98618.81,98614.016,98609.21,98604.414,98599.61,98594.81,98590.016,98585.21,98580.414,98575.61,98570.81,98566.016,98561.21,98556.414,98553.21
98970.81,98959.61,98950.016,98938.81,98929.21,98919.61,98908.414,98897.21,98889.21,98878.016,98866.81,98857.21,98846.016,98836.414,98825.21,98814.016,98804.414,98793.21,98782.016,98770.81,98759.61,98750.016,98738.81,98727.61,98716.414,98706.81,98695.61,98684.414,98673.21,98662.016,98652.414,98641.21,98630.016,98620.414,98609.21,98598.016,98588.414,98578.81,98569.21,98558.016,98546.81,98537.21,98527.61,98518.016,98508.414,98497.21,98487.61,98478.016,98468.414,98460.414,98450.81,98441.21,98433.21,98423.61,98415.61,98406.016,98398.016,98388.414,98380.414
99119.61,99106.81,99090.81,99076.414,99060.414,99046.016,99030.016,99015.61,98999.61,98983.61,98967.61,98953.21,98935.61,98921.21,98905.21,98890.81,98876.414,98862.016,98847.61,98833.21,98818.81,98804.414,98790.016,98775.61,98761.21,98746.81,98730.81,98718.016,98702.016,98689.21,98673.21,98660.414,98646.016,98631.61,98617.21,98604.414,98590.016,98575.61,98561.21,98548.414,98534.016,98522.81,98508.414,98495.61,98482.81,98471.61,98458.81,98447.61,98434.81,98425.21,98412.414,98401.21,98390.016,98378.81,98369.21,98358.016,98348.414,98337.21,98327.61
99286.016,99270.016,99252.414,99234.81,99215.61,99196.414,99177.21,99158.016,99138.81,99118.016,99098.81,99078.016,99058.81,99039.61,99020.414,98999.61,98980.414,98961.21,98942.016,98922.81,98903.61,98884.414,98865.21,98847.61,98830.016,98812.414,98796.414,98778.81,98762.81,98745.21,98729.21,98713.21,98697.21,98682.81,98666.81,98654.016,98638.016,98625.21,98610.81,98598.016,98585.21,98572.414,98559.61,98548.414,98537.21,98526.016,98516.414,98506.81,98497.21,98487.61,98479.61,98471.61,98463.61,98455.61,98449.21,98442.81,98434.81,98430.016,98423.61
99441.21,99422.016,99401.21,99380.414,99359.61,99338.81,99318.016,99297.21,99276.414,99254.016,99230.016,99207.61,99183.61,99159.61,99134.016,99110.016,99086.016,99063.61,99041.21,99017.21,98994.81,98970.81,98946.81,98922.81,98900.414,98878.016,98857.21,98836.414,98817.21,98798.016,98780.414,98762.81,98746.81,98732.414,98716.414,98703.61,98689.21,98678.016,98663.61,98652.414,98641.21,98631.61,98620.414,98610.81,98601.21,98593.21,98585.21,98577.21,98569.21,98562.81,98556.414,98550.016,98546.81,98542.016,98540.414,98537.21,98535.61,98532.414,98529.21
99646.016,99622.016,99594.81,99569.21,99543.61,99516.414,99489.21,99463.61,99436.414,99409.21,99383.61,99354.81,99326.016,99298.81,99270.016,99239.61,99210.81,99180.414,99150.016,99118.016,99089.21,99058.81,99028.414,99001.21,98974.016,98948.414,98922.81,98898.81,98876.414,98855.61,98836.414,98817.21,98799.61,98782.016,98762.81,98746.81,98730.81,98714.81,98700.414,98682.81,98668.414,98654.016,98639.61,98623.61,98617.21,98612.414,98610.81,98612.414,98612.414,98612.414,98614.016,98612.414,98610.81,98609.21,98606.016,98602.81,98596.414,98590.016,98585.21
99878.016,99847.61,99815.61,99785.21,99753.21,99719.61,99690.81,99660.414,99631.61,99602.81,99570.81,99540.414,99511.61,99478.016,99442.81,99406.016,99369.21,99334.016,99297.21,99262.016,99225.21,99190.016,99156.414,99122.81,99090.81,99057.21,99025.21,98996.414,98967.61,98938.81,98916.414,98894.016,98873.21,98850.81,98836.414,98828.414,98825.21,98820.414,98814.016,98806.016,98796.414,98788.414,98783.61,98778.81,98777.21,98775.61,98775.61,98775.61,98774.016,98770.81,98767.61,98761.21,98753.21,98743.61,98732.414,98716.414,98698.81,98682.81,98663.61
100110.016,100092.414,100057.21,100022.016,99985.21,99948.414,99911.61,99874.81,99839.61,99802.81,99767.61,99729.21,99692.414,99654.016,99615.61,99577.21,99538.81,99498.81,99460.414,99422.016,99383.61,99346.81,99306.81,99270.016,99230.016,99193.21,99156.414,99118.016,99082.81,99060.414,99046.016,99026.81,99006.016,98980.414,98956.414,98927.61,98900.414,98876.414,98860.414,98849.21,98842.81,98839.61,98839.61,98842.81,98847.61,98850.81,98858.81,98865.21,98871.61,98876.414,98881.21,98882.81,98878.016,98870.016,98855.61,98838.016,98815.61,98793.21,98769.21
99692.414,100295.61,100188.414,100190.016,100062.016,99082.81,99113.21,100004.414,100038.016,100009.21,99966.016,99929.21,99886.016,99842.81,99801.21,99758.016,99713.21,99668.414,99623.61,99578.81,99516.414,99458.81,99460.414,99423.61,99382.016,99337.21,99294.016,99263.61,99238.016,99217.21,99196.414,99132.414,98740.414,99148.414,99095.61,98937.21,98530.81,98473.21,98991.61,99034.81,99014.016,98994.81,98988.414,98990.016,98990.016,98991.61,98994.81,98996.414,98998.016,98999.61,98999.61,99002.81,99002.81,98993.21,98980.414,98959.61,98935.61,98910.016,98886.016
100518.016,100500.414,100474.81,100444.414,100414.016,100382.016,100343.61,100305.21,100265.21,100222.016,100180.414,100140.414,100097.21,100050.81,100004.414,99956.414,99910.016,99865.21,99820.414,99777.21,99735.61,99695.61,99658.81,99620.414,99582.016,99542.016,99505.21,99470.016,99434.81,99406.016,99380.414,99358.016,99169.21,98654.016,98338.81,98682.81,97990.016,97234.81,94740.414,97322.81,98535.61,99042.81,99209.21,99209.21,99202.81,99193.21,99180.414,99169.21,99159.61,99150.016,99143.61,99132.414,99118.016,99098.81,99076.414,99057.21,99025.21,99001.21,98985.21
100713.21,100682.81,100650.81,100617.21,100583.61,100550.016,100516.414,100481.21,100446.016,100409.21,100370.81,100334.016,100297.21,100255.61,100214.016,100169.21,100124.414,100078.016,100031.61,99988.414,99945.21,99903.61,99865.21,99826.81,99790.016,99754.81,99719.61,99686.016,99652.414,99620.414,99591.61,99564.414,99540.414,99518.016,99497.21,99486.016,99255.61,98610.81,98583.61,96321.21,92546.81,97959.61,98393.21,95881.21,97105.21,97318.016,99218.81,99257.21,99239.61,99217.21,99190.016,99162.81,99140.414,99118.016,99092.414,99079.61,99073.21,99070.016,99070.016
100908.414,100878.016,100844.414,100807.61,100772.414,100737.21,100705.21,100670.016,100638.016,100602.81,100569.21,100534.016,100495.61,100455.61,100415.61,100370.81,100324.414,100276.414,100226.81,100177.21,100130.81,100087.61,100047.61,100007.61,99967.61,99927.61,99889.21,99850.81,99812.414,99774.016,99738.81,99705.21,99671.61,99638.016,99610.81,99583.61,99550.016,99513.21,99478.016,99438.016,99391.61,99095.61,99220.414,99260.414,99241.21,99241.21,99231.61,99212.414,99186.81,99167.61,99151.61,99140.414,99132.414,99127.61,99126.016,99126.016,99130.81,99137.21,99142.016
101092.414,101065.21,101033.21,100998.016,100961.21,100924.414,100894.016,100858.81,100375.61,99977.21,100703.61,100706.81,100666.81,100623.61,100577.21,100526.016,100478.016,100430.016,100380.414,100332.414,100287.61,100242.81,100196.414,100153.21,100110.016,100066.81,100025.21,99983.61,99940.414,99895.61,99846.016,99802.81,99766.016,99727.61,99686.016,99642.81,99598.016,99542.016,99506.81,99458.81,99410.81,99364.414,99279.61,98594.81,97759.61,98287.61,98679.61,98444.414,98550.016,99121.21,99118.016,99103.61,99094.016,99084.414,99084.414,99094.016,99110.016,99129.21,99148.414
101126.016,100607.61,97710.016,93695.61,93494.016,93628.414,94913.21,98583.61,100606.016,100919.61,100876.414,100838.016,100801.21,100761.21,100719.61,100673.21,100625.21,100577.21,100532.414,100487.61,100441.21,100393.21,100343.61,100287.61,100241.21,100198.016,100148.414,100102.016,100057.21,100015.61,99972.414,99926.016,99876.414,99822.016,99734.016,98966.016,97900.414,98906.81,99202.81,98553.21,98386.81,99073.21,98738.81,98102.016,97652.414,96396.414,95484.414,95497.21,94270.016,92708.414,93215.61,93950.016,95743.61,97930.81,98703.61,99063.61,99127.61,99159.61,99191.61
94332.414,98177.21,101041.21,101230.016,101214.016,101196.414,101175.61,101140.414,101105.21,101063.61,101023.61,100986.81,100946.81,100903.61,100860.414,100820.414,100774.016,100724.414,100674.81,100628.414,100575.61,100524.414,100474.81,100425.21,100377.21,100330.81,100284.414,100231.61,100138.81,99655.61,98830.016,98482.81,97444.414,96764.414,96590.016,96561.21,97519.61,98018.81,98039.61,97233.21,97215.61,98207.61,97082.81,95625.21,95729.21,97876.414,97255.61,97506.81,97226.81,96700.414,96148.414,96031.61,96529.21,97862.016,98815.61,99082.81,99124.414,99180.414,99228.414
101294.016,101298.81,101295.61,101284.414,101266.81,101244.414,101218.81,101186.81,101154.81,101129.21,101098.81,101063.61,101030.016,100988.414,100942.016,100900.414,100858.81,100817.21,100780.414,100742.016,100700.414,100657.21,100614.016,100570.81,100524.414,100454.016,100438.016,100385.21,100241.21,99922.81,98570.81,98150.016,98137.21,98558.016,97519.61,96714.81,95737.21,95588.414,98084.414,98393.21,97929.21,97786.81,97948.414,97740.414,97370.81,97422.016,97090.81,97630.016,97330.81,97390.016,98366.016,98550.016,98778.81,98863.61,98897.21,99028.414,99116.414,99185.21,99254.016
101367.61,101356.414,101354.81,101335.61,101310.016,101286.016,101258.81,101226.81,101194.81,101164.414,101129.21,101082.81,101044.414,101046.016,101023.61,100985.21,100946.81,100914.81,100894.016,100873.21,100826.81,100818.81,100031.61,97862.016,97796.414,98756.414,99561.21,99554.81,99866.81,100020.414,99439.61,99530.81,99702.016,99028.414,99039.61,98882.81,99260.414,98930.81,98346.81,98257.21,97954.81,97878.016,97606.016,97890.81,97697.21,97911.61,98028.414,98417.21,98154.81,98031.61,98292.414,98407.61,98489.21,98527.61,98572.414,98881.21,98930.81,98767.61,98465.21
101438.016,101422.016,101398.016,101356.414,101327.61,101316.414,101284.414,101247.61,101226.81,101206.016,100991.61,100774.016,100863.61,100865.21,101129.21,101100.414,100943.61,101044.414,100950.016,100964.414,100769.21,100785.21,100940.414,100935.61,100295.61,100214.016,100412.414,100042.81,100002.81,100015.61,100137.21,100105.21,99487.61,99676.414,99457.21,99078.016,98980.414,99316.414,98655.61,98471.61,98514.81,98178.81,98050.81,98522.81,98394.81,97308.414,97305.21,95553.21,95351.61,95180.414,95850.81,96894.016,98230.016,97574.016,97559.61,98263.61,98244.414,98372.414,98449.21
101556.414,101522.81,101494.016,101422.016,101370.81,101322.81,101276.414,101231.61,101076.414,100982.016,100834.81,100590.016,100729.21,101034.81,101161.21,100852.414,100836.414,100972.414,100998.016,101113.21,100929.21,100751.61,100554.81,100783.61,101065.21,99945.21,100273.21,100017.21,99753.21,99986.81,99889.21,100116.414,100036.414,100054.016,99878.016,99881.21,99841.21,99655.61,99407.61,99311.61,98956.414,98575.61,98028.414,95706.81,95463.61,94710.016,94199.61,94036.414,94556.414,93535.61,93306.81,93554.81,94775.61,97110.016,97513.21,97934.016,97633.21,98052.414,98138.81
101105.21,101103.61,101558.016,101502.016,101433.21,101375.61,101311.61,101246.016,101113.21,100754.81,100788.414,100705.21,100870.016,101076.414,101234.81,100951.61,100762.81,100809.21,100647.61,100798.016,101031.61,100666.81,100926.016,100983.61,101145.21,100826.81,100599.61,100671.61,99882.81,100356.414,97326.016,94335.61,92897.21,90065.21,90190.016,91265.21,93660.414,94452.414,93025.21,92774.016,93089.21,94668.414,95874.81,94991.61,96265.21,95239.61,94542.016,92748.414,93218.81,92374.016,90702.016,92756.414,95550.016,97551.61,97750.016,97991.61,97879.61,98132.414,97879.61
101663.61,101625.21,101236.414,99220.414,98785.21,100626.81,100330.81,100894.016,101327.61,101329.21,101172.414,101082.81,100890.81,101097.21,101367.61,101327.61,101388.414,101343.61,101369.21,100970.81,100623.61,100754.81,100881.21,100524.414,100582.016,100804.414,100553.21,100810.81,100015.61,96561.21,99601.21,95169.21,94782.016,91390.016,88542.016,89650.81,86671.61,87058.81,88734.016,88513.21,91095.61,94068.414,95073.21,95983.61,96522.81,97326.016,96673.21,96009.21,95985.21,95775.61,95441.21,95705.21,96119.61,96508.414,96863.61,97306.81,97396.414,97641.21,97374.016
100068.414,100825.21,99794.81,99714.81,100438.016,99014.016,98686.016,95465.21,98100.414,100834.81,101100.414,100959.61,101089.21,101094.016,101385.21,101607.61,101329.21,101330.81,101455.61,101481.21,101223.61,101081.21,101009.21,100562.81,100882.81,100615.61,100063.61,100577.21,100226.81,100572.414,98967.61,95089.21,94086.016,94372.414,92519.61,90921.21,90370.81,90974.016,90628.414,90855.61,92806.016,92274.81,95898.81,97433.21,96849.21,95910.016,96060.414,95881.21,96218.81,96300.414,96420.414,96034.81,95836.414,96702.016,95900.414,96631.61,96982.016,97791.61,97799.61
100455.61,100327.61,100479.61,100473.21,100246.016,100180.414,97497.21,96700.414,99511.61,101215.61,101353.21,101348.414,101446.016,101665.21,101713.21,101436.414,101025.21,101140.414,101500.414,101566.016,101137.21,101521.21,101641.21,101369.21,100966.016,100796.414,100911.61,100842.81,100726.016,99778.81,99497.21,98772.414,96785.21,94401.21,94404.414,93100.414,92474.81,94174.016,91046.016,92246.016,91910.016,93404.414,95177.21,93866.81,94537.21,94860.414,94524.414,93990.016,95186.81,95401.21,95775.61,96463.61,95614.016,95188.414,95969.21,95033.21,95468.414,95945.21,96161.21
100423.61,101218.81,100182.016,99662.016,96455.61,101094.016,101252.414,101654.016,101633.21,101476.414,101404.414,101204.414,101362.81,101671.61,101463.61,101073.21,101046.016,100836.414,101351.61,101626.81,101268.414,101286.016,101510.016,101550.016,101449.21,101100.414,101054.016,101215.61,101330.81,100873.21,98652.414,97122.81,97673.21,97170.81,96038.016,93759.61,94270.016,94318.016,92505.21,94551.61,94548.414,94689.21,94148.414,93401.21,93548.414,94783.61,94447.61,94134.016,93994.81,93652.414,92335.61,92401.21,93270.016,94254.016,94815.61,95234.81,96183.61,96142.016,96481.21
97234.81,91121.21,94263.61,99702.016,100505.21,101274.81,101882.81,101769.21,101622.016,101322.81,101330.81,101230.016,101281.21,101430.016,101569.21,101526.016,101257.21,101153.21,101628.414,101666.81,101486.016,101657.21,101737.21,101594.81,101334.016,100788.414,100631.61,100900.414,101433.21,100822.016,97434.81,96902.016,96559.61,95441.21,97087.61,97558.016,95202.81,95818.81,94297.21,94004.414,95394.81,94868.414,95196.414,96028.414,95190.016,93825.21,94898.81,94158.016,95282.81,95058.81,95502.016,95054.016,94305.21,95375.61,94490.81,95972.414,96551.61,97018.81,97646.016
