demo/latest.json
{"header": {"discipline":0,"disciplineName":"Meteorological products","gribEdition":2,"gribLength":78196,"center":7,"centerName":"US National Weather Service - NCEP(WMC)","subcenter":0,"refTime":"2020-09-27T06:00:00.000Z","significanceOfRT":1,"significanceOfRTName":"Start of forecast","productStatus":0,"productStatusName":"Operational products","productType":1,"productTypeName":"Forecast products","productDefinitionTemplate":0,"productDefinitionTemplateName":"Analysis/forecast at horizontal level/layer at a point in time","parameterCategory":2,"parameterCategoryName":"Momentum","parameterNumber":3,"parameterNumberName":"V-component_of_wind","parameterUnit":"m.s-1","genProcessType":2,"genProcessTypeName":"Forecast","forecastTime":0,"surface1Type":103,"surface1TypeName":"Specified height level above ground","surface1Value":10.0,"surface2Type":255,"surface2TypeName":"Missing","surface2Value":0.0,"gridDefinitionTemplate":0,"gridDefinitionTemplateName":"Latitude_Longitude","numberPoints":65160,"shape":6,"shapeName":"Earth spherical with radius of 6,371,229.0 m","gridUnits":"degrees","resolution":48,"winds":"true","scanMode":0,"nx":360,"ny":181,"basicAngle":0,"lo1":0.0,"la1":90.0,"lo2":359.0,"la2":-90.0,"dx":1.0,"dy":1.0}, "data":
[rows 104 to 129 of 181, columns 232 to 289 of 360]
1.2499536,-0.040046386,1.0899537,2.4999535,2.1999536,2.3799536,1.8899536,1.1799536,1.0099536,0.07995361,0.67995363,0.6299536,1.3799536,2.5599537,2.0199537,1.7399536,1.9099536,1.5499536,2.3999536,2.3899536,2.2199535,2.4499536,2.7499535,3.2799537,3.3499537,3.5499537,2.7599535,3.3499537,3.1499536,2.9999535,3.4299536,3.4899535,3.9399536,3.9599535,3.9299536,4.0599537,4.3899536,4.2199535,4.3299537,4.7799535,5.229954,5.5899534,5.6199536,5.8399534,5.1599536,4.5399537,5.1299534,5.6999536,6.8599534,7.6999536,7.979954,8.729954,-0.7800464,0.18995361,0.11995361,-0.9300464,-1.2900463,-0.4500464
1.8799536,1.5599536,2.0999537,2.3199537,2.4199536,1.9099536,1.0199536,0.2999536,0.029953614,-0.34004638,-0.88004637,0.17995362,1.4999536,1.4799536,0.8799536,0.5699536,0.9099536,0.80995363,1.1599536,0.5099536,1.8099536,2.0599537,2.7199535,2.6999536,2.2499535,2.7799537,3.1499536,3.0699537,2.8599536,3.1799536,3.4499536,3.5499537,3.1899536,3.6899536,4.0699534,4.3099537,4.2899537,4.4299536,4.1599536,4.3799534,4.5899534,4.7499537,4.8499537,5.3099537,5.8499537,5.1099534,4.8899536,5.0999537,5.669954,6.2499537,6.919954,7.4899535,6.9099536,2.2799537,-0.4500464,-0.43004638,1.7699536,2.1099536
1.4399536,2.5399537,2.0999537,3.1199536,1.8299537,1.2999536,1.1799536,0.14995362,-0.5300464,-0.5000464,0.13995361,0.2699536,0.21995361,1.0199536,0.9099536,0.3299536,0.099953614,-0.050046388,0.5399536,1.1899536,0.54995364,1.7299536,1.6299536,2.7899537,2.3399537,1.6599536,2.1199536,2.2699537,2.6499536,2.9999535,2.9599535,3.4599535,2.5599537,3.3299537,3.8899536,3.8299537,3.5199537,3.7499535,4.1199536,4.1799536,4.1999536,4.2699537,4.709954,4.7399535,5.4099536,5.649954,5.0399537,4.979954,5.4899535,5.939954,6.5799537,6.6799536,6.3299537,5.5099535,1.9799536,-0.18004638,-1.0000464,0.6499536
1.3199536,2.3099537,2.5999537,2.2599535,2.0299537,1.9199536,2.2499535,0.3899536,-1.0200464,-0.4700464,-0.1500464,-0.14004639,0.2799536,-0.040046386,0.5899536,0.9799536,0.34995362,0.7499536,0.2999536,0.61995363,0.24995361,0.16995361,1.1499536,1.5699536,1.9399536,1.7799536,1.6299536,1.8699536,1.9399536,2.0599537,2.4699535,2.2999537,2.8099537,2.8899536,3.1499536,3.2399535,3.4599535,3.7799537,3.5599537,3.8399537,4.209954,4.3099537,3.9799535,4.5499535,4.479954,5.0199537,5.5799537,5.8699536,5.209954,5.5499535,6.2499537,6.669954,6.3599534,5.479954,5.3799534,4.8199534,1.9499536,-0.6800464
0.8399536,1.0599536,1.6399536,1.9399536,1.6699536,1.7499536,1.9199536,1.1799536,1.0399536,0.12995361,0.5099536,0.6999536,0.9199536,0.11995361,0.49995363,-0.2900464,0.5699536,-0.4500464,-0.3200464,0.6699536,0.43995363,0.6699536,1.9599537,1.4399536,0.5999536,1.6599536,1.2699536,1.9299536,2.0699537,1.7599536,1.9799536,2.2999537,2.0799537,2.5899537,2.4899535,3.1799536,3.8599536,3.7099535,3.4799535,3.6699536,4.209954,4.2999535,4.689954,4.5899534,4.7699537,4.7999535,5.1399536,5.169954,5.2899537,5.169954,5.229954,5.649954,5.9999537,6.419954,5.1199536,4.1999536,3.3399537,2.4199536
-0.27004638,1.2999536,1.9499536,0.8999536,2.1899536,0.6599536,0.80995363,2.1199536,0.9099536,0.9499536,1.1799536,0.6699536,0.61995363,1.8199536,0.5799536,-0.28004637,1.2999536,0.059953615,0.4599536,1.0499536,0.79995364,1.0599536,1.1599536,0.9599536,1.5799537,1.0799537,1.5899537,1.2499536,1.9699537,1.7199537,1.8699536,1.7499536,1.4599537,2.5999537,2.6999536,2.9299536,3.3499537,3.6599536,4.149954,4.3599534,4.0399537,4.229954,4.4699535,4.649954,4.979954,4.9999537,4.9899535,5.169954,4.7599535,5.0099535,4.8399534,5.0799537,5.209954,5.5399537,6.1299534,5.0499535,3.4799535,2.4099536
-1.6400464,-0.9800464,0.7299536,0.79995364,1.0499536,0.5099536,0.11995361,0.3699536,0.049953613,0.7699536,0.85995364,0.37995362,0.7099536,-0.020046387,0.9099536,0.8799536,1.3299537,2.0699537,1.6099536,1.3299537,0.6899536,0.4599536,0.7199536,0.8799536,0.9199536,0.8199536,0.7699536,0.7499536,1.5699536,2.2099535,1.1299536,1.5499536,1.7499536,2.2099535,2.2299535,2.8399537,3.2799537,3.8999536,4.1599536,4.4299536,4.0299535,4.3099537,4.6199536,4.6199536,4.8899536,4.7799535,4.9099536,5.0899534,5.5799537,4.8899536,4.8899536,5.2499537,5.2399535,5.1999536,5.209954,6.229954,4.5599537,4.3799534
-3.0900464,-1.6600463,-1.1400464,-0.4100464,-0.040046386,-0.28004637,0.5699536,-4.6386718E-5,0.3699536,0.15995361,0.24995361,-0.4200464,-0.5300464,0.2399536,-0.34004638,0.7299536,0.19995362,0.5299536,1.6499536,1.6199536,0.6499536,1.2299536,0.61995363,0.54995364,1.1899536,1.7899536,0.9199536,0.86995363,0.7299536,0.7599536,0.9199536,0.2399536,1.6599536,1.7199537,2.2899537,2.5599537,2.5999537,3.0499537,3.1299536,3.8599536,4.3199534,4.8699536,4.5599537,4.3299537,4.7199535,4.9499536,5.0999537,5.3299537,5.1199536,5.3399534,5.649954,5.3799534,5.3199534,5.7399535,6.3599534,5.6399536,5.0699534,3.7399535
-5.0700464,-3.9700463,-2.9700463,-2.0500464,-1.8800464,-1.0200464,-0.69004637,-0.7300464,-0.040046386,0.6399536,-4.6386718E-5,-0.17004639,-0.5300464,-0.010046387,-0.6600464,0.49995363,-0.07004639,0.37995362,1.8199536,1.2399536,0.7599536,1.2699536,1.0799537,0.5299536,0.6999536,0.5799536,1.2499536,1.5199536,1.1299536,1.4199536,1.8299537,1.2799536,1.2199537,1.7999536,2.6099536,3.0599537,3.5999537,3.0899537,3.7399535,4.1099534,4.459954,4.6199536,4.9699535,4.5299535,4.709954,5.3699536,5.0299535,5.4299536,5.9099536,6.0299535,6.229954,6.2599535,6.0499535,6.3199534,6.4499536,6.479954,6.459954,4.959954
-5.810046,-5.4600463,-4.6200466,-3.3900464,-2.8600464,-3.0400465,-2.7400465,-1.5800464,-1.1400464,-0.28004637,-0.22004639,0.47995362,-0.69004637,-0.9800464,-0.3800464,-0.3300464,-0.23004639,-0.57004637,0.86995363,-0.57004637,-0.3800464,0.12995361,0.3899536,0.19995362,0.47995362,1.7699536,1.1299536,1.7299536,2.0299537,1.4499536,1.5999537,1.5599536,1.5699536,1.8399537,2.3599536,2.7799537,3.2099535,3.4499536,4.0799537,4.3699536,4.3399534,4.8599534,5.169954,4.8299537,4.8599534,5.5099535,5.9099536,6.0299535,6.0699534,6.149954,6.6299534,6.939954,7.3199534,7.0399537,7.4699535,7.149954,7.439954,6.5899534
-6.2600465,-6.0700464,-6.3800464,-5.4100466,-4.6800466,-4.3800464,-4.290046,-3.7100463,-2.9500463,-1.4200463,-0.8100464,-0.37004638,-0.16004638,-0.76004636,-1.3000464,-1.5200464,-1.6300464,-0.9800464,-0.080046386,1.4599537,1.9399536,-0.120046385,-0.16004638,-0.4800464,0.8799536,0.6399536,1.0199536,1.5799537,0.9199536,1.7099537,0.12995361,0.86995363,1.7499536,1.9499536,1.4699537,1.9099536,3.0499537,3.7699537,4.3199534,4.5399537,5.1599536,4.8899536,4.7899537,4.8499537,5.399954,5.4499536,5.6199536,5.8799534,6.5299535,6.8499537,6.8399534,7.229954,7.6799536,8.339953,8.209953,8.429954,8.069954,7.2899537
-6.8700466,-7.0900464,-6.7300463,-6.5500464,-6.2000465,-5.4100466,-5.2800465,-4.7400465,-4.1800466,-3.0600464,-2.9600463,-1.2000464,-1.0300463,-1.6100464,-0.9600464,-2.4500463,-1.9400464,-0.6800464,-0.88004637,-0.050046388,1.4299536,1.6599536,0.12995361,-0.10004639,-0.3600464,-1.0300463,0.92995363,1.5499536,-0.09004638,-0.24004638,0.3599536,1.0399536,1.3499537,1.8899536,2.4599535,3.2199535,3.3299537,2.8699536,3.4799535,4.729954,4.8599534,5.169954,5.0099535,5.6199536,5.4299536,6.3599534,6.439954,6.669954,6.8899536,7.0599537,7.7399535,7.649954,8.059954,8.249953,9.119953,8.949954,8.689954,8.369953
-8.040047,-7.9600463,-7.330046,-7.2600465,-6.5700464,-6.290046,-6.2800465,-5.9100466,-5.3200464,-4.790046,-3.3500464,-2.6800463,-2.4200463,-1.6300464,-0.9700464,-0.6500464,-2.1400464,-1.4200463,-1.0400463,-0.24004638,0.49995363,1.8899536,2.5599537,-0.34004638,-0.8300464,-1.1400464,-0.3600464,1.5399536,0.24995361,-0.30004638,-1.0600464,-0.76004636,0.5999536,2.0199537,2.2099535,2.0399537,1.9999536,2.4199536,3.5199537,4.0099535,5.0299535,5.4499536,5.9999537,6.939954,5.939954,6.3899536,6.7399535,7.5399537,7.5499535,7.4299536,7.4299536,8.419953,8.919953,8.789953,8.729954,9.449954,8.719954,7.5499535
-8.270046,-9.050046,-8.620047,-8.340046,-7.5300465,-7.1100464,-6.770046,-7.020046,-6.6300464,-6.3600464,-5.060046,-3.6400464,-2.9000463,-2.2800465,-2.3600464,-2.1600463,-1.4200463,-1.6400464,-1.3500464,-0.6000464,0.15995361,0.61995363,0.61995363,0.8799536,-0.4700464,-0.2900464,-0.19004638,1.4299536,0.61995363,-0.040046386,-1.4300464,-0.8700464,0.009953613,0.7299536,1.5599536,1.1499536,1.5899537,1.6799536,2.3799536,4.0299535,4.2799535,4.939954,5.7399535,6.6599536,7.1199536,6.9299536,6.6199536,6.459954,6.9999537,7.3899536,7.6999536,8.039953,8.799953,9.219954,9.239954,9.299953,9.449954,4.419954
-9.080047,-9.610046,-10.210047,-9.540047,-9.110046,-8.360046,-7.4000463,-7.9800463,-7.600046,-6.9600463,-6.1800466,-5.1300464,-3.6900463,-3.4100463,-3.2800465,-3.3700464,-2.7600465,-2.3200464,-2.5200465,-0.8500464,-0.7200464,-0.46004638,-0.17004639,0.3099536,-0.7500464,-1.3200464,0.2999536,-0.3200464,0.06995361,-0.8300464,-0.20004639,-0.31004637,-0.9700464,-4.6386718E-5,0.5899536,1.8499537,1.4899536,1.6999536,2.7899537,3.4099536,4.0599537,4.7999535,5.649954,6.1399536,6.959954,6.7899537,6.7199535,6.7699537,6.9499536,7.8499537,8.539953,8.5099535,9.139954,9.319954,9.869953,9.809954,10.029954,-0.17004639
-7.7500463,-9.640046,-10.890046,-10.570046,-10.560046,-9.580047,-8.620047,-7.7500463,-8.330047,-8.230046,-7.0300465,-6.7100463,-5.6800466,-4.3200464,-3.0400465,-2.9000463,-3.3800464,-3.3900464,-3.2100463,-1.5900464,-0.94004637,-0.5000464,-1.1100464,-0.34004638,-0.040046386,-2.4900465,-1.6500463,-1.0100464,-1.2400464,-0.49004638,0.2799536,-0.10004639,-0.6500464,-0.49004638,0.4899536,-0.030046387,1.3499537,1.5599536,3.3899536,4.5599537,4.8499537,4.9499536,4.979954,5.6099534,6.419954,6.1999536,7.5499535,6.919954,7.5599537,7.0099535,8.239954,8.369953,9.099954,9.459953,9.569954,10.089953,9.799953,0.7299536
-3.8900464,-8.300046,-10.170047,-11.970046,-11.030046,-11.010046,-10.050046,-9.180046,-9.030046,-8.500047,-8.120047,-6.7100463,-6.0100465,-4.3800464,-3.8100464,-3.7700465,-2.6600463,-1.3800464,-3.5100465,-3.3000464,-0.9600464,-1.7400464,-0.8600464,-0.07004639,-1.0600464,-2.0400465,-2.5600464,-2.2400465,-2.7400465,-2.2700465,-1.0700464,-0.1500464,-0.120046385,-0.9800464,-0.060046386,0.67995363,1.6699536,2.5699537,3.0899537,3.9599535,4.5399537,4.8499537,5.4499536,5.2199535,6.229954,6.5799537,6.8699536,6.899954,7.3199534,7.4999537,8.149954,8.669953,9.149954,9.389954,10.159954,10.669953,10.879953,-0.49004638
-6.0000463,-3.9000463,-8.920047,-9.860046,-11.750047,-12.430046,-11.870047,-10.410047,-9.900046,-9.660047,-8.540047,-7.2000465,-6.3600464,-6.580046,-6.1400466,-4.7500463,-3.8100464,-2.0400465,-2.7300463,-2.5600464,-1.3900464,-1.9500464,-2.4900465,-2.0100465,-1.1600463,-2.9600463,-3.1600463,-1.6400464,-2.1500463,-1.7700464,-0.7700464,-0.69004637,-0.43004638,-0.14004639,-0.7500464,0.059953615,0.24995361,1.6899536,2.2799537,3.4499536,3.8499537,4.7699537,4.939954,5.3399534,5.8699536,5.6799536,6.439954,7.2499537,6.6399536,7.2399535,7.8299537,8.479954,9.079953,9.799953,10.079953,10.729954,10.939954,-0.13004638
-6.6600466,-5.6600466,-5.770046,-9.090046,-11.160047,-11.030046,-11.330047,-11.300046,-9.220046,-10.410047,-9.410047,-7.4900465,-7.100046,-6.5500464,-6.2200465,-4.8900466,-4.2600465,-3.2900465,-3.5700464,-3.5200465,-3.1300464,-2.7400465,-3.0500464,-3.2700465,-3.1300464,-3.2100463,-3.4400463,-2.4700463,-4.0900464,-3.1500463,-1.3900464,-0.88004637,-0.6000464,-0.11004639,0.03995361,0.9699536,1.2999536,3.4299536,1.7199537,2.4899535,3.2999537,4.2199535,4.7199535,4.2399535,5.0499535,5.2599535,6.3599534,6.1399536,6.8499537,6.8699536,7.479954,8.599954,8.919953,9.529954,10.269954,10.639954,10.039953,1.2099537
-7.830046,-6.7500463,-5.2100463,-7.3700466,-9.610046,-10.180046,-8.810046,-8.110046,-10.890046,-8.720046,-7.7000465,-8.540047,-6.6900463,-5.8200464,-5.1800466,-4.9600463,-4.2500463,-3.8900464,-4.4200463,-4.520046,-4.4800463,-3.9000463,-4.4300466,-4.5000463,-3.4100463,-3.8600464,-4.7200465,-4.0100465,-3.4800463,-2.3800464,-1.4500464,-1.9500464,-1.6600463,-1.0500464,-0.21004638,-0.18004638,1.3099536,2.3799536,2.8099537,2.9999535,3.8199537,5.3299537,3.1399536,3.6999536,4.189954,5.1299534,5.649954,5.4499536,6.5699534,6.959954,7.3899536,7.9899535,8.649954,9.279954,10.219954,10.379953,10.119953,0.5199536
-6.3400464,-6.9200463,-6.0700464,-8.690046,-8.950047,-8.070046,-7.7000465,-9.670047,-13.7400465,-9.840046,-6.8800464,-7.5100465,-6.330046,-4.4300466,-5.2800465,-4.6500463,-4.2200465,-4.4800463,-5.2300463,-5.3600464,-5.2400465,-4.8700466,-4.9100466,-5.3400464,-4.4100466,-4.100046,-4.4000463,-5.9200463,-4.7200465,-3.1700463,-3.1200464,-2.4000463,-1.0000464,-1.5500464,-1.4100463,-0.69004637,-0.4100464,0.61995363,1.4799536,3.4599535,3.9999535,3.8499537,4.2999535,4.2899537,3.1699536,4.0399537,4.8799534,4.979954,5.3899536,5.5599537,7.0299535,7.6599536,8.709953,8.749953,9.339953,9.369953,5.5799537,0.34995362
-4.2100463,-5.5900464,-6.560046,-7.540046,-8.610046,-9.380047,-7.1100464,-5.8200464,-11.600046,-7.7200465,-5.7000465,-3.3200464,-3.3700464,-2.2200463,-1.7100464,-0.9100464,-2.3800464,-3.3300464,-4.6200466,-5.6500463,-6.060046,-5.9700465,-6.9400463,-6.4500465,-5.8900466,-5.6100464,-4.790046,-4.830046,-4.3600464,-4.3900466,-3.9300463,-1.4500464,-0.6600464,-1.0600464,-0.17004639,-0.6500464,-1.6500463,-2.5800464,-0.7800464,-0.060046386,1.7899536,3.1599536,3.7399535,4.5599537,4.7699537,4.1799536,4.149954,4.3299537,4.5999537,5.2799535,6.0499535,6.9899535,7.8199534,8.169953,8.729954,8.329953,1.1199536,0.19995362
-2.7300463,-3.6100464,-5.3700466,-6.5900464,-7.9300466,-7.5100465,-8.230046,-10.610046,-8.750047,-7.2500463,-3.9100463,-2.8100464,-1.8500464,-0.8500464,0.029953614,2.3799536,3.3699536,2.5399537,1.9999536,1.5499536,-2.7800465,-7.4900465,-7.4100466,-8.040047,-7.5700464,-7.7000465,-6.1100464,-4.9700465,-4.6200466,-4.0100465,-3.8200464,-2.7800465,-1.8500464,-0.9700464,-0.7200464,-1.4900464,-1.7600464,-0.3300464,1.9599537,-1.9100463,-1.6400464,0.5799536,2.6299536,3.5399537,3.7099535,4.979954,4.1999536,3.5499537,3.2099535,3.5999537,4.919954,5.0999537,5.5899534,7.5999537,7.9099536,6.439954,1.5899537,0.059953615
-0.95004636,-1.3400464,-1.1600463,-2.3400464,-3.2000463,-0.9800464,-2.3700464,-3.2800465,-4.7600465,-5.0900464,-4.1300464,-3.0800464,-1.5600464,-0.7100464,0.029953614,0.6399536,0.98995364,0.9699536,0.44995362,0.5699536,-0.24004638,-1.5200464,-5.5500464,-8.2400465,-7.3900466,-8.370047,-7.6500463,-6.6100464,-5.540046,-4.9200463,-3.6600463,-2.9000463,-2.3300464,-2.4400463,-0.5600464,1.9199536,-0.5200464,-0.9000464,-0.94004637,0.3099536,-0.82004637,-2.3000464,-0.4800464,1.9599537,3.1499536,3.7099535,2.2599535,4.399954,2.4599535,3.5399537,3.8899536,4.479954,4.7399535,5.7799535,7.4999537,0.5999536,2.0299537,-0.89004636
-0.3800464,-0.4500464,-1.2500464,-1.3700464,-1.1000464,-1.9500464,-2.0700464,-2.5300465,-4.790046,-5.1500463,-3.2400465,-2.3300464,-0.46004638,1.1499536,2.8399537,3.1999536,3.3999536,3.5799537,0.47995362,1.9899536,0.06995361,-1.0800464,1.2799536,-7.310046,-9.800046,-9.9900465,-10.170047,-9.010046,-6.6600466,-5.790046,-4.5700464,-2.9100463,-3.4900465,-3.5600464,-2.0100465,-0.63004637,0.92995363,1.9499536,1.4899536,-1.1200464,0.9399536,-1.5500464,-1.8500464,-1.1900464,0.79995364,1.9799536,2.4899535,3.3399537,4.5999537,4.7799535,3.7799537,4.6299534,5.2899537,5.5399537,5.229954,0.11995361,0.67995363,0.49995363
0.43995363,-1.0500464,-2.0100465,-1.7500464,-3.0400465,-2.7900465,-3.5200465,-3.2800465,-3.0900464,-2.7400465,-2.0500464,-1.1500463,0.049953613,0.9999536,2.8799536,2.8799536,3.7399535,3.0599537,2.6299536,2.8299537,2.2299535,0.009953613,-0.8500464,-2.1300464,-6.6900463,-10.410047,-11.460047,-10.120047,-8.660047,-6.4700465,-5.0300465,-3.9800463,-5.0900464,-4.330046,-2.7600465,-0.7200464,0.67995363,1.5599536,2.6999536,0.14995362,0.7099536,0.7099536,0.40995362,-3.9100463,-2.4100463,-0.7500464,0.7099536,1.9599537,3.5099535,4.3799534,3.5599537,3.1499536,2.8699536,4.4699535,4.689954,-0.10004639,-0.4200464,-2.1000464
