demo/latest.json
{"header": {"discipline":0,"disciplineName":"Meteorological products","gribEdition":2,"gribLength":78361,"center":7,"centerName":"US National Weather Service - NCEP(WMC)","subcenter":0,"refTime":"2020-09-27T06:00:00.000Z","significanceOfRT":1,"significanceOfRTName":"Start of forecast","productStatus":0,"productStatusName":"Operational products","productType":1,"productTypeName":"Forecast products","productDefinitionTemplate":0,"productDefinitionTemplateName":"Analysis/forecast at horizontal level/layer at a point in time","parameterCategory":2,"parameterCategoryName":"Momentum","parameterNumber":2,"parameterNumberName":"U-component_of_wind","parameterUnit":"m.s-1","genProcessType":2,"genProcessTypeName":"Forecast","forecastTime":0,"surface1Type":103,"surface1TypeName":"Specified height level above ground","surface1Value":10.0,"surface2Type":255,"surface2TypeName":"Missing","surface2Value":0.0,"gridDefinitionTemplate":0,"gridDefinitionTemplateName":"Latitude_Longitude","numberPoints":65160,"shape":6,"shapeName":"Earth spherical with radius of 6,371,229.0 m","gridUnits":"degrees","resolution":48,"winds":"true","scanMode":0,"nx":360,"ny":181,"basicAngle":0,"lo1":0.0,"la1":90.0,"lo2":359.0,"la2":-90.0,"dx":1.0,"dy":1.0}, "data":
[rows 0 to 24 of 181, columns 228 to 284 of 360]
-4.2191014,-4.0791016,-3.9391015,-3.7991016,-3.6591015,-3.5191016,-3.3691015,-3.2291017,-3.0791016,-2.9291015,-2.7791016,-2.6291015,-2.4791017,-2.3291016,-2.1791015,-2.0291016,-1.8691015,-1.7191015,-1.5691016,-1.4091016,-1.2591015,-1.0991015,-0.94910157,-0.78910154,-0.6291016,-0.47910157,-0.31910157,-0.15910156,-0.009101562,0.15089844,0.31089842,0.46089843,0.6208984,0.78089845,0.9308984,1.0908984,1.2408985,1.4008985,1.5508984,1.7108984,1.8608985,2.0108984,2.1708984,2.3208985,2.4708984,2.6208985,2.7708983,2.9208984,3.0608985,3.2108984,3.3608985,3.5008984,3.6508985,3.7908983,3.9308984,4.0708985,4.2108984
-2.3691015,-2.2191017,-2.0691016,-1.9191016,-1.7591015,-1.6091015,-1.4491016,-1.2991016,-1.1391015,-0.97910154,-0.8191016,-0.65910155,-0.49910155,-0.33910155,-0.16910157,8.984375E-4,0.17089844,0.35089844,0.52089846,0.6908984,0.86089844,1.0208985,1.1808984,1.3408984,1.5008985,1.6508985,1.8108984,1.9608984,2.1108985,2.2608984,2.4008985,2.5508986,2.6908984,2.8308985,2.9708984,3.1108985,3.2408984,3.3808985,3.5108984,3.6408985,3.7708983,3.9008985,4.0308986,4.1508985,4.2708983,4.3808985,4.5008984,4.6108985,4.7208986,4.8308983,4.9308987,5.0308986,5.140898,5.2408986,5.3408985,5.4408984,5.5408983
-0.88910156,-0.7991016,-0.70910156,-0.58910155,-0.45910156,-0.30910155,-0.14910156,0.020898437,0.18089844,0.32089844,0.46089843,0.58089846,0.67089844,0.7608984,0.85089844,0.9508984,1.0608984,1.2008984,1.3208984,1.4608984,1.6008984,1.7508985,1.9008985,2.0408983,2.1908984,2.3308985,2.4708984,2.6108985,2.7508984,2.8908985,3.0208983,3.1708984,3.3108985,3.4608984,3.6008985,3.7308984,3.8608985,3.9908984,4.1108985,4.2208986,4.3108983,4.410898,4.5208983,4.6308985,4.7508984,4.8608985,4.9608984,5.0708985,5.1708984,5.2708983,5.3508983,5.4308987,5.5108986,5.5908985,5.660898,5.7208986,5.7908983
0.60089844,0.67089844,0.73089844,0.78089845,0.8108984,0.83089846,0.84089845,0.8708984,0.89089847,0.9308984,0.97089845,1.0208985,1.0708984,1.1208985,1.1908984,1.2608985,1.3308984,1.4408984,1.5508984,1.7008984,1.8708985,2.0308983,2.1808984,2.3208985,2.4408984,2.5608985,2.6708984,2.7908983,2.9108984,3.0408983,3.1608984,3.2808983,3.3808985,3.4708984,3.5008984,3.4908984,3.4908984,3.4608984,3.4408984,3.4708984,3.5108984,3.5708985,3.6608984,3.7608984,3.8508985,3.9308984,4.0308986,4.140898,4.2408986,4.3208985,4.390898,4.4508986,4.4908986,4.5108986,4.5508986,4.6008983,4.6308985
1.9108984,1.8308984,1.7408985,1.6508985,1.5808984,1.5108985,1.4608984,1.4308984,1.4208984,1.4008985,1.3908985,1.4408984,1.5108985,1.6108985,1.7108984,1.8008984,1.8908985,2.0108984,2.1408985,2.2708983,2.4008985,2.5208983,2.6308985,2.7208984,2.7908983,2.8408985,2.9108984,2.9908984,3.0508986,3.1008985,2.9908984,2.8308985,2.7208984,2.6308985,2.6408985,2.6608984,2.7108984,2.7708983,2.8408985,2.9308984,3.0308983,3.1108985,3.1808984,3.2608984,3.3608985,3.5008984,3.6508985,3.8108985,3.9608984,4.1108985,4.2408986,4.3208985,4.4008985,4.4508986,4.5108986,4.6008983,4.6808987
3.0608985,2.8908985,2.7108984,2.6308985,2.6208985,2.6508985,2.6908984,2.7308984,2.7508984,2.7508984,2.7408984,2.7508984,2.8308985,2.9908984,3.2208984,3.4308984,3.5708985,3.5908985,3.5308983,3.3608985,3.1808984,3.0008984,2.8908985,2.9208984,2.9708984,2.8708985,2.7408984,2.6308985,2.5408983,2.5208983,2.5408983,2.5508986,2.5808985,2.6308985,2.6908984,2.8008986,2.9008985,3.0208983,3.1208985,3.2108984,3.2408984,3.2308984,3.2308984,3.2608984,3.3508985,3.4708984,3.6508985,3.8408985,4.0208983,4.1308985,4.2308984,4.2908983,4.4608984,4.640898,4.8108983,5.0208983,5.2108984
3.6008985,3.7608984,3.9208984,4.0808983,4.2108984,4.2808986,4.3608985,4.4408984,4.5308986,4.6308985,4.7008986,4.6508985,4.5308986,4.4408984,4.3708982,4.3108983,4.2608986,4.2508984,4.2808986,4.3508983,4.3308983,4.160898,3.9708984,3.8008986,3.6608984,3.4708984,3.2908983,3.1008985,2.8908985,2.6708984,2.5808985,2.5908985,2.6408985,2.6908984,2.7608984,2.8508985,2.9708984,3.0708985,3.1608984,3.2408984,3.3508985,3.4808984,3.5408983,3.5808985,3.6508985,3.7508984,3.9408984,4.1808987,4.4508986,4.6708984,4.8708982,5.0308986,5.2008986,5.3608985,5.5908985,5.9408984,6.2508984
5.0108986,5.1308985,5.2408986,5.2908983,5.2908983,5.2608986,5.3108983,5.3808985,5.4308987,5.4508986,5.3808985,5.1908984,5.0308986,4.8408985,4.7308984,4.6708984,4.6808987,4.7308984,4.7708983,4.7708983,4.7408986,4.7208986,4.7208986,4.7008986,4.660898,4.4908986,4.3308983,4.2008986,4.0408983,3.8808985,3.7108984,3.6408985,3.5908985,3.3508985,3.0008984,2.7608984,2.6908984,2.7208984,2.8608985,3.1508985,3.5208983,3.8908985,4.2608986,4.6708984,5.0008984,5.3408985,5.5908985,5.5908985,5.4908986,5.2908983,4.9408984,4.8408985,4.640898,4.140898,2.6408985,2.1108985,1.5708984
5.7408986,5.7408986,5.8108983,5.8608985,5.7608986,5.6508985,5.5808983,5.5108986,5.4608984,5.390898,5.2908983,5.2208986,5.2908983,5.5308986,5.7008986,5.7208986,5.7008986,5.6808987,5.640898,5.5608983,5.5108986,5.4808984,5.390898,5.2608986,5.0708985,4.9408984,4.8108983,4.6008983,4.4608984,4.2608986,4.0408983,3.8708985,3.7608984,3.6208985,3.5108984,3.4108984,3.3508985,3.3708985,3.4308984,3.5308983,3.7108984,3.3608985,2.0408983,1.1608984,1.3908985,0.58089846,0.010898437,0.31089842,0.86089844,1.0808984,0.09089844,-0.34910157,-0.63910156,-1.0691016,-0.27910155,0.86089844,1.0008985
5.8808985,5.9408984,6.1308985,6.2708983,6.3108983,6.1508985,5.9608984,5.7908983,5.8008986,5.9408984,6.0408983,6.0908985,6.140898,6.1508985,6.1908984,6.140898,5.9708986,5.7108984,5.5908985,5.5008984,5.3208985,5.1508985,5.0708985,5.0208983,4.9008985,4.8408985,4.7708983,4.6708984,4.5608983,4.3308983,4.1308985,3.8008986,3.4708984,3.2308984,2.9408984,2.6308985,2.5608985,2.3408985,1.9108984,1.2108984,1.0808984,0.5708984,-0.31910157,-1.1391015,-0.84910154,-0.91910154,-0.20910156,-0.27910155,-0.18910156,0.050898436,-0.23910156,0.47089845,0.6908984,0.010898437,-0.82910156,-0.97910154,-1.0591016
6.0508986,6.0508986,5.9008985,5.8008986,5.7608986,5.6908984,5.5708985,5.4708986,5.5108986,5.5908985,5.7408986,5.8708982,5.9908986,5.910898,5.7608986,5.8308983,5.7908983,5.890898,5.9508986,5.9008985,5.8708982,5.7208986,5.7208986,5.6808987,5.4908986,5.3508983,5.2208986,5.2708983,5.1708984,4.9608984,4.7008986,4.5508986,3.7708983,2.4808984,1.9308984,0.6808984,-0.57910156,-0.7991016,-0.22910157,0.48089844,1.9308984,1.9108984,0.37089843,-0.22910157,-0.41910157,-1.0491016,-1.3691015,0.030898437,0.89089847,0.7008984,-0.58910155,-0.50910157,-0.40910158,-0.46910155,-0.27910155,0.55089843,1.1308985
4.5808983,4.5808983,4.4908986,4.3308983,4.390898,4.3308983,4.3708982,4.3308983,4.3408985,4.4408984,4.3308983,4.3308983,4.3608985,4.3208985,4.390898,4.4808984,4.5708985,4.660898,4.640898,4.660898,4.640898,4.9408984,5.0208983,4.9608984,4.6808987,4.6008983,4.5208983,4.2308984,4.3008986,4.5608983,4.4808984,4.640898,4.1208982,3.9408984,3.5008984,3.0908985,2.3308985,0.66089845,-0.37910157,-0.60910153,-0.009101562,1.1808984,0.8808984,1.6508985,0.9408984,0.64089847,0.30089843,-0.84910154,-1.4591016,-1.0791016,-0.6891016,-0.22910157,1.5808984,2.2608984,1.7608985,2.4508984,2.4408984
3.1708984,3.1508985,3.1708984,3.1608984,3.1208985,3.0708985,2.9908984,2.9108984,2.8608985,2.8108985,2.8308985,2.8808985,2.9508984,3.0608985,3.0508986,3.0408983,3.1008985,3.0908985,3.2708983,3.4008985,3.6008985,3.9508984,4.0608983,4.0508986,4.0508986,4.0608983,4.2708983,4.390898,4.2908983,4.0808983,4.2908983,4.2908983,4.1208982,3.9508984,3.9508984,3.7308984,3.7608984,4.0608983,4.140898,4.5908985,4.5308986,3.9108984,2.8308985,2.0808985,2.1208985,2.3308985,1.9108984,0.92089844,0.23089844,-0.009101562,-0.76910156,0.29089844,2.0108984,1.6408985,0.83089846,0.060898438,0.18089844
1.4608984,1.2408985,0.9508984,0.67089844,0.45089844,0.30089843,0.25089845,0.22089843,0.31089842,0.45089844,0.48089844,0.5108984,0.78089845,1.1008984,1.0308985,1.2608985,1.1608984,0.89089847,0.91089845,0.96089846,1.0808984,1.3108984,1.6308985,2.1308985,2.5108984,2.7508984,3.0508986,3.3508985,3.5908985,3.7308984,3.8608985,4.2008986,4.4008985,4.4208984,4.5408983,3.8108985,2.6808984,4.0108986,5.0508986,5.660898,4.7908983,4.0008984,3.5908985,3.6308985,1.1508985,0.21089844,0.97089845,1.5808984,1.8408984,1.4008985,0.6208984,0.64089847,2.5108984,3.7808983,4.5008984,4.1108985,3.0108984
-1.2891016,-1.3591015,-1.5491016,-1.8391016,-1.7791016,-1.8891015,-2.0491016,-2.2191017,-2.3291016,-2.6891015,-3.0491016,-2.8691015,-1.8191016,-1.0191016,-0.22910157,0.20089844,0.080898434,0.12089844,0.080898434,0.12089844,0.020898437,-0.53910154,-0.47910157,0.24089843,1.6208985,1.2708985,1.1808984,0.49089843,0.64089847,1.2108984,0.97089845,1.4408984,1.4208984,2.5808985,3.2708983,2.8208985,3.9008985,4.4508986,5.0508986,1.2808985,0.8808984,2.0308983,4.2108984,4.390898,5.4308987,6.5408983,6.0408983,5.3108983,5.6508985,8.630898,10.430899,10.380898,8.500898,4.1508985,1.1108985,0.42089844,1.8508984
-2.6791015,-3.1491015,-3.2991016,-3.2391016,-3.0791016,-3.1091015,-2.9891016,-2.9291015,-3.1191015,-3.6091015,-3.6691015,-3.9491014,-4.2291017,-4.4591017,-4.3791018,-4.8991017,-2.5891016,-1.6891016,-1.3691015,-0.7491016,0.36089844,-0.099101566,-0.49910155,-0.31910157,-0.019101562,0.72089845,1.0408984,1.2308984,1.3008984,1.6208985,2.2208984,2.3308985,1.0208985,1.3308984,1.5108985,1.5608984,1.2108984,1.7408985,2.6608984,4.4908986,2.9808984,2.3508985,3.2308984,3.1208985,0.8208984,1.4608984,1.4408984,2.0208983,2.6108985,-1.2491015,-0.38910156,0.80089843,1.6708984,0.8708984,2.3608985,5.6908984,6.6208982
-2.3191016,-2.3791015,-2.6491015,-3.1791015,-3.4691017,-3.3591015,-3.0591016,-3.0491016,-2.8091016,-4.1491017,-3.3991015,-1.7391015,-0.76910156,-1.0891016,-2.2591016,-1.2791016,-2.4591017,-3.6191015,-3.7791016,-4.3791018,-3.4091015,-2.9091015,-2.2391016,-1.7491015,-1.3191016,-0.53910154,-0.48910156,0.070898436,0.7508984,1.2108984,1.5808984,1.7208984,2.2108984,1.9908985,2.5108984,3.4408984,3.0608985,2.2408984,2.5008984,2.4508984,3.8208985,4.4908986,6.5108986,6.3308983,5.9308987,7.5908985,9.200898,9.280898,9.870898,10.410898,10.500898,9.890899,10.3408985,9.860898,8.330898,5.5008984,2.5608985
-2.4591017,-2.7891016,-3.1591015,-3.4091015,-3.6991014,-4.8691015,-5.6291018,-5.5591016,-5.2991014,-5.1591015,-3.9791017,-4.9491014,-4.8691015,-5.5091014,-5.089102,-3.6991014,-3.5891016,-3.4191015,-0.84910154,-2.0391016,-2.8591015,-2.7391016,-2.3891015,-2.7791016,-1.7891016,-0.12910156,-0.35910156,-0.23910156,-0.04910156,0.23089844,0.89089847,0.71089846,0.22089843,0.8808984,2.0308983,1.8408984,1.3908985,1.5908984,2.3308985,1.1908984,2.3008986,2.0908985,1.5108985,0.91089845,3.0408983,2.6708984,3.6708984,2.9708984,1.8508984,1.4108984,1.7708985,2.8908985,-0.69910157,-0.46910155,0.12089844,2.1508985,1.6808984
-3.0891016,-3.0891016,-3.0691016,-3.4191015,-4.6991014,-5.109102,-5.1391015,-4.4791017,-5.4791017,-5.4091015,-4.8191013,-3.9791017,-2.1791015,-2.4491014,-3.4291015,-3.8291016,-4.109102,-3.2591016,-2.7391016,-2.3191016,-1.7391015,-1.0691016,-1.9891015,-0.91910154,-2.3591015,-2.3491015,-1.8191016,-0.5491016,-1.2591015,-1.6791016,-1.9691015,-1.9891015,-1.3191016,-0.32910156,0.21089844,0.7608984,2.2608984,0.71089846,1.7708985,1.9008985,3.1008985,3.2308984,1.6708984,1.5308985,2.7708983,4.3608985,4.6208982,3.1008985,0.30089843,1.4908985,1.6308985,1.2908984,0.89089847,0.5608984,-0.35910156,0.71089846,0.9508984
-4.0291014,-5.3291016,-6.1391015,-6.4291015,-6.7491016,-7.2291017,-7.0691013,-9.289102,-11.359101,-9.569101,-7.5391016,-7.8491015,-8.119102,-7.1691017,-6.7491016,-5.6991014,-4.8891015,-4.7591014,-5.1291018,-5.6191015,-5.3891015,-5.2391014,-4.2391014,-3.2091017,-3.1191015,-3.0791016,-2.7291017,-2.5991015,-2.0991015,-1.9891015,-2.0891016,-1.9491016,-1.8391016,-1.7091016,-0.70910156,-0.91910154,-0.29910156,0.30089843,1.7308984,1.6108985,2.9308984,2.9308984,3.3708985,2.2108984,2.9108984,1.9708984,4.2508984,4.8108983,5.1308985,5.6908984,4.5008984,2.7808983,0.7608984,0.34089842,-0.039101563,-0.34910157,0.37089843
-1.5291016,-0.51910156,1.5408984,3.4508984,3.1008985,3.0708985,2.2508984,-1.6491016,-3.2391016,-4.8691015,-6.5291014,-6.7191014,-8.299102,-7.2691016,-5.9491014,-5.3191013,-4.8991017,-4.609102,-4.4191017,-4.0091014,-4.9091015,-4.7391014,-5.1891017,-4.3791018,-4.4091015,-3.7191017,-3.8791015,-3.0991015,-2.9291015,-2.8091016,-2.2191017,-1.7291015,-1.3391016,-0.66910154,-0.28910157,0.71089846,1.2108984,1.7008984,1.6708984,0.8808984,1.4108984,1.5108985,2.2208984,2.8408985,1.8108984,1.7708985,1.6008984,0.48089844,2.0308983,1.7108984,2.2008984,4.0708985,3.8808985,3.4708984,3.3508985,0.85089844,-0.15910156
6.3408985,5.5508986,5.1808987,5.5008984,3.6908984,4.4508986,4.5008984,3.8008986,1.7908984,0.91089845,-1.2191015,-0.5691016,0.34089842,-0.15910156,-2.5791016,-4.9791017,-4.8491015,-6.6491017,-5.839102,-5.0291014,-4.8691015,-5.2091017,-5.859102,-5.4791017,-5.4191017,-4.6391015,-5.0691013,-3.4791017,-3.8191016,-3.1991014,-2.6691015,-2.0891016,-0.51910156,-1.0391016,-1.7591015,-2.0491016,-1.7891016,-2.1091015,-1.7091016,-1.0891016,-1.6491016,0.010898437,0.32089844,1.2308984,1.3008984,1.2808985,2.2208984,1.1008984,1.6708984,2.7208984,1.6108985,2.5208983,3.2908983,2.8908985,4.6308985,4.9908986,4.3208985
4.2508984,4.3308983,4.4608984,3.6308985,3.9208984,5.5308986,4.8108983,3.6908984,4.2708983,3.6708984,2.9008985,2.3608985,0.83089846,0.6208984,0.67089844,-1.3591015,-1.2691016,-0.9391016,-2.2091017,-2.6091015,-2.7391016,-2.1091015,-2.0791016,-2.1891015,-1.4591016,-1.0391016,-1.5791016,-1.4291016,-1.5291016,-2.1691015,-3.9191015,-4.9891014,-4.0591016,-4.0691013,-2.8491015,-2.8991015,-4.7891016,-3.3291016,-2.6491015,-1.7691016,-2.7991016,-2.1891015,-0.69910157,0.29089844,1.6908984,0.43089843,0.15089844,0.6808984,1.2408985,0.30089843,0.46089843,-0.10910156,1.2308984,1.4808984,2.0108984,2.0108984,2.4608984
1.2108984,1.4108984,1.2808985,1.9608984,2.1708984,2.6008985,3.0908985,3.5908985,3.6608984,3.6608984,3.3308985,2.2508984,2.6008985,1.9408984,1.0508984,1.3708985,-0.07910156,-0.019101562,0.47089845,-0.17910156,-0.76910156,0.24089843,-0.04910156,0.71089846,-0.5691016,-1.2591015,-0.9991016,-1.2391015,-1.6891016,-1.4091016,-1.1891016,-0.77910155,-1.1391015,-1.8591015,-2.2491016,-1.5091015,-2.0891016,-2.3591015,-3.5691016,-2.6591015,-3.8091016,-3.3391016,-1.5591016,-1.9591016,-1.2691016,-0.25910157,-0.12910156,0.36089844,-0.95910156,-1.1591016,-0.5591016,-1.7891016,-1.4791015,-1.2891016,-0.91910154,-0.57910156,-0.039101563
-0.22910157,0.60089844,1.3608985,1.4008985,0.97089845,1.1208985,1.7008984,4.1908984,3.1908984,3.3508985,4.6808987,4.1508985,5.1208982,3.8208985,1.3608985,1.8108984,0.060898438,-0.16910157,-0.84910154,-0.71910155,-0.34910157,-0.039101563,-0.21910156,0.29089844,-0.16910157,-0.88910156,-1.7791016,-2.1491015,-2.0191016,-2.4591017,-2.0791016,-2.2391016,-2.2991016,-1.8891015,-1.3291016,-1.2691016,-0.5491016,-0.70910156,-1.5191016,-1.8391016,-2.5491016,-1.1191015,-1.4391016,-3.3291016,-2.1791015,-1.1391015,-2.8591015,-5.2591014,-4.1391015,-3.6991014,-3.0691016,-2.1091015,-0.90910155,-0.27910155,-0.029101562,1.8108984,1.3808985
