demo/sfcwind/0830-wind-surface-level-gfs-1.0.json
{"header": {"productDefinitionTemplate": 0, "surface1Type": 103, "productStatus": 0, "disciplineName": "Meteorological products", "subDivisions": 0, "winds": "true", "parameterNumberName": "V-component_of_wind", "discipline": 0, "surface2Value": 0, "significanceOfRTName": "Start of forecast", "surface2TypeName": "Missing", "surface2Type": 255, "productTypeName": "Forecast products", "dx": 0.024617210030555725, "dy": 0.01798853650689125, "numberPoints": 65160, "productStatusName": "Operational products", "gribEdition": 2, "parameterUnit": "m.s-1", "forecastTime": 0, "refTime": "2020-09-30T06:30:00.000Z", "productType": 1, "genProcessTypeName": "Forecast", "scanMode": 0, "genProcessType": 2, "gribLength": 11338.0, "significanceOfRT": 1, "productDefinitionTemplateName": "Analysis/forecast at horizontal level/layer at a point in time", "centerName": "WRF OUTPUT", "la1": 43.66691207885742, "la2": 42.426788330078125, "lo2": 13.70867919921875, "gridUnits": "degrees", "surface1Value": 10, "shapeName": "Earth spherical with radius of 6,371,229.0 m", "surface1TypeName": "Specified height level above ground", "nx": 70.0, "ny": 70.0, "lo1": 12.008544921875, "basicAngle": 0, "gridDefinitionTemplate": 0, "shape": 6, "parameterNumber": 3, "subcenter": 0, "parameterCategoryName": "Momentum", "parameterCategory": 2, "center": 0, "gridDefinitionTemplateName": "Latitude_Longitude", "resolution": 48}, "data":
[rows 19 to 37 of 70, columns 0 to 41 of 70]
-0.3501752018928528,-0.22748084366321564,-0.1963568478822708,-0.15941573679447174,-0.039293691515922546,-0.142935648560524,-0.18081292510032654,-0.2631939649581909,-0.3066282570362091,-0.545655369758606,-0.7997244000434875,-0.4205063581466675,-0.22228768467903137,-0.23244579136371613,-0.11778558790683746,-0.07283571362495422,-0.08922011405229568,-0.3330126106739044,-0.11041367053985596,0.489020437002182,0.6111854314804077,-0.10258012264966965,-0.18200096487998962,0.2010098397731781,0.35038337111473083,0.09017783403396606,0.32335108518600464,0.30045485496520996,0.11430399864912033,0.41419491171836853,0.4808082580566406,-0.32825493812561035,0.7571752071380615,0.8140660524368286,0.764210045337677,0.6334943771362305,0.22705961763858795,-0.0926256775856018,0.14903712272644043,0.28187283873558044,0.1932237595319748,0.3023777902126312
-0.38289275765419006,-0.24449209868907928,-0.22561627626419067,-0.21176043152809143,-0.1445043534040451,-0.3008880913257599,-0.36147159337997437,-0.4907148778438568,-0.6784030795097351,-0.2852408289909363,-0.21552202105522156,-0.2215760052204132,-0.16664397716522217,-0.1657116413116455,-0.20803003013134003,-0.21504215896129608,-0.20346716046333313,-0.35638004541397095,-0.07170024514198303,0.14238020777702332,0.733223557472229,0.6522702574729919,-0.26760536432266235,-0.25821322202682495,-0.007937347516417503,0.2739914357662201,0.047942329198122025,0.17809772491455078,0.14275047183036804,0.14700692892074585,0.1561843305826187,-0.13784919679164886,1.1205472946166992,0.2409963756799698,0.32097214460372925,0.4156031310558319,1.0402705669403076,-0.21624186635017395,-0.1589457094669342,0.24166277050971985,0.3389509618282318,0.4627636671066284
-0.3693719804286957,-0.2606707811355591,-0.2459706813097,-0.1979442685842514,-0.023725779727101326,-0.3094082772731781,-0.5492414236068726,-0.5268559455871582,-0.5611556172370911,-0.2215631604194641,-0.30319857597351074,-0.2696886360645294,-0.29610446095466614,-0.2834187150001526,-0.14551353454589844,-0.20547044277191162,-0.1673237532377243,-0.21350575983524323,0.0442764088511467,0.3879193961620331,0.8263115882873535,0.6974822878837585,0.09686192870140076,-0.07750006765127182,-0.1173601746559143,0.08479445427656174,0.09778816998004913,0.03597047179937363,0.09659009426832199,-0.0005006216233596206,0.1527659147977829,0.08504460006952286,1.6347758769989014,0.8273401260375977,0.16739687323570251,0.854661762714386,1.812312364578247,0.37741145491600037,-0.3010947108268738,0.04331440478563309,0.2962658405303955,0.3717696964740753
-0.35916075110435486,-0.26968011260032654,-0.25333690643310547,-0.16499027609825134,0.09505967795848846,-0.2154574990272522,-0.5431112051010132,-0.4853488802909851,-0.40684816241264343,-0.693843424320221,-0.5196947455406189,-0.1497177630662918,-0.49490290880203247,-0.6014503240585327,-0.20633850991725922,-0.2481076568365097,-0.09072960913181305,0.008933361619710922,0.29382431507110596,0.26009032130241394,0.3317941129207611,0.23415514826774597,0.41165101528167725,0.3453618884086609,0.05545841157436371,0.017283231019973755,0.06313784420490265,0.009208503179252148,-0.030734973028302193,0.0689939484000206,0.30146700143814087,0.1871500164270401,1.1182022094726562,2.096644401550293,0.590421736240387,1.1171000003814697,1.4706571102142334,0.9250961542129517,-0.07043174654245377,-0.1414763480424881,0.07636044174432755,0.16659215092658997
-0.3578452467918396,-0.2740449011325836,-0.2358587682247162,-0.14630694687366486,0.11441173404455185,-0.1823960691690445,-0.37619683146476746,-0.3463590741157532,-0.4912705421447754,-0.6254456639289856,0.6809695959091187,0.1460798680782318,-0.2569093704223633,-0.48091474175453186,-0.28302228450775146,-0.1706743836402893,-0.07219753414392471,0.049209531396627426,0.3945924639701843,-0.05693661794066429,-0.22352878749370575,-0.19866535067558289,0.1074480414390564,0.24027834832668304,0.05004724860191345,-0.04758650064468384,0.018208662047982216,0.00074948207475245,0.003308607032522559,0.49216750264167786,0.4097387194633484,0.19215857982635498,0.33592498302459717,1.6778031587600708,0.5423321723937988,0.4327874183654785,0.7071274518966675,1.0594371557235718,0.22692133486270905,-0.5525598526000977,-0.37064749002456665,-0.13327760994434357
-0.35476991534233093,-0.2629642188549042,-0.2249133139848709,-0.14294695854187012,0.13035911321640015,-0.17338532209396362,-0.3705344498157501,-0.33288058638572693,-0.49048715829849243,-0.24492447078227997,0.7278655171394348,-0.16108578443527222,-0.2646051049232483,-0.37964528799057007,-0.304889976978302,-0.1676941215991974,-0.10738042742013931,-0.025605719536542892,0.18095336854457855,0.08213376998901367,-0.21033352613449097,-0.2404288947582245,-0.15103909373283386,-0.056143149733543396,-0.19164013862609863,-0.25041458010673523,-0.05703001096844673,0.051929257810115814,0.058811333030462265,0.3487313985824585,0.14699678122997284,0.1778891384601593,0.0961608812212944,0.7946063876152039,0.25947287678718567,0.12105235457420349,0.38299205899238586,1.1913907527923584,0.6367504596710205,0.46725428104400635,-0.5461999773979187,-0.30789491534233093
-0.3451636731624603,-0.26587730646133423,-0.2584961950778961,-0.24095892906188965,-0.09227758646011353,0.027616193518042564,-0.23082852363586426,-0.3975341320037842,-0.38877958059310913,-0.1313462257385254,-0.02530284970998764,-0.5084617733955383,-0.704660952091217,-0.5675041079521179,0.06551496684551239,-0.02485491894185543,-0.18203787505626678,-0.114048071205616,-0.08156891912221909,0.0112647395581007,-0.05146440863609314,-0.1013551577925682,-0.249222069978714,-0.26205816864967346,-0.35794973373413086,-0.43410050868988037,-0.2147146612405777,0.03028065152466297,0.013854964636266232,0.11994922906160355,0.30733394622802734,0.41885238885879517,0.1249157190322876,0.21616753935813904,0.24254782497882843,0.4892525374889374,0.2523590326309204,0.7431684136390686,0.7447549104690552,1.6801788806915283,0.18989397585391998,-0.20488302409648895
-0.32930970191955566,-0.29227975010871887,-0.31618598103523254,-0.32220837473869324,-0.19133910536766052,-0.3943776488304138,-0.33907702565193176,-0.487606018781662,-0.243736132979393,0.06863769888877869,-0.22785237431526184,-0.7310027480125427,-0.6935369968414307,-0.2681359648704529,0.3773675560951233,0.1496589034795761,-0.09529519081115723,-0.18263891339302063,-0.15000589191913605,-0.1359940618276596,-0.09750020503997803,-0.06834752857685089,-0.4148009419441223,-0.4707290828227997,-0.42210835218429565,-0.42915472388267517,-0.3146131634712219,-0.020105745643377304,0.09646492451429367,0.4015401005744934,0.6629663109779358,0.5438091158866882,0.23927626013755798,-0.47405728697776794,-0.004634268581867218,0.6566994786262512,0.27622026205062866,0.003940872382372618,0.28471606969833374,0.522319495677948,0.30494439601898193,-0.012167202308773994
-0.30713191628456116,-0.3101460337638855,-0.3472967743873596,-0.34415194392204285,-0.15057434141635895,-0.4528091847896576,-0.1747785210609436,-0.01925898902118206,-0.09202305972576141,0.05556580051779747,-0.14466886222362518,-0.5503818392753601,-0.35774528980255127,0.22065630555152893,0.13845886290073395,-0.35331082344055176,-0.23578885197639465,-0.17276792228221893,-0.22072087228298187,-0.20826414227485657,-0.19107404351234436,0.010513249784708023,-0.48162364959716797,-0.7366493940353394,-0.422819048166275,-0.279570072889328,-0.12772846221923828,0.1764892041683197,0.22441092133522034,0.38825324177742004,0.45402783155441284,0.3266183137893677,0.35364603996276855,-0.6905614733695984,-0.1413763165473938,0.4732339382171631,0.14396493136882782,0.10523950308561325,-0.41400042176246643,-0.3600546419620514,0.1588546633720398,0.23879705369472504
-0.2802802324295044,-0.30577459931373596,-0.3746848404407501,-0.4172367453575134,-0.3545198142528534,-0.20158769190311432,-0.14304453134536743,0.05309269577264786,-0.10193073004484177,-0.1307123452425003,-0.14690111577510834,-0.3610888719558716,-0.2676701843738556,-0.07083085924386978,0.032801512628793716,-0.4302501678466797,-0.8708736896514893,-0.3717658221721649,-0.13751982152462006,0.03370487689971924,-0.014730660244822502,-0.04464879631996155,-0.4044928252696991,-0.5277441143989563,-0.32352444529533386,-0.235491544008255,-0.09002714604139328,0.41487565636634827,0.46718621253967285,0.17241699993610382,0.07788050174713135,0.14903226494789124,0.16818004846572876,-0.1138349175453186,0.3871515393257141,0.14360864460468292,0.30180180072784424,1.0452184677124023,-0.15922671556472778,-0.0007825156790204346,0.7133417129516602,0.44064241647720337
-0.2725312411785126,-0.3253626227378845,-0.39336147904396057,-0.5049072504043579,-0.6389715075492859,-0.5916087031364441,-0.5337997674942017,-0.37929293513298035,-0.28526365756988525,-0.21634146571159363,-0.2696914076805115,-0.5192822813987732,-0.5185871720314026,-0.5199378132820129,-0.0499083511531353,-0.12779489159584045,-0.8319827914237976,-0.6247696280479431,-0.18281954526901245,0.022467931732535362,-0.06241002306342125,-0.12999488413333893,-0.23714737594127655,-0.3344773054122925,-0.4941525161266327,-0.26438578963279724,0.17548859119415283,0.41399914026260376,0.49052944779396057,0.37480640411376953,0.21869808435440063,0.024145830422639847,-0.045956119894981384,0.49621349573135376,1.0398629903793335,0.20061098039150238,0.3351671099662781,0.8680391907691956,0.35622110962867737,0.12293023616075516,0.8376710414886475,0.26080453395843506
-0.2732726037502289,-0.35093680024147034,-0.3852817416191101,-0.5467582941055298,-0.7413924336433411,-0.6134809851646423,-0.5638259053230286,-0.5648454427719116,-0.44299519062042236,-0.41738641262054443,-0.35532519221305847,-0.47186124324798584,-0.5168651938438416,-0.3057279884815216,-0.2019103467464447,-0.15570230782032013,-0.33457493782043457,-0.47192975878715515,-0.2859727740287781,-0.3324524760246277,-0.26290884613990784,0.10942209511995316,-0.1334218680858612,-0.3977883756160736,-0.4377388656139374,0.019074823707342148,0.5879866480827332,0.30173835158348083,0.04801342636346817,0.44050586223602295,0.3298794627189636,-0.006224482320249081,0.08271187543869019,0.2967732548713684,0.6828662753105164,0.35965240001678467,0.3702775537967682,0.20565441250801086,0.24672897160053253,0.7669426798820496,0.9591954350471497,0.024092646315693855
-0.2817453444004059,-0.3716883361339569,-0.36108851432800293,-0.5183337926864624,-0.9518868327140808,-0.7347059845924377,-0.5340134501457214,-0.2679322361946106,-0.4862881302833557,-0.7325420379638672,-0.39632877707481384,-0.29866838455200195,-0.13522648811340332,0.06577257812023163,-0.2184302806854248,-0.2128923088312149,-0.44367995858192444,-0.4070345163345337,-0.2677595019340515,-0.24861562252044678,-0.19363923370838165,0.026290005072951317,-0.082700215280056,-0.0172130037099123,0.1788579672574997,0.06361372768878937,-0.1623365879058838,-0.3378385603427887,-0.04642461612820625,0.33446115255355835,0.024718143045902252,-0.09810156375169754,-0.08102764189243317,-0.04925917461514473,0.19959303736686707,0.38392049074172974,0.8741315603256226,0.11054849624633789,0.14626535773277283,0.7601687908172607,0.42765355110168457,0.2609170079231262
-0.3035743534564972,-0.38783642649650574,-0.36737316846847534,-0.4046279788017273,-0.59322190284729,-0.4410359859466553,-0.25053492188453674,-0.010019557550549507,-0.3598395884037018,-0.713219940662384,-0.4265761375427246,-0.3269217312335968,-0.0916798785328865,0.07638633996248245,-0.07336591184139252,-0.17291736602783203,-0.557161808013916,-0.3892955183982849,-0.3835599422454834,-0.21018286049365997,-0.22828032076358795,-0.12243444472551346,0.16775454580783844,0.1610499918460846,0.14456713199615479,-0.15095552802085876,-0.11410591751337051,-0.41694018244743347,-0.06238922104239464,0.37813884019851685,-0.10902411490678787,-0.2540777921676636,-0.307332307100296,0.1070786789059639,0.36128607392311096,0.1855902373790741,0.025518178939819336,-0.2613025903701782,-0.08059743791818619,-0.2954995930194855,-0.29385173320770264,0.6855021715164185
-0.3212970197200775,-0.38076701760292053,-0.37534099817276,-0.3376927375793457,-0.19441553950309753,-0.12785604596138,-0.16740703582763672,-0.28975769877433777,-0.17479455471038818,-0.3564501404762268,-0.44433918595314026,-0.38442692160606384,-0.2961222529411316,-0.1600225418806076,-0.15606339275836945,-0.17318983376026154,-0.3387233316898346,-0.283983051776886,-0.39092159271240234,-0.30614545941352844,-0.17024226486682892,0.01641974039375782,0.14475266635417938,0.10473690181970596,0.01952970400452614,0.07694561779499054,1.1208398342132568,0.7713366150856018,-0.19380424916744232,0.05890296399593353,-0.18586039543151855,-0.2903823256492615,0.3393438458442688,0.7955082058906555,0.5957891941070557,0.01503829751163721,-0.9474598169326782,-0.47701889276504517,0.23268868029117584,0.06523734331130981,-0.06957507878541946,0.5067725777626038
-0.3219205439090729,-0.36224985122680664,-0.36496686935424805,-0.3774877190589905,-0.48895755410194397,-0.4159724712371826,-0.2512492537498474,-0.1935075968503952,-0.20503351092338562,-0.22365762293338776,-0.31302547454833984,-0.35562098026275635,-0.3438079059123993,-0.2897379696369171,-0.30443552136421204,-0.25567784905433655,-0.2591094374656677,-0.3218023180961609,-0.29264387488365173,-0.3362797498703003,-0.09835473448038101,0.029117438942193985,0.13540787994861603,0.36431676149368286,0.24403414130210876,0.539158821105957,1.0863420963287354,0.7131402492523193,0.15673939883708954,-0.1426216959953308,-0.2212270349264145,-0.1347646564245224,0.3965786099433899,0.6089944243431091,0.484122097492218,0.16379591822624207,-0.3471479117870331,0.041301678866147995,0.35001859068870544,0.8246457576751709,0.1677720993757248,0.18210475146770477
-0.3080773949623108,-0.33061641454696655,-0.32244300842285156,-0.34356018900871277,-0.4943118989467621,-0.3292180299758911,-0.1560811698436737,-0.1992163211107254,-0.3389149606227875,-0.3048224449157715,-0.2551282048225403,-0.3029464781284332,-0.3159334659576416,-0.34388086199760437,-0.3356831669807434,-0.31762930750846863,-0.34719517827033997,-0.38275641202926636,-0.2603432238101959,-0.1223934218287468,-0.06713586300611496,0.06545959413051605,0.27626681327819824,0.3475968539714813,0.3077862560749054,0.741279661655426,0.8439200520515442,-0.14232298731803894,-0.42997264862060547,-0.40335285663604736,-0.311724990606308,-0.16219264268875122,-0.12653452157974243,-0.14387834072113037,0.2100100964307785,0.0776495561003685,0.0833425298333168,0.10311282426118851,-0.07619184255599976,0.47504377365112305,0.42488205432891846,0.10457397997379303
-0.27323517203330994,-0.2820555865764618,-0.26057103276252747,-0.2709736227989197,-0.4166666269302368,-0.256462961435318,-0.199543759226799,-0.3461615741252899,-0.3859415054321289,-0.31170910596847534,-0.2969309091567993,-0.3187941610813141,-0.30991053581237793,-0.33015957474708557,-0.33959874510765076,-0.35672298073768616,-0.43275049328804016,-0.4972579777240753,-0.3145696222782135,-0.30702027678489685,-0.06562470644712448,0.16642630100250244,0.2612694501876831,0.2197551280260086,0.3401220738887787,0.5837439894676208,0.9831355214118958,0.4239388108253479,-0.7635430097579956,-0.7274081707000732,-0.6251657009124756,-0.31232818961143494,0.058458875864744186,-0.13823401927947998,0.005057117436081171,-0.04706645756959915,-0.04662323743104935,-0.061476971954107285,0.24913249909877777,0.27596527338027954,0.6260126829147339,0.061368487775325775
-0.20813992619514465,-0.2177075296640396,-0.20694206655025482,-0.2552821934223175,-0.42551249265670776,-0.3551182150840759,-0.24971570074558258,-0.21303790807724,-0.2798674702644348,-0.26852765679359436,-0.2757226824760437,-0.37713131308555603,-0.39536330103874207,-0.374919593334198,-0.40008434653282166,-0.41332703828811646,-0.5201306343078613,-0.6093663573265076,-0.6134798526763916,-0.7146618366241455,-0.029293984174728394,0.16068357229232788,0.3274783790111542,0.30020344257354736,0.30407968163490295,0.43186113238334656,0.6772148609161377,0.7741150856018066,0.24964182078838348,-0.3453008234500885,-0.8003342151641846,-0.3137798011302948,0.5033919811248779,0.24779188632965088,-0.0767640694975853,0.30074381828308105,0.2304183393716812,0.45939379930496216,1.076119303703308,0.6692034602165222,0.5116223692893982,0.10478980094194412
