demo/sfcwind/0830-wind-surface-level-gfs-1.0.json
{"header": {"productDefinitionTemplate": 0, "surface1Type": 103, "productStatus": 0, "disciplineName": "Meteorological products", "subDivisions": 0, "winds": "true", "parameterNumberName": "U-component_of_wind", "discipline": 0, "surface2Value": 0, "significanceOfRTName": "Start of forecast", "surface2TypeName": "Missing", "surface2Type": 255, "productTypeName": "Forecast products", "dx": 0.024617210030555725, "dy": 0.01798853650689125, "numberPoints": 65160, "productStatusName": "Operational products", "gribEdition": 2, "parameterUnit": "m.s-1", "forecastTime": 0, "refTime": "2020-09-30T06:30:00.000Z", "productType": 1, "genProcessTypeName": "Forecast", "scanMode": 0, "genProcessType": 2, "gribLength": 11338.0, "significanceOfRT": 1, "productDefinitionTemplateName": "Analysis/forecast at horizontal level/layer at a point in time", "centerName": "WRF OUTPUT", "la1": 43.66691207885742, "la2": 42.426788330078125, "lo2": 13.70867919921875, "gridUnits": "degrees", "surface1Value": 10, "shapeName": "Earth spherical with radius of 6,371,229.0 m", "surface1TypeName": "Specified height level above ground", "nx": 70.0, "ny": 70.0, "lo1": 12.008544921875, "basicAngle": 0, "gridDefinitionTemplate": 0, "shape": 6, "parameterNumber": 2, "subcenter": 0, "parameterCategoryName": "Momentum", "parameterCategory": 2, "center": 0, "gridDefinitionTemplateName": "Latitude_Longitude", "resolution": 48}, "data":
[rows 19 to 37 of 70, columns 0 to 41 of 70]
-1.4145375490188599,-0.999781608581543,-0.7036827802658081,-0.4508197605609894,-0.38725098967552185,-0.3249436318874359,-0.15584944188594818,-0.03400152921676636,0.0354110449552536,-0.10719595849514008,-0.37614554166793823,-0.25661399960517883,0.041319556534290314,0.2156061828136444,0.19441403448581696,0.04594733566045761,-0.1617472618818283,-0.03716393560171127,-0.16036321222782135,-0.2779039144515991,0.0679742619395256,-0.2232859581708908,-0.40236058831214905,-0.11291666328907013,0.033670105040073395,-0.061346083879470825,-0.12059181183576584,-0.34189873933792114,-0.3542000949382782,0.0310035590082407,0.06424757093191147,1.19070565700531,3.0587663650512695,1.9996858835220337,0.09005911648273468,0.33926042914390564,0.186195507645607,-0.3350646495819092,-0.43454328179359436,-0.3656230568885803,-0.09674358367919922,0.3210408687591553
-1.2156273126602173,-0.8034407496452332,-0.6842124462127686,-0.5476651191711426,-0.4754354953765869,-0.3186835050582886,-0.16721846163272858,-0.11638543009757996,-0.10002140700817108,-0.012478754855692387,-0.16046445071697235,-0.17536023259162903,-0.00784054771065712,0.11891039460897446,0.18911027908325195,0.1557009220123291,0.12432831525802612,-0.13215813040733337,-0.3088909387588501,-0.14230135083198547,0.18687735497951508,0.1988046020269394,-0.28911730647087097,-0.33117714524269104,-0.10768114775419235,-0.16233524680137634,-0.31835150718688965,-0.5158432722091675,-0.4649715721607208,-0.18542496860027313,-0.047208771109580994,0.6949871182441711,2.255791664123535,1.5923961400985718,-0.0036621796898543835,0.5105565786361694,0.832892119884491,-0.1940089613199234,-0.8532729148864746,-0.4458910822868347,-0.24428455531597137,0.14200155436992645
-1.0752159357070923,-0.7913446426391602,-0.6731650829315186,-0.34493640065193176,-0.2914295494556427,-0.5673986673355103,-0.6193143129348755,-0.2584190368652344,-0.09928815066814423,-0.1453351378440857,-0.1402243822813034,-0.23614799976348877,-0.11638864874839783,0.07382510602474213,0.170586496591568,0.20605190098285675,0.28582122921943665,0.23593980073928833,-0.11583197861909866,-0.2531672418117523,0.17325115203857422,0.3912281095981598,-0.05981026962399483,-0.3040640652179718,-0.3402010202407837,-0.2564036548137665,-0.20327980816364288,-0.41901764273643494,-0.4759242534637451,-0.31024685502052307,0.17434409260749817,0.5771378874778748,1.4080276489257812,1.1841766834259033,0.004012959077954292,0.472287118434906,1.3306634426116943,0.28630292415618896,-1.1123926639556885,-0.7613617181777954,-0.37578120827674866,-0.23702777922153473
-1.0636823177337646,-0.8427774310112,-0.6398904919624329,-0.20028184354305267,-0.3211340606212616,-0.6938572525978088,-0.5460695624351501,-0.28817346692085266,-0.2352159470319748,-0.15348127484321594,-0.13633142411708832,-0.5170965194702148,-0.6170397400856018,-0.31317293643951416,0.06696378439664841,0.26707160472869873,0.337171345949173,0.2321406453847885,-0.49908247590065,-0.7419990301132202,-0.11452280730009079,0.21034641563892365,0.4334006905555725,0.17139169573783875,-0.48611488938331604,-0.38634970784187317,-0.22349636256694794,-0.3656616806983948,-0.30420681834220886,-0.2916736304759979,0.08335069566965103,0.11438067257404327,0.5601423978805542,1.4608938694000244,0.7699151635169983,0.21951070427894592,1.4835765361785889,1.68585205078125,-0.23884034156799316,-1.0154305696487427,-0.5066390037536621,-0.45672741532325745
-1.0191373825073242,-0.8349063992500305,-0.566098690032959,-0.28086042404174805,-0.22389920055866241,-0.3434555232524872,-0.3003084659576416,-0.24512732028961182,0.008734193630516529,-0.01282565575093031,-0.4893820881843567,-0.430827796459198,-0.23951125144958496,-0.400031179189682,-0.23366907238960266,0.06897537410259247,0.2011399269104004,0.3617372512817383,0.14826370775699615,-0.22375202178955078,-0.19160430133342743,-0.05421870946884155,0.13941162824630737,-0.07242679595947266,-0.36858126521110535,-0.19985517859458923,-0.20604147017002106,-0.248562753200531,-0.5298522710800171,-0.8480777144432068,-0.3246420919895172,0.2974736988544464,-0.18820925056934357,0.6832922101020813,1.6033921241760254,0.48852264881134033,0.713158905506134,1.3353168964385986,0.31902775168418884,-0.7800735831260681,-0.8105538487434387,-0.5016583204269409
-1.0673987865447998,-0.9066660404205322,-0.47382652759552,-0.2589097023010254,-0.23927603662014008,-0.4522087574005127,-0.422990620136261,-0.22322013974189758,0.2860991954803467,-0.0615796223282814,-0.5932996273040771,-0.2954326868057251,-0.041265472769737244,-0.05451725795865059,-0.26782476902008057,0.006679221522063017,0.24607260525226593,0.20086093246936798,0.2385484129190445,0.0661989152431488,-0.2847789525985718,-0.31289032101631165,-0.23405803740024567,-0.3623144328594208,-0.3090882897377014,-0.25339823961257935,-0.3574003279209137,-0.20275108516216278,-0.5288403034210205,-0.9251124858856201,-0.42123812437057495,0.7492491006851196,0.2512589395046234,0.6257927417755127,1.7346845865249634,0.1819513887166977,0.3440636396408081,1.7014391422271729,0.8130677938461304,-0.4468469023704529,-0.8376868367195129,-0.7793450951576233
-1.1519068479537964,-1.0601394176483154,-0.4503055810928345,-0.2968675196170807,-0.1529713273048401,-0.33526667952537537,-0.5906106233596802,-0.3465631604194641,0.3400489389896393,-0.2957342863082886,-0.8916253447532654,-0.3585881292819977,0.07205034047365189,-0.2454131692647934,-0.8925244808197021,-0.6782679557800293,-0.018536292016506195,0.19874484837055206,0.09924373030662537,0.04956403374671936,0.06606929004192352,-0.3119143545627594,-0.7107310891151428,-0.49721333384513855,-0.2720314562320709,-0.6507860422134399,-0.7902337312698364,-0.4076893925666809,-0.4647442102432251,-0.6501118540763855,-0.4252147376537323,0.6416828632354736,0.28347262740135193,0.6798328757286072,1.5507179498672485,0.11188801378011703,0.5473294258117676,1.3142400979995728,0.8666519522666931,1.0781190395355225,0.02119777724146843,-1.0789166688919067
-1.2003883123397827,-1.1741818189620972,-0.4699878692626953,-0.21543392539024353,-0.4454146921634674,-0.4243691563606262,-0.27749133110046387,-0.3524704873561859,0.10638837516307831,-0.45106422901153564,-1.0911662578582764,-0.6894234418869019,0.13372722268104553,0.096628338098526,-0.5565184354782104,-0.6571288108825684,-0.1333162486553192,0.21380698680877686,0.08823926746845245,0.056540753692388535,0.14570002257823944,-0.376266747713089,-1.1894330978393555,-1.001573085784912,-0.08591713756322861,-0.342372864484787,-1.0265023708343506,-0.5492882132530212,-0.4544987678527832,-1.0772513151168823,-1.0105657577514648,0.2628135085105896,0.3330668807029724,0.8063075542449951,1.4435014724731445,0.14985184371471405,0.20072925090789795,0.4631253480911255,0.12946908175945282,1.523712158203125,1.7199771404266357,-0.43778195977211
-1.1802386045455933,-1.2251956462860107,-0.56544029712677,-0.2513956129550934,-0.36257416009902954,-0.5380311012268066,-0.3122117519378662,-0.4260624051094055,-0.2941996157169342,-0.08530422300100327,-0.3318999409675598,-0.42558881640434265,0.2092740386724472,0.21260099112987518,-0.981196403503418,-0.9614876508712769,-0.0772242471575737,0.13770341873168945,0.0943630114197731,0.029696011915802956,0.1242142766714096,-0.2927361726760864,-1.297280192375183,-1.2645963430404663,-0.07963090389966965,0.008577714674174786,-1.0600217580795288,-1.1152534484863281,-0.6090304851531982,-0.7032015323638916,-0.7939836978912354,0.07553235441446304,0.32473164796829224,0.8696956634521484,1.2160545587539673,-0.02784859389066696,0.19067876040935516,0.5400145649909973,-0.08903440088033676,0.7235921025276184,1.720806360244751,0.31629708409309387
-0.8129469752311707,-0.814197301864624,-0.5035149455070496,-0.33500540256500244,-0.47165223956108093,-0.6836972236633301,-0.5584952235221863,-0.6999093294143677,-0.3971666097640991,-0.10733979940414429,-0.320006400346756,-0.38321518898010254,-0.07800625264644623,0.28612449765205383,-0.10921978950500488,-0.7396734356880188,-0.6941934823989868,-0.008658725768327713,0.21668870747089386,0.014617661014199257,0.09366630762815475,-0.33559685945510864,-1.0357186794281006,-0.9976638555526733,-0.21320657432079315,0.21658726036548615,-0.2613247036933899,-0.7423664331436157,-0.6667234897613525,-0.53510582447052,-0.45886677503585815,-0.03243602067232132,0.2271542251110077,0.592406690120697,0.3953597843647003,-0.04619606211781502,0.37177783250808716,0.9749754667282104,0.5367343425750732,0.36447873711586,1.207719326019287,0.229994997382164
-0.7481234669685364,-0.7063277363777161,-0.45826485753059387,-0.4399462342262268,-0.6299835443496704,-0.764506995677948,-0.6814921498298645,-1.006232738494873,-0.6450543403625488,-0.14412245154380798,-0.24115818738937378,-0.16709329187870026,-0.11440006643533707,-0.23256362974643707,-0.12643195688724518,-0.3694818913936615,-0.7756175398826599,-0.32980450987815857,-0.031265489757061005,-0.09272407740354538,0.1469780057668686,-0.019930025562644005,-0.391110360622406,-0.39395028352737427,-0.21038636565208435,0.07887007296085358,-0.1290411800146103,-0.42707282304763794,-0.25031813979148865,-0.27624115347862244,-0.4488792419433594,-0.045851945877075195,0.3321000635623932,0.3025268018245697,0.3660442531108856,0.1321738362312317,-0.12795980274677277,1.0188617706298828,1.0998363494873047,0.427379310131073,1.1782023906707764,0.22443801164627075
-0.990147590637207,-0.9504038691520691,-0.5067002177238464,-0.6253710389137268,-0.8011999726295471,-0.838016152381897,-0.8541096448898315,-1.1523574590682983,-0.7588850855827332,-0.26235827803611755,-0.11561459302902222,0.3254907429218292,-0.08477289974689484,-0.8629353046417236,-0.6319176554679871,-0.20535200834274292,-0.3635113537311554,-0.29021912813186646,-0.13488388061523438,-0.10185803472995758,0.1733277589082718,0.21546311676502228,-0.09183065593242645,-0.42177534103393555,-0.5725775957107544,-0.7176491618156433,-0.966723620891571,-0.769569993019104,-0.3927004933357239,-0.4364030361175537,-0.5835106372833252,0.03415873646736145,0.3751766085624695,-0.3030259609222412,-0.11071887612342834,0.10109318792819977,-0.015480788424611092,1.0731724500656128,1.0973237752914429,0.7719254493713379,1.4221783876419067,0.16295765340328217
-0.8570619821548462,-0.8287356495857239,-0.5599943995475769,-0.7890292406082153,-0.9858429431915283,-0.9382542371749878,-0.9671099185943604,-1.1167328357696533,-0.8032125234603882,-0.5031694173812866,-0.20730887353420258,0.29840317368507385,0.028185829520225525,-0.5230487585067749,-0.3249663710594177,-0.23969154059886932,-0.6567943692207336,-0.43043264746665955,-0.12431420385837555,-0.12443576753139496,-0.03962557017803192,0.320485919713974,0.32021456956863403,-0.039849694818258286,-0.6455132961273193,-1.3379347324371338,-1.090359091758728,-0.2927219867706299,-0.36534881591796875,-0.7056460380554199,-0.5230655670166016,0.04453546553850174,0.21154066920280457,-0.10350599884986877,-0.15328086912631989,-0.025575149804353714,0.6601403951644897,1.2603362798690796,0.7251632213592529,1.003039002418518,1.849136233329773,0.6191605925559998
-0.5665667057037354,-0.5794650912284851,-0.5911256670951843,-0.5020166039466858,-0.9031667113304138,-1.2575721740722656,-1.0146594047546387,-0.4492235779762268,-0.3871760666370392,-0.7220524549484253,-0.29299792647361755,0.029453471302986145,-0.027604710310697556,-0.1812749058008194,-0.18765534460544586,-0.3581675589084625,-0.6417678594589233,-0.48008185625076294,-0.21816211938858032,-0.19295470416545868,-0.10227874666452408,0.3183392286300659,0.34555837512016296,-0.024986257776618004,-0.10887967050075531,-0.220908522605896,-0.2309264987707138,0.005274372175335884,-0.46173959970474243,-0.6624331474304199,-0.22303198277950287,0.1669200211763382,0.17499366402626038,-0.11669353395700455,-0.3236859142780304,-0.33563512563705444,0.8859439492225647,1.7108855247497559,0.8001401424407959,0.9452226161956787,2.244722843170166,1.6860840320587158
-0.5331214070320129,-0.565322756767273,-0.6537529230117798,-0.6970627307891846,-0.6686177253723145,-0.4631668031215668,-0.3738122284412384,-0.46728160977363586,-0.3535180687904358,-0.3597675561904907,-0.34578457474708557,-0.18162724375724792,-0.09162548184394836,-0.17314228415489197,-0.3148094415664673,-0.4058171808719635,-0.49207040667533875,-0.44321149587631226,-0.3716616630554199,-0.38706621527671814,-0.21735377609729767,-0.005708128213882446,0.2720721364021301,0.2246476411819458,0.349749892950058,0.7548022866249084,0.4189615845680237,0.31721341609954834,-0.014770638197660446,-0.4576970040798187,0.008107134141027927,0.3695366382598877,0.0037956982851028442,-0.4049805998802185,-0.5033754110336304,-0.3441322445869446,0.7161146402359009,1.4646906852722168,0.7649571299552917,0.3464284837245941,0.7016544342041016,0.7555878758430481
-0.5095556378364563,-0.553400993347168,-0.6725313067436218,-0.819809079170227,-0.7560573220252991,-0.44630566239356995,-0.5944132804870605,-0.8181462287902832,-0.40984395146369934,-0.2395026534795761,-0.3327770233154297,-0.21705682575702667,-0.19152991473674774,-0.2647365927696228,-0.33884018659591675,-0.3799669146537781,-0.44794782996177673,-0.35738834738731384,-0.4178735315799713,-0.604388952255249,-0.3719278573989868,-0.04499461501836777,0.287898987531662,0.2693142294883728,0.524916410446167,1.016693115234375,0.35516855120658875,0.6809093952178955,1.0933369398117065,-0.34219253063201904,-0.1671888679265976,0.3055395185947418,-0.6978464126586914,-0.6138506531715393,-0.3989441990852356,-0.38428035378456116,0.1285352110862732,0.16605743765830994,0.5182828903198242,1.4594652652740479,1.1610907316207886,0.5298206210136414
-0.5233636498451233,-0.5943071842193604,-0.6371908783912659,-0.8097751140594482,-0.7295242547988892,-0.5281482338905334,-0.7248482704162598,-0.7504993677139282,-0.4274447560310364,-0.32660597562789917,-0.2981049418449402,-0.18712739646434784,-0.18439671397209167,-0.2642359733581543,-0.3399277329444885,-0.3820370137691498,-0.399892657995224,-0.37314626574516296,-0.41546547412872314,-0.5077310800552368,-0.4053580164909363,-0.18341830372810364,-0.015018094331026077,0.33641180396080017,0.4345332086086273,0.6426291465759277,0.7571655511856079,0.7797991037368774,1.1710147857666016,0.20995822548866272,-0.3049886226654053,0.4394766390323639,-0.31772226095199585,-1.0311411619186401,-0.6646535396575928,-0.3716888129711151,-0.19326730072498322,-0.03343783691525459,0.2497328221797943,1.5716577768325806,1.938122034072876,0.46852245926856995
-0.5257565975189209,-0.5737197399139404,-0.4978601038455963,-0.5192784070968628,-0.6387379169464111,-0.6668305993080139,-0.6771454215049744,-0.6645602583885193,-0.5140263438224792,-0.40816962718963623,-0.3131158947944641,-0.17678625881671906,-0.13973020017147064,-0.23642055690288544,-0.3314172625541687,-0.3638850152492523,-0.32221314311027527,-0.3578527569770813,-0.4662790894508362,-0.5095768570899963,-0.47392794489860535,-0.3116568624973297,-0.07034043222665787,0.30846717953681946,0.2734542787075043,0.30837172269821167,0.6163541674613953,0.49541524052619934,0.22234882414340973,-0.39673200249671936,-0.34871041774749756,0.4164355993270874,-0.37720605731010437,-1.6273828744888306,-1.1415554285049438,-0.3762754499912262,-0.11232778429985046,0.23699532449245453,0.02799513377249241,0.6733770966529846,1.7271122932434082,0.6201332211494446
-0.5444506406784058,-0.5830150842666626,-0.457515686750412,-0.44197162985801697,-0.6827783584594727,-0.8408368229866028,-0.7773611545562744,-0.6608253717422485,-0.5492357015609741,-0.4615192413330078,-0.30104896426200867,-0.17229311168193817,-0.146627739071846,-0.22049710154533386,-0.29155054688453674,-0.2703712582588196,-0.19418077170848846,-0.11175127327442169,-0.5472313761711121,-0.9735539555549622,-0.6708857417106628,-0.37139037251472473,-0.1959531605243683,0.2798651456832886,0.2303929626941681,0.05203085392713547,0.06424553692340851,-0.07296369224786758,-0.31935277581214905,-0.5489397048950195,-0.06320606917142868,-0.21416302025318146,-1.0478527545928955,-1.0887912511825562,-0.83364337682724,-0.5168368816375732,-0.06440547853708267,-0.0350382961332798,0.13154304027557373,1.2301561832427979,1.8805443048477173,0.7458176612854004
