demo/sfcwind/0830-wind-surface-level-gfs-1.0.json
{"header": {"productDefinitionTemplate": 0, "surface1Type": 103, "productStatus": 0, "disciplineName": "Meteorological products", "subDivisions": 0, "winds": "true", "parameterNumberName": "U-component_of_wind", "discipline": 0, "surface2Value": 0, "significanceOfRTName": "Start of forecast", "surface2TypeName": "Missing", "surface2Type": 255, "productTypeName": "Forecast products", "dx": 0.024617210030555725, "dy": 0.01798853650689125, "numberPoints": 65160, "productStatusName": "Operational products", "gribEdition": 2, "parameterUnit": "m.s-1", "forecastTime": 0, "refTime": "2020-09-30T06:30:00.000Z", "productType": 1, "genProcessTypeName": "Forecast", "scanMode": 0, "genProcessType": 2, "gribLength": 11338.0, "significanceOfRT": 1, "productDefinitionTemplateName": "Analysis/forecast at horizontal level/layer at a point in time", "centerName": "WRF OUTPUT", "la1": 43.66691207885742, "la2": 42.426788330078125, "lo2": 13.70867919921875, "gridUnits": "degrees", "surface1Value": 10, "shapeName": "Earth spherical with radius of 6,371,229.0 m", "surface1TypeName": "Specified height level above ground", "nx": 70.0, "ny": 70.0, "lo1": 12.008544921875, "basicAngle": 0, "gridDefinitionTemplate": 0, "shape": 6, "parameterNumber": 2, "subcenter": 0, "parameterCategoryName": "Momentum", "parameterCategory": 2, "center": 0, "gridDefinitionTemplateName": "Latitude_Longitude", "resolution": 48}, "data":
[rows 38 to 56 of 70, columns 0 to 41 of 70]
-0.5858660340309143,-0.6105096936225891,-0.4399791359901428,-0.38597986102104187,-0.36120715737342834,-0.6154093146324158,-0.8444464206695557,-0.5883369445800781,-0.3675363063812256,-0.3187301754951477,-0.23260025680065155,-0.13557672500610352,-0.12120947241783142,-0.24034737050533295,-0.2962489724159241,-0.22841598093509674,-0.06201782822608948,0.20949335396289825,-0.37228477001190186,-1.4231541156768799,-1.3091989755630493,-0.6556748151779175,-0.2524653673171997,0.16752760112285614,0.16293667256832123,-0.06365254521369934,-0.0303165465593338,-0.0430588535964489,-0.23495927453041077,-0.35284578800201416,0.25237199664115906,-0.2776326537132263,-1.2953503131866455,-0.6395624876022339,-0.5215504765510559,-0.8738573789596558,-0.3281524181365967,-0.31694498658180237,-0.08077193796634674,0.8402994275093079,1.0488779544830322,0.5829280018806458
-0.5380898714065552,-0.553996741771698,-0.42153361439704895,-0.2921605706214905,-0.18973542749881744,-0.5027137398719788,-0.8694871664047241,-0.4708385169506073,-0.3704146444797516,-0.7028892636299133,-0.4237596094608307,-0.03356129676103592,-0.09583529829978943,-0.299343079328537,-0.33938169479370117,-0.19790402054786682,-0.01529648620635271,0.2851676344871521,-0.07403598725795746,-1.2361276149749756,-1.8784739971160889,-1.4288145303726196,-0.6421703100204468,0.09207094460725784,0.15005552768707275,-0.12256620079278946,-0.15395094454288483,-0.12997551262378693,0.0017162300646305084,0.3540020287036896,0.4807760417461395,-0.5673038363456726,-1.0065746307373047,-0.4852643311023712,-0.5458821654319763,-0.7412895560264587,-0.6631196737289429,-0.5210909843444824,-0.24064938724040985,0.3271801471710205,0.9154484272003174,0.9887399673461914
-0.4761594831943512,-0.4188993275165558,-0.36241787672042847,-0.27651268243789673,0.00343981827609241,-0.3627172112464905,-0.87852543592453,-0.7303431034088135,-0.8934109210968018,-0.8744657039642334,-0.39435386657714844,-0.07746300101280212,-0.1166873350739479,-0.4533786177635193,-0.4938727021217346,-0.2163766473531723,-0.013850321993231773,-0.05224134027957916,-0.2432430535554886,-0.12780511379241943,-0.9538581967353821,-1.9953513145446777,-1.4210872650146484,-0.12867724895477295,0.11792795360088348,-0.17921710014343262,-0.1117015928030014,-0.13722063601016998,0.0845656618475914,0.6556190848350525,0.6618878245353699,-0.5704776048660278,-1.1150970458984375,-0.5297883749008179,-0.7517575025558472,-0.5957629680633545,-0.5398821830749512,-0.906100869178772,-0.4668104946613312,-0.2529734969139099,-0.04009784758090973,0.21317124366760254
-0.36901891231536865,-0.3129793107509613,-0.39517742395401,-0.20300249755382538,-0.24293124675750732,-0.7155632376670837,-0.7244281768798828,-0.4802286624908447,-0.5500637888908386,-0.5651504993438721,-0.4429394602775574,-0.18204089999198914,-0.08851705491542816,-0.23123633861541748,-0.3186015188694,-0.20618745684623718,-0.11174030601978302,-0.18355141580104828,-0.3448300361633301,-0.19174008071422577,-0.5635641813278198,-1.9229168891906738,-1.847296953201294,-0.5906931757926941,-0.28257572650909424,-0.27715981006622314,-0.08074101060628891,0.0282952431589365,0.11905971169471741,0.3749138414859772,0.8578250408172607,0.10227544605731964,-1.0296268463134766,-0.34855180978775024,-0.09715522825717926,-0.3258431553840637,-0.5748262405395508,-1.0686008930206299,-0.548423171043396,-0.18555831909179688,-0.2206803262233734,0.23550166189670563
-0.3984144628047943,-0.3359263837337494,-0.3760088086128235,-0.34111303091049194,-0.4402163326740265,-0.5222037434577942,-0.4827103316783905,-0.5477721691131592,-0.9853785037994385,-1.0831174850463867,-0.538823664188385,-0.21906696259975433,-0.1951698213815689,-0.21321433782577515,-0.2343277484178543,-0.14285139739513397,-0.1663244664669037,-0.14089125394821167,-0.37380191683769226,-0.8273314833641052,-0.6727643609046936,-0.729387104511261,-1.3525227308273315,-1.2724292278289795,-0.6169325709342957,-0.3339662253856659,-0.31645146012306213,-0.09441599994897842,0.054908253252506256,0.39210665225982666,0.8590714931488037,0.5709947943687439,-0.5001891851425171,-0.5297501683235168,-0.33417975902557373,-0.4583609998226166,-0.3504745662212372,-0.39278334379196167,-0.35318759083747864,-0.30312734842300415,-0.14405620098114014,0.10237384587526321
-0.3763294816017151,-0.33431461453437805,-0.38135403394699097,-0.29075533151626587,-0.3711049556732178,-0.7012902498245239,-0.6870624423027039,-0.4161175489425659,-1.1029419898986816,-1.472043752670288,-0.6061205863952637,-0.22083799540996552,-0.4048132598400116,-0.3086340129375458,-0.16753989458084106,-0.05372804403305054,-0.04793853685259819,0.009631861932575703,-0.5286130309104919,-1.3475244045257568,-1.1313557624816895,-0.7913073301315308,-0.780961275100708,-0.7097959518432617,-0.6950451135635376,-0.9290347099304199,-0.8792499303817749,-0.2679730951786041,0.08645812422037125,0.3988192081451416,1.0841766595840454,0.6817675232887268,-0.5571338534355164,-0.3256266713142395,-0.12556734681129456,-0.5971922874450684,-0.43814969062805176,0.022445861250162125,-0.15479755401611328,-0.394100159406662,-0.21677221357822418,0.08514793962240219
-0.3853053152561188,-0.3547930419445038,-0.3572414815425873,-0.29129689931869507,-0.2642151415348053,-0.4017694294452667,-0.48946598172187805,-0.17891040444374084,-0.7017835974693298,-1.321807622909546,-0.6353729367256165,-0.2824708819389343,-0.7161011695861816,-0.7127183675765991,-0.2739991843700409,-0.034172289073467255,0.0007454976439476013,-0.004340052604675293,-0.2602093517780304,-1.1550976037979126,-1.6325435638427734,-1.123801827430725,-0.7303603291511536,-0.8438838720321655,-0.6499680280685425,-0.49244484305381775,-0.6923576593399048,-0.25799259543418884,0.1345290094614029,0.4545104503631592,1.1571892499923706,0.6359248161315918,-0.34742605686187744,0.13635334372520447,0.499850332736969,-0.13861887156963348,-0.5162792801856995,0.22678476572036743,-0.006014973856508732,-0.5627028942108154,-0.16901423037052155,-0.06609863042831421
-0.32969966530799866,-0.26518264412879944,-0.2611222267150879,-0.2705669105052948,-0.21604321897029877,-0.12197063118219376,-0.09289849549531937,0.04435012862086296,-0.6843311190605164,-1.2907154560089111,-0.6168308854103088,-0.17508408427238464,-0.6136759519577026,-0.7708503007888794,-0.34977981448173523,-0.06924163550138474,-0.07425963133573532,0.15079981088638306,-0.2791266441345215,-1.8622363805770874,-2.0642590522766113,-0.9952428340911865,-0.7926185131072998,-1.0843135118484497,-0.9335362911224365,-0.488892525434494,-0.3498319089412689,-0.05061769858002663,0.14333675801753998,0.41557320952415466,1.0560493469238281,0.5893259644508362,-0.398303747177124,-0.30041319131851196,0.022006554529070854,0.14688250422477722,-0.06697943061590195,0.2271180897951126,0.1658821403980255,-0.22042831778526306,0.06891089677810669,0.031019892543554306
-0.37879860401153564,-0.307235449552536,-0.23427720367908478,-0.38244354724884033,-0.27101001143455505,0.09072437137365341,0.2083645910024643,0.215155690908432,-0.6102430820465088,-1.3552864789962769,-0.9200866222381592,-0.381535142660141,-0.37580958008766174,-0.3838734030723572,-0.34145626425743103,-0.21909315884113312,-0.13707339763641357,-0.016934556886553764,0.08396077901124954,-0.9169949293136597,-1.5711100101470947,-0.7664917707443237,-0.5404974818229675,-0.9968194961547852,-1.0834095478057861,-0.6475595831871033,-0.2593875229358673,0.03566885367035866,0.14849117398262024,0.39531421661376953,0.8851594924926758,0.7359698414802551,-0.20171648263931274,-0.6914629936218262,-0.573005735874176,0.021780699491500854,0.4556974172592163,0.22919891774654388,0.45044273138046265,0.3824153542518616,0.07586424797773361,0.024244055151939392
-0.27794262766838074,-0.20961788296699524,-0.2258182168006897,-0.3829527497291565,-0.2641891539096832,0.1624564826488495,0.40151870250701904,0.32988569140434265,-0.7067234516143799,-1.3787729740142822,-0.7597482800483704,-0.2614656090736389,-0.30455756187438965,-0.5491978526115417,-0.6815906763076782,-0.3148169219493866,-0.16497312486171722,-0.17445075511932373,-0.09964887797832489,-0.1362375020980835,-0.2593823969364166,-0.730686604976654,-1.248355746269226,-0.9998781085014343,-0.6747740507125854,-0.30982568860054016,-0.006707622203975916,0.08937849849462509,0.17864416539669037,0.38971325755119324,0.7346674799919128,0.8626113533973694,0.5039144158363342,-0.28527092933654785,-0.7778459787368774,-0.3619077205657959,-0.233749121427536,0.025901053100824356,0.37187448143959045,-0.6114775538444519,-0.846108615398407,-0.3144199550151825
-0.3551228642463684,-0.28825101256370544,-0.2304569035768509,-0.3552711308002472,-0.3503125011920929,0.0691901370882988,0.5823735594749451,0.5158682465553284,-0.7187801003456116,-1.6052489280700684,-1.075594425201416,-0.16543065011501312,-0.37164387106895447,-1.108344316482544,-0.9517586827278137,-0.3361018896102905,-0.22094391286373138,-0.28354448080062866,-0.14346261322498322,-0.06932991743087769,0.07609183341264725,-0.3881544768810272,-0.9810890555381775,-0.4513711929321289,-0.40084174275398254,-0.352792888879776,0.14762938022613525,0.1578959822654724,0.09511788934469223,0.3303179144859314,0.675290584564209,0.9206641912460327,0.6241914629936218,-1.0689423084259033,-2.163585662841797,-1.3672471046447754,-0.32696494460105896,-0.06148628145456314,-1.2917847633361816,-1.8816537857055664,-1.1615818738937378,-1.1402761936187744
-0.3561374843120575,-0.29955244064331055,-0.26294952630996704,-0.3433707356452942,-0.3706742227077484,-0.08426699042320251,0.5179644227027893,0.36317676305770874,-0.3883555829524994,-0.5816360712051392,-0.5991369485855103,-0.8010008335113525,-1.1375281810760498,-1.1584665775299072,-0.798450231552124,-0.48592132329940796,-0.36014193296432495,-0.3721255958080292,-0.2329036146402359,-0.14460408687591553,0.005573539528995752,0.27934733033180237,-0.5483883619308472,-0.8339603543281555,-0.3132970929145813,-0.332657128572464,0.14395377039909363,0.2033042013645172,-0.10303787142038345,0.34554561972618103,0.5041611194610596,0.8888605237007141,-0.30952608585357666,-2.44144868850708,-1.605045199394226,-0.3162446916103363,-0.8710962533950806,-2.223849058151245,-2.122497081756592,-0.9858843088150024,-0.48147594928741455,-0.2669496238231659
-0.30570176243782043,-0.2313234657049179,-0.31095853447914124,-0.39323166012763977,-0.384248822927475,-0.2681448459625244,0.3040350377559662,0.18668773770332336,-0.7499117851257324,-0.4723835587501526,-0.3850044012069702,-1.3887825012207031,-1.4980859756469727,-0.8419085144996643,-0.6239651441574097,-0.6048166751861572,-0.5396894812583923,-0.4595613479614258,-0.3546466529369354,-0.28371813893318176,-0.0024405799340456724,0.7354424595832825,0.1873801201581955,-0.8516457676887512,-0.2511477470397949,-0.2815978229045868,-0.0796375572681427,0.21848823130130768,-0.19483913481235504,0.2871820330619812,0.7286831736564636,1.0360809564590454,-0.8004714846611023,-3.0747241973876953,-1.9006447792053223,-0.18565788865089417,-1.0968180894851685,-1.2655503749847412,-0.8495561480522156,-1.8484548330307007,-1.5337755680084229,0.025792771950364113
-0.39284053444862366,-0.3359438180923462,-0.34242525696754456,-0.2769906222820282,-0.42436298727989197,-0.46559426188468933,0.08682088553905487,0.019119296222925186,-0.7156491279602051,-0.614942193031311,-0.2217659056186676,-0.5304917693138123,-0.7222794890403748,-0.7086047530174255,-0.7971284985542297,-0.7234826683998108,-0.6121771931648254,-0.4746379256248474,-0.30870601534843445,-0.2772049605846405,-0.09941710531711578,0.6240568161010742,0.46939027309417725,-0.9256823658943176,-0.6119340658187866,-0.34950587153434753,-0.2567296028137207,0.07991880178451538,-0.2438734769821167,0.28399646282196045,0.6249566078186035,0.235707625746727,-1.415029525756836,-1.8819960355758667,-0.48616519570350647,-0.0055296276696026325,-1.3144842386245728,-1.266800045967102,-0.7018758058547974,-1.239882469177246,-0.7329965829849243,0.12414129078388214
-0.5081778764724731,-0.37000206112861633,-0.3893330991268158,-0.296512633562088,-0.3525213897228241,-0.41573476791381836,-0.2121555358171463,-0.23150375485420227,-0.4028370678424835,-0.3216337561607361,-0.2205665409564972,-0.4928804337978363,-0.7261801958084106,-0.544819176197052,-0.7498812675476074,-1.2579762935638428,-0.9355968832969666,-0.3211047351360321,-0.29503464698791504,-0.2977866232395172,-0.050540585070848465,0.2723565399646759,0.6348222494125366,-0.8025153279304504,-1.8896420001983643,-1.16244375705719,-0.23219849169254303,0.04043840244412422,-0.16497984528541565,0.13475877046585083,0.5810819864273071,-0.867240846157074,-2.253432273864746,-0.5139604806900024,0.7721261978149414,0.23853152990341187,-0.17406824231147766,-0.3843611478805542,-0.8485674262046814,-1.1792196035385132,-0.7592709064483643,0.14299070835113525
-0.8100994229316711,-0.5787603855133057,-0.5056140422821045,-0.29310446977615356,-0.32530471682548523,-0.4059455692768097,-0.298750102519989,-0.24886231124401093,-0.2670991122722626,-0.7912135720252991,-0.5498153567314148,-0.5702317953109741,-1.2834560871124268,-0.7984728217124939,-0.6577521562576294,-0.9859887361526489,-0.590697169303894,-0.2947394847869873,-0.2989320456981659,-0.3175123929977417,-0.17887841165065765,0.31669220328330994,0.5067445635795593,-1.421416163444519,-2.2684741020202637,-0.9082696437835693,0.150183767080307,-0.16409152746200562,-0.7277458310127258,0.20140457153320312,0.04303700104355812,-1.50299072265625,-1.1612584590911865,0.1696532964706421,0.590091347694397,0.08750931918621063,0.221278578042984,0.302280068397522,-0.5460605025291443,-0.3133906424045563,0.02027706243097782,-0.2290334701538086
-1.0337660312652588,-0.7458134889602661,-0.6563790440559387,-0.41671472787857056,-0.4077291190624237,-0.5548949837684631,-0.44702616333961487,-0.32577699422836304,-0.21973109245300293,-0.2367645800113678,0.18046896159648895,-0.05667009577155113,-1.3816407918930054,-1.2524856328964233,-0.41067737340927124,-0.40320634841918945,-0.40644553303718567,-0.3372260630130768,-0.29481613636016846,-0.2513618469238281,-0.22364920377731323,0.3468185365200043,-0.355758398771286,-2.527956485748291,-2.1893210411071777,-0.62581866979599,0.13104626536369324,-0.07268551737070084,-0.6426714658737183,0.2516917884349823,-0.24792169034481049,-0.7806631326675415,-0.10598276555538177,0.13114632666110992,0.3752918541431427,-0.1899130642414093,-0.14930272102355957,0.22127172350883484,-0.2543830871582031,0.032348986715078354,-0.048585664480924606,-0.546352744102478
-1.5376614332199097,-1.1112546920776367,-0.874590277671814,-0.49778562784194946,-0.5476647019386292,-0.6423225402832031,-0.4259454011917114,-0.25380367040634155,-0.15413042902946472,-0.07425760477781296,0.4186824858188629,0.3284585177898407,-1.3213579654693604,-1.5411735773086548,-0.36550480127334595,-0.24322447180747986,-0.6204418540000916,-0.642935037612915,-0.2738206684589386,-0.2625693380832672,-0.3895815312862396,0.21587465703487396,-0.16512829065322876,-2.114724636077881,-1.9272568225860596,-0.4005982279777527,0.14591668546199799,-0.24342678487300873,-0.5661866068840027,0.11744045466184616,-0.4343356490135193,-0.4097922146320343,0.1397654116153717,0.4452310800552368,0.27436089515686035,-0.7435588836669922,-0.16938404738903046,0.16540813446044922,-0.18352855741977692,0.1652810275554657,-0.13235881924629211,-0.4524162709712982
-1.6441839933395386,-1.2881041765213013,-1.0944609642028809,-0.4989500939846039,-0.44069111347198486,-0.6260426640510559,-0.4125852584838867,-0.292501300573349,-0.16319331526756287,-0.06679102033376694,0.34744441509246826,0.5481560826301575,-1.146071195602417,-1.6778255701065063,-0.31636226177215576,0.07173998653888702,-0.2320462167263031,-0.36231529712677,-0.19996872544288635,-0.23722870647907257,-0.37747761607170105,-0.027997754514217377,0.48796966671943665,-0.5528967380523682,-1.2967803478240967,-0.23407785594463348,0.34422674775123596,-0.2720577120780945,-0.5499714612960815,0.004871190059930086,-0.16925939917564392,-0.5335726737976074,-0.4775266945362091,0.4643012285232544,0.3810867667198181,-0.7562451362609863,0.05242481827735901,0.9001990556716919,-0.06673545390367508,0.10674479603767395,0.5110002756118774,-0.21259471774101257
