demo/sfcwind/0830-wind-surface-level-gfs-1.0.json
{"header": {"productDefinitionTemplate": 0, "surface1Type": 103, "productStatus": 0, "disciplineName": "Meteorological products", "subDivisions": 0, "winds": "true", "parameterNumberName": "V-component_of_wind", "discipline": 0, "surface2Value": 0, "significanceOfRTName": "Start of forecast", "surface2TypeName": "Missing", "surface2Type": 255, "productTypeName": "Forecast products", "dx": 0.024617210030555725, "dy": 0.01798853650689125, "numberPoints": 65160, "productStatusName": "Operational products", "gribEdition": 2, "parameterUnit": "m.s-1", "forecastTime": 0, "refTime": "2020-09-30T06:30:00.000Z", "productType": 1, "genProcessTypeName": "Forecast", "scanMode": 0, "genProcessType": 2, "gribLength": 11338.0, "significanceOfRT": 1, "productDefinitionTemplateName": "Analysis/forecast at horizontal level/layer at a point in time", "centerName": "WRF OUTPUT", "la1": 43.66691207885742, "la2": 42.426788330078125, "lo2": 13.70867919921875, "gridUnits": "degrees", "surface1Value": 10, "shapeName": "Earth spherical with radius of 6,371,229.0 m", "surface1TypeName": "Specified height level above ground", "nx": 70.0, "ny": 70.0, "lo1": 12.008544921875, "basicAngle": 0, "gridDefinitionTemplate": 0, "shape": 6, "parameterNumber": 3, "subcenter": 0, "parameterCategoryName": "Momentum", "parameterCategory": 2, "center": 0, "gridDefinitionTemplateName": "Latitude_Longitude", "resolution": 48}, "data":
[rows 38 to 56 of 70, columns 0 to 41 of 70]
-0.13845691084861755,-0.15525636076927185,-0.16767220199108124,-0.25101393461227417,-0.3560425937175751,-0.38813599944114685,-0.37824395298957825,-0.2368166595697403,-0.34397709369659424,-0.18406298756599426,-0.24146166443824768,-0.4105439782142639,-0.47613275051116943,-0.43621137738227844,-0.4510398805141449,-0.4618462324142456,-0.5429911613464355,-0.5576080679893494,-0.7863388061523438,-0.5226820111274719,-0.09029272198677063,0.18095508217811584,0.2908574640750885,0.32962387800216675,0.26634475588798523,0.35524728894233704,0.4420396387577057,0.5103759169578552,0.5257911682128906,-0.1534174382686615,-0.6471884846687317,-0.0855410248041153,0.6462912559509277,0.01228538528084755,0.07552202045917511,0.6954103112220764,0.6508721113204956,0.4574654996395111,0.8240052461624146,0.8228651285171509,0.6777227520942688,0.736321210861206
-0.08826261013746262,-0.10191933065652847,-0.1286446452140808,-0.20654885470867157,-0.32415851950645447,-0.3714127540588379,-0.4435061514377594,-0.3988195061683655,-0.32872357964515686,-0.1445322334766388,-0.28715577721595764,-0.43758919835090637,-0.46599826216697693,-0.5262443423271179,-0.47500428557395935,-0.4665626585483551,-0.4924619495868683,-0.36903345584869385,-0.3241453766822815,0.0005759000778198242,-0.26364338397979736,0.10691486299037933,0.3214819133281708,0.3348950743675232,0.240835502743721,0.2989889085292816,0.35677167773246765,0.4411299228668213,0.25973382592201233,-0.10253338515758514,-0.2278887927532196,0.23606431484222412,0.5215299129486084,0.13045617938041687,0.40144890546798706,0.8725095987319946,0.8580142259597778,0.6215991377830505,0.28688883781433105,0.4746870696544647,0.7379941344261169,1.1130597591400146
-0.04511033371090889,-0.05763166770339012,-0.086575448513031,-0.13000336289405823,-0.2502402365207672,-0.08209418505430222,-0.1380343735218048,-0.1658504456281662,-0.07456458359956741,-0.09837810695171356,-0.28251710534095764,-0.3985290229320526,-0.39015528559684753,-0.49670517444610596,-0.49915605783462524,-0.45434460043907166,-0.43465203046798706,-0.23968054354190826,0.05236099287867546,0.2616227865219116,-0.030882759019732475,-0.18223555386066437,0.1937633752822876,0.24365635216236115,0.21416977047920227,0.26832398772239685,0.2893867790699005,0.20037953555583954,0.15798482298851013,0.19347594678401947,0.04758753627538681,0.11471600830554962,0.45090794563293457,0.890778660774231,1.0633423328399658,0.9731714129447937,0.7039303779602051,1.1534719467163086,0.3865536153316498,0.11435896158218384,0.004849731922149658,0.009257525205612183
-0.011716850101947784,-0.03248129040002823,-0.046240754425525665,-0.017539048567414284,0.1979765146970749,0.1929841935634613,-0.0013276496902108192,-0.07813975214958191,-0.18828319013118744,-0.16069245338439941,-0.21892672777175903,-0.3118908405303955,-0.2569853961467743,-0.28103840351104736,-0.3578469753265381,-0.43237364292144775,-0.3972734808921814,-0.23805387318134308,-0.07797935605049133,0.15075284242630005,0.342996746301651,0.12935438752174377,-0.17670823633670807,0.1240895465016365,0.15052743256092072,0.18670350313186646,0.2266719788312912,0.2798822820186615,0.295751690864563,0.3838915526866913,0.19654327630996704,-0.07847009599208832,0.050298020243644714,0.6312057971954346,0.9557543992996216,0.7027426362037659,0.5310035943984985,0.9689739942550659,0.5036317706108093,0.2795470058917999,-0.045932602137327194,-0.00025129527784883976
0.008044888265430927,-0.02748194709420204,-0.030985578894615173,0.04310670867562294,0.5082456469535828,0.21652284264564514,-0.07616514712572098,-0.2382780760526657,-0.3774757981300354,-0.1774362176656723,-0.17043480277061462,-0.28755977749824524,-0.29662618041038513,-0.17365314066410065,-0.25873470306396484,-0.3953615128993988,-0.39915356040000916,-0.3197161555290222,-0.13956913352012634,0.04413613677024841,0.31531399488449097,0.5079017877578735,0.08031048625707626,0.11078158020973206,0.19216126203536987,0.3238525688648224,0.39906975626945496,0.4734971821308136,0.5125835537910461,0.48188284039497375,0.2563181221485138,0.08169844001531601,0.07003598660230637,0.3039936423301697,0.22209382057189941,0.29256558418273926,0.36134329438209534,0.2811499536037445,0.12123753875494003,0.09640564024448395,0.10442347824573517,0.1971384584903717
0.013472561724483967,-0.019200902432203293,-0.022173576056957245,0.029859434813261032,0.4180954396724701,0.1651558130979538,-0.1654472053050995,-0.29313185811042786,-0.32360827922821045,0.04000687599182129,-0.14147773385047913,-0.3157019019126892,-0.4928927719593048,-0.23187151551246643,-0.2869887351989746,-0.32683974504470825,-0.3135433793067932,-0.2809428572654724,-0.17067262530326843,-0.08646176755428314,0.16391579806804657,0.3574203848838806,0.388773113489151,0.254251629114151,0.3460434079170227,0.6373656392097473,0.9452551007270813,0.6235721111297607,0.5797048211097717,0.5385531783103943,0.2723858058452606,0.22249233722686768,0.5525705218315125,0.45684128999710083,0.12362544983625412,0.12797702848911285,0.2664259672164917,0.14675311744213104,-0.011079635471105576,0.048581019043922424,0.11791660636663437,0.05380421131849289
0.013508868403732777,0.0044034793972969055,-0.020717062056064606,-0.001268649590201676,0.22131095826625824,0.04147478938102722,-0.23317906260490417,-0.32528287172317505,-0.23688021302223206,0.1590644121170044,-0.1490645557641983,-0.30798396468162537,-0.4244033694267273,-0.3073192834854126,-0.2284594178199768,-0.2704041004180908,-0.19344668090343475,-0.15774884819984436,-0.21128441393375397,-0.23748435080051422,0.12209202349185944,0.2115776687860489,0.1886337399482727,0.28303036093711853,0.42951691150665283,0.5727065801620483,1.1096442937850952,0.7518361806869507,0.6053558588027954,0.6049771308898926,0.43045467138290405,0.2420601099729538,0.3521178364753723,0.1729266494512558,0.17666766047477722,0.08709761500358582,0.08286496251821518,0.022009585052728653,0.13857772946357727,0.2919352054595947,-0.13231529295444489,-0.35600703954696655
0.003592939116060734,0.008461128920316696,-0.025492457672953606,-0.004241955000907183,0.09984184801578522,-0.01026228629052639,-0.18614496290683746,-0.29773321747779846,-0.14322760701179504,0.2586996853351593,-0.024321328848600388,-0.16099965572357178,-0.1361948400735855,-0.22975093126296997,-0.1773807853460312,-0.2663956582546234,-0.1742459386587143,-0.09014943242073059,-0.08222567290067673,-0.32251033186912537,-0.41622334718704224,-0.1775776445865631,-0.3522595763206482,-0.13182315230369568,0.48213648796081543,0.5678761005401611,0.8240177631378174,0.724446713924408,0.6013681888580322,0.6196079850196838,0.559402346611023,0.2767358124256134,-0.47543835639953613,-0.5686454772949219,-0.25897711515426636,0.4411609172821045,0.3232761323451996,-0.35527560114860535,0.07177095115184784,-0.3440949320793152,-0.6037660241127014,-0.5584591627120972
-0.021909860894083977,-0.014255834743380547,-0.027761312201619148,0.025955956429243088,0.14485928416252136,0.14869223535060883,-0.02825746312737465,-0.1250634789466858,-0.0255680400878191,0.3625618517398834,0.1388823688030243,-0.07089774310588837,-0.10542373359203339,-0.1635708212852478,-0.20013275742530823,-0.23540005087852478,-0.19172987341880798,-0.07161791622638702,0.09172460436820984,-0.24278157949447632,-0.9874032735824585,-0.628623366355896,-0.58968186378479,-0.18098947405815125,0.3848603069782257,0.7354834675788879,0.6794342398643494,0.6399748921394348,0.5881744623184204,0.5650708079338074,0.6083422303199768,0.47544512152671814,-0.4025379419326782,-0.6779341697692871,-0.2878399193286896,0.4162721037864685,0.1526099443435669,-0.2470341920852661,-0.019855521619319916,0.11582271009683609,0.6774038672447205,1.0871387720108032
-0.06391993910074234,-0.04806089401245117,-0.04846026748418808,0.03977254033088684,0.2218608409166336,0.261823832988739,0.24592997133731842,0.11961588263511658,0.06995263695716858,0.18828406929969788,-0.03930861875414848,-0.18668913841247559,-0.3987029492855072,-0.27632904052734375,-0.1828756332397461,-0.20270651578903198,-0.2123240977525711,-0.07692223787307739,0.08383017033338547,-0.049728043377399445,-0.5085896849632263,-0.508785605430603,0.14470314979553223,0.7623350024223328,0.44759196043014526,0.5673419833183289,0.590505063533783,0.5585890412330627,0.5081073045730591,0.5153917670249939,0.5278862118721008,0.5137071013450623,0.3234407603740692,-0.2947508692741394,-0.3923524022102356,-0.8698315620422363,-0.551520586013794,-0.18409116566181183,-0.06543712317943573,1.444496989250183,1.043849229812622,1.038396954536438
-0.11148885637521744,-0.09353286027908325,-0.08523345738649368,0.016004737466573715,0.20414602756500244,0.23949654400348663,0.4041498303413391,0.4643729627132416,0.22534701228141785,-0.12217527627944946,-0.5108755230903625,-0.4266268014907837,-0.46431902050971985,-0.2785152196884155,-0.3271389603614807,-0.25569847226142883,-0.24756796658039093,-0.06642333418130875,0.06391911953687668,0.08708618581295013,0.0524299331009388,-0.1281256526708603,0.09866766631603241,0.6065433025360107,0.5050304532051086,0.29238998889923096,0.43658071756362915,0.3675980865955353,0.4471934735774994,0.4638094902038574,0.44361042976379395,0.26526695489883423,0.2897900342941284,0.334446519613266,-0.2111789733171463,-1.4275445938110352,-0.40873977541923523,-0.16553139686584473,0.8273284435272217,1.364072561264038,0.5196027159690857,0.28647783398628235
-0.15437492728233337,-0.13756968080997467,-0.12223119288682938,-0.03405752405524254,0.08643155544996262,0.12869669497013092,0.3208555579185486,0.6562276482582092,0.5449389219284058,-0.10375307500362396,-0.5370054244995117,-0.6495667695999146,-0.37943631410598755,-0.2593948543071747,-0.3639873266220093,-0.3580001890659332,-0.25453364849090576,-0.058262746781110764,0.0892014428973198,0.17874927818775177,0.16251732409000397,0.18708182871341705,-0.1350136250257492,-0.47482120990753174,0.4158410429954529,0.08527375757694244,0.3154715597629547,0.24369165301322937,0.42170652747154236,0.41060003638267517,0.39397066831588745,0.1015317514538765,-0.12993811070919037,-0.27013731002807617,-0.7510746717453003,-0.7627931833267212,-0.44125816226005554,0.7000419497489929,0.9583548307418823,0.468984991312027,0.6194747090339661,0.304351270198822
-0.20781800150871277,-0.15601623058319092,-0.14654812216758728,-0.08412690460681915,-0.05220012366771698,0.011570040136575699,0.13779443502426147,0.409525603055954,0.7592462301254272,0.09909389913082123,0.015742171555757523,-0.3134615421295166,-0.3979717493057251,-0.27766892313957214,-0.3166842758655548,-0.3654482960700989,-0.17105403542518616,0.0142883425578475,0.08412707597017288,0.13208408653736115,0.17083075642585754,0.3456065058708191,0.37432733178138733,-0.5592910647392273,0.05813165009021759,-0.06220080703496933,0.11533911526203156,0.20004071295261383,0.27574220299720764,0.2632982134819031,0.14766095578670502,0.020123498514294624,-0.3111034631729126,-1.234285831451416,-2.104055881500244,-0.9139857888221741,-0.18607333302497864,1.4699597358703613,0.21630573272705078,1.2868279218673706,1.2088185548782349,0.3308664858341217
-0.2334904968738556,-0.17290660738945007,-0.16097572445869446,-0.1385365128517151,-0.17625680565834045,-0.14860454201698303,-0.03666859492659569,0.15761145949363708,0.6013298034667969,0.20504824817180634,0.29896706342697144,0.1234317272901535,-0.09317479282617569,-0.29991665482521057,-0.5628384947776794,-0.32394275069236755,-0.004604503512382507,0.10775728523731232,0.14412140846252441,0.14254000782966614,0.14022618532180786,0.3052517771720886,0.5550513863563538,-0.3756905198097229,-1.0046088695526123,-0.4534186124801636,-0.1553249955177307,-0.10464552789926529,0.0012354112695902586,-0.019863370805978775,-0.1469421535730362,-0.21516287326812744,0.6468102335929871,-0.23904088139533997,-0.963521420955658,-0.6855486035346985,1.0443183183670044,1.4542685747146606,0.43432241678237915,1.8310593366622925,1.2824466228485107,0.5723822712898254
-0.2768811881542206,-0.20487412810325623,-0.18682198226451874,-0.1872706264257431,-0.22504185140132904,-0.16744300723075867,-0.10164220631122589,0.03431214764714241,0.14458894729614258,-0.23231135308742523,-0.38513708114624023,-0.19719719886779785,-0.31725311279296875,-0.5320955514907837,-0.48414573073387146,-0.19360095262527466,0.07958560436964035,0.08371074497699738,0.12510813772678375,0.16285842657089233,0.1953655481338501,0.32266584038734436,0.32545000314712524,-0.2581499516963959,-1.5175445079803467,-0.8276138305664062,-0.31639277935028076,-0.30493807792663574,-0.1642943024635315,-0.1537814736366272,-0.3175763487815857,0.38095229864120483,1.7390587329864502,0.1293058544397354,-0.05967949703335762,-0.057796377688646317,1.3957759141921997,1.11061692237854,0.5290466547012329,0.7598479986190796,0.31448009610176086,0.2280215322971344
-0.31746047735214233,-0.2432178556919098,-0.22731342911720276,-0.23542781174182892,-0.2337217777967453,-0.10259868949651718,-0.11646711826324463,-0.14125554263591766,-0.10411975532770157,-0.3052215278148651,-0.8017977476119995,-0.5986827611923218,-0.6596393585205078,-0.08527931571006775,-0.0410093255341053,0.045499131083488464,-0.022137464955449104,-0.07844717055559158,-0.018247785046696663,0.07338125258684158,0.13257178664207458,0.12788870930671692,0.022160634398460388,0.016101384535431862,-0.7117842435836792,-0.41497567296028137,-0.44943809509277344,-0.3441397249698639,-0.11443694680929184,-0.26297056674957275,-0.17825914919376373,1.4030952453613281,0.880785346031189,-0.3846222758293152,-0.48820632696151733,-0.38509640097618103,0.5846719145774841,0.592670738697052,0.2946981191635132,0.24049112200737,-0.07067632675170898,-0.10281181335449219
-0.3428504467010498,-0.2879365086555481,-0.2682321071624756,-0.2521120607852936,-0.2899935841560364,-0.21335060894489288,-0.18095290660858154,-0.215768963098526,-0.12473756074905396,-0.13464045524597168,-0.410712867975235,-0.5732271075248718,-0.2032977193593979,0.5516237020492554,0.21862152218818665,0.05664016678929329,-0.21781416237354279,-0.29148438572883606,-0.17561693489551544,-0.12341966480016708,-0.0923139676451683,-0.06275221705436707,-0.08971443772315979,0.04362020641565323,-0.16198162734508514,-0.3904327154159546,-0.6545701026916504,-0.36928823590278625,0.2631481885910034,-0.23288753628730774,0.1325916051864624,1.1471329927444458,-0.058165185153484344,-0.4813699722290039,-0.23698711395263672,0.056223753839731216,0.44456419348716736,0.21263322234153748,0.06744308769702911,-0.08601812273263931,-0.15820464491844177,0.035099394619464874
-0.3831806778907776,-0.3281437158584595,-0.3107389509677887,-0.26695168018341064,-0.39618730545043945,-0.2403300553560257,-0.2445918768644333,-0.25191929936408997,-0.24881410598754883,-0.37575024366378784,-0.33437249064445496,-0.27708032727241516,0.14063812792301178,0.3758811056613922,0.2506396770477295,-0.016149671748280525,-0.28213098645210266,-0.4312780499458313,-0.3088272213935852,-0.285656213760376,-0.32250362634658813,-0.08392250537872314,-0.13336922228336334,-0.04847943037748337,0.031883835792541504,-0.5669516324996948,-0.5632174611091614,0.19785749912261963,0.9071750044822693,0.30250775814056396,0.10970713943243027,-0.2707407772541046,-0.16780497133731842,-0.5095524787902832,-0.3109009861946106,0.4221768379211426,0.6108360886573792,0.18850138783454895,-0.048155952244997025,-0.11718492209911346,-0.03790150582790375,0.5018826723098755
-0.3942306637763977,-0.3680596649646759,-0.36096885800361633,-0.2880398631095886,-0.3370993435382843,-0.2896115481853485,-0.3257092237472534,-0.2629866898059845,-0.2695482075214386,-0.3006414473056793,-0.28274771571159363,-0.11438653618097305,0.10099508613348007,-0.09895053505897522,0.11101017147302628,-0.011738180182874203,-0.11600063741207123,-0.28844648599624634,-0.24200241267681122,-0.1946515291929245,-0.3639981150627136,-0.21939456462860107,-0.12750521302223206,0.08273513615131378,0.4068068265914917,-0.20935629308223724,-0.22883488237857819,0.3427444100379944,0.6888719797134399,0.6000234484672546,0.2494528591632843,-1.2509100437164307,-1.2786080837249756,-0.4946313500404358,-0.2964964807033539,0.31648117303848267,0.5036889314651489,0.11385224014520645,0.22687658667564392,0.07834585756063461,0.20392738282680511,0.8461107015609741
