demo/sfcwind/0900-wind-surface-level-gfs-1.0.json
{"header": {"productDefinitionTemplate": 0, "surface1Type": 103, "productStatus": 0, "disciplineName": "Meteorological products", "subDivisions": 0, "winds": "true", "parameterNumberName": "V-component_of_wind", "discipline": 0, "surface2Value": 0, "significanceOfRTName": "Start of forecast", "surface2TypeName": "Missing", "surface2Type": 255, "productTypeName": "Forecast products", "dx": 0.024617210030555725, "dy": 0.01798853650689125, "numberPoints": 65160, "productStatusName": "Operational products", "gribEdition": 2, "parameterUnit": "m.s-1", "forecastTime": 0, "refTime": "2020-09-30T07:00:00.000Z", "productType": 1, "genProcessTypeName": "Forecast", "scanMode": 0, "genProcessType": 2, "gribLength": 11338.0, "significanceOfRT": 1, "productDefinitionTemplateName": "Analysis/forecast at horizontal level/layer at a point in time", "centerName": "WRF OUTPUT", "la1": 43.66691207885742, "la2": 42.426788330078125, "lo2": 13.70867919921875, "gridUnits": "degrees", "surface1Value": 10, "shapeName": "Earth spherical with radius of 6,371,229.0 m", "surface1TypeName": "Specified height level above ground", "nx": 70.0, "ny": 70.0, "lo1": 12.008544921875, "basicAngle": 0, "gridDefinitionTemplate": 0, "shape": 6, "parameterNumber": 3, "subcenter": 0, "parameterCategoryName": "Momentum", "parameterCategory": 2, "center": 0, "gridDefinitionTemplateName": "Latitude_Longitude", "resolution": 48}, "data":
[rows 19 to 37 of 70, columns 0 to 41 of 70]
-0.09291112422943115,-0.07828877866268158,-0.0669901892542839,-0.07045936584472656,0.029968732967972755,-0.1656385362148285,-0.26368993520736694,-0.43564489483833313,-0.5839680433273315,-0.974790096282959,-1.1819279193878174,-0.8497627973556519,-0.46924689412117004,-0.4056136906147003,-0.14900924265384674,0.11169595271348953,0.14825674891471863,-0.33784961700439453,-0.26145100593566895,0.15229807794094086,-0.0964418351650238,-0.4144125282764435,-0.0530216284096241,0.2808128595352173,0.561913013458252,0.6154391169548035,0.671667754650116,0.09031540900468826,0.2350367158651352,0.3957669734954834,0.4858124256134033,-0.011614561080932617,0.748434841632843,0.6564030647277832,0.4785596430301666,0.38893991708755493,0.041577018797397614,0.14660590887069702,0.3210546374320984,0.20496629178524017,0.36752849817276,0.4081445336341858
-0.06952611356973648,-0.06473875790834427,-0.061895210295915604,-0.07240073382854462,0.0036076544784009457,-0.22730937600135803,-0.3595547080039978,-0.5917564630508423,-0.9446777105331421,-0.45525169372558594,-0.3683854937553406,-0.40878111124038696,-0.3274833559989929,-0.33692261576652527,-0.2888013422489166,-0.16322311758995056,-0.14971280097961426,-0.27264606952667236,-0.10099519044160843,0.10389142483472824,0.31440863013267517,0.025732308626174927,-0.2607176601886749,-0.174717977643013,0.08497294783592224,0.3877217769622803,0.4907732605934143,0.12724235653877258,0.06469345837831497,0.2687860429286957,0.14990675449371338,-0.07033800333738327,0.8094138503074646,0.39355015754699707,0.19603800773620605,0.01647154800593853,-0.3626825213432312,0.1745820939540863,0.38789600133895874,0.4636814594268799,0.5405128002166748,0.614435613155365
-0.047005463391542435,-0.030812634155154228,-0.04311555624008179,-0.03599578142166138,0.12840163707733154,-0.15120829641819,-0.2807396352291107,-0.3858790695667267,-0.48878854513168335,-0.22958822548389435,-0.3446388840675354,-0.5325484871864319,-0.5855844020843506,-0.5360866189002991,-0.3441079258918762,-0.3271576464176178,-0.14890001714229584,0.024264244362711906,0.17050321400165558,0.4475110173225403,0.8337380886077881,0.3505024015903473,-0.4458387494087219,-0.431081086397171,-0.15105260908603668,0.08783963322639465,0.23383209109306335,0.13974374532699585,-0.12470985949039459,-0.12536069750785828,-0.05251273140311241,-0.0420837365090847,1.3479573726654053,0.786022961139679,-0.41635996103286743,-0.3947010040283203,-0.4422547519207001,-0.031125323846936226,0.2732127904891968,0.41156113147735596,0.5746729373931885,0.7375823855400085
-0.021476246416568756,-0.007191989105194807,-0.0165387112647295,0.011057508178055286,0.26945000886917114,0.055466268211603165,-0.10300714522600174,-0.25266146659851074,-0.24391873180866241,-0.7332461476325989,-0.9547075033187866,-0.7074224948883057,-0.7602342367172241,-0.9671565294265747,-0.5360541939735413,-0.5346698760986328,-0.19400617480278015,0.05930354446172714,0.5188053250312805,0.8245117664337158,0.7026541829109192,0.4323645830154419,0.09503951668739319,0.004509240388870239,0.011552251875400543,-0.02379247173666954,0.004570157267153263,-0.06146911531686783,-0.26070037484169006,-0.34843549132347107,-0.12475617974996567,0.0864269807934761,1.0282424688339233,1.907181978225708,0.1213105097413063,-0.13809740543365479,0.15376368165016174,-0.3270224928855896,0.1484367698431015,0.3671604096889496,0.49577027559280396,0.6063686609268188
-0.004120970610529184,0.010326114483177662,0.000645347055979073,-0.006301531568169594,0.1026337519288063,-0.10347075760364532,-0.17657659947872162,-0.33523935079574585,-0.5476416945457458,-0.7699762582778931,0.10353508591651917,-0.09496229887008667,-0.24442024528980255,-0.6303027272224426,-0.45038700103759766,-0.3842323124408722,-0.21412400901317596,0.06239532306790352,0.5067587494850159,0.4666333794593811,0.345755934715271,0.46621596813201904,0.5058922171592712,0.3792214095592499,0.0423973947763443,-0.11578261852264404,-0.1782398521900177,-0.32620537281036377,-0.33978214859962463,0.05038011074066162,0.16529661417007446,0.12427964061498642,0.2965375483036041,1.497416615486145,0.17206650972366333,0.4454366862773895,0.44634121656417847,-0.032999441027641296,0.02656404860317707,0.15313231945037842,0.3780635893344879,0.3641520142555237
-0.0007998535875231028,0.01892639324069023,0.007598262745887041,-0.019424334168434143,0.04007218778133392,-0.5458868145942688,-0.5777773261070251,-0.5269892811775208,-0.628937840461731,-0.3030277192592621,0.695260226726532,-0.03080035001039505,-0.22822557389736176,-0.3981614112854004,-0.4409067928791046,-0.29711630940437317,-0.286074161529541,-0.026059428229928017,0.19038385152816772,0.2560189962387085,0.44626614451408386,0.32069894671440125,0.024154342710971832,-0.044118210673332214,-0.2893058657646179,-0.47559359669685364,-0.342767596244812,-0.3133893311023712,-0.13178473711013794,0.20177587866783142,0.04440624639391899,-0.023062821477651596,0.14005908370018005,0.6463301181793213,-0.08497825264930725,0.9330324530601501,0.8044980764389038,0.98439621925354,0.2812686562538147,-0.19451706111431122,0.09068536013364792,0.381930947303772
-0.006818926893174648,0.0036750296130776405,-0.014565722085535526,-0.11639531701803207,-0.20024526119232178,-0.1518261581659317,-0.46490949392318726,-0.5072797536849976,-0.6211495399475098,-0.1740070879459381,0.49821293354034424,-0.3099558651447296,-0.7358132600784302,-0.6757738590240479,-0.17202059924602509,-0.29634857177734375,-0.35283344984054565,-0.19940294325351715,-0.03330407664179802,0.18211321532726288,0.3012882471084595,0.20039542019367218,-0.2628612518310547,-0.3734796941280365,-0.5577957630157471,-0.7420456409454346,-0.5416128635406494,-0.3153802454471588,-0.21507467329502106,0.15659299492835999,0.41028767824172974,0.38302937150001526,0.246614471077919,0.25809431076049805,0.4326329529285431,1.0850781202316284,1.4026799201965332,1.2498730421066284,0.7079367637634277,0.6772512793540955,0.013093041256070137,0.23309050500392914
-0.024275461211800575,-0.029978932812809944,-0.05738389864563942,-0.23026691377162933,-0.5752238035202026,-0.3807774782180786,-0.5752602219581604,-0.6701149344444275,-0.37983426451683044,0.04343217983841896,0.36027252674102783,-0.37399011850357056,-0.5311691164970398,-0.15723957121372223,0.629206120967865,0.0009600315243005753,-0.18870128691196442,-0.24747717380523682,-0.07369083166122437,0.11211801320314407,0.22743138670921326,0.32849574089050293,-0.29154789447784424,-0.5981759428977966,-0.6749141216278076,-0.5707749724388123,-0.7839349508285522,-0.6330521106719971,-0.22073443233966827,0.5218803882598877,0.949561595916748,0.8078104257583618,0.4057886600494385,-0.19517621397972107,0.932117223739624,1.0493773221969604,1.0972065925598145,0.4485721290111542,0.36840686202049255,0.8584181666374207,0.17805227637290955,0.06157303974032402
-0.04802622273564339,-0.05058237537741661,-0.07502643018960953,-0.22074168920516968,-0.43150728940963745,-0.6547629237174988,-0.19612950086593628,-0.15457791090011597,-0.06957568973302841,0.33238109946250916,0.26345181465148926,0.0038316105492413044,0.002549345139414072,0.39271846413612366,0.6659584045410156,-0.029962699860334396,-0.16337311267852783,-0.28649064898490906,-0.1355116069316864,-0.03539721667766571,0.1553734838962555,0.4578469693660736,-0.2393970638513565,-0.839709997177124,-0.6806834936141968,-0.3964526057243347,-0.3361089825630188,-0.44145670533180237,-0.0855131447315216,0.5348372459411621,0.7606173157691956,0.6182128190994263,0.49904966354370117,-0.16201314330101013,0.8704917430877686,0.7407843470573425,0.3442547023296356,-0.23572461307048798,-0.5957850217819214,-0.37608858942985535,0.09633127599954605,0.3416265547275543
-0.0824122354388237,-0.1057271882891655,-0.11462950706481934,-0.21538467705249786,-0.25920963287353516,-0.20439496636390686,0.11796293407678604,0.34223276376724243,0.05444500222802162,0.2472989708185196,0.20891661942005157,0.13488182425498962,0.024310968816280365,0.03413126617670059,0.24008022248744965,-0.004943002946674824,-0.581702470779419,-0.33533206582069397,-0.1293153017759323,0.13322755694389343,0.14187410473823547,0.3977035582065582,0.21202190220355988,-0.5130015015602112,-0.5145153999328613,-0.28794991970062256,-0.048413537442684174,0.07215132564306259,0.06679210066795349,0.08920451253652573,0.2169983983039856,0.2751297950744629,0.27679044008255005,0.25775855779647827,0.42904677987098694,0.14279301464557648,0.2710600793361664,0.5248357057571411,-0.6700307726860046,-0.8001840710639954,-0.3866507411003113,0.4102642238140106
-0.1337023824453354,-0.19110707938671112,-0.17517347633838654,-0.2645145356655121,-0.4666060507297516,-0.2799448072910309,-0.11888634413480759,0.05638090893626213,0.02347560040652752,0.18941807746887207,0.20299096405506134,-0.06427059322595596,-0.2458030879497528,-0.34092146158218384,0.14728793501853943,0.06563573330640793,-0.4603114724159241,-0.3060680627822876,-0.06465361267328262,0.16327887773513794,0.05058338865637779,0.2186497449874878,0.2701917290687561,-0.2731066942214966,-0.5807667374610901,-0.5354067087173462,-0.238799050450325,0.27790555357933044,0.4469200372695923,0.2076338231563568,0.2515506446361542,0.17988482117652893,0.1470387876033783,0.5729498863220215,0.9056550860404968,0.11314358562231064,0.3192019462585449,0.9078942537307739,-0.045268431305885315,-0.5503824353218079,-0.6755087375640869,0.19285829365253448
-0.19465228915214539,-0.24449491500854492,-0.2224978506565094,-0.3018704950809479,-0.3877387046813965,-0.20786622166633606,-0.09510739892721176,-0.04611489921808243,-0.08519338816404343,-0.0777241587638855,0.03452393412590027,-0.038316771388053894,-0.04517841339111328,0.34833335876464844,0.12782008945941925,0.06634342670440674,-0.06126802787184715,-0.18081460893154144,-0.03466463088989258,-0.1246587410569191,-0.040709927678108215,0.2646650969982147,0.14918142557144165,-0.08275078237056732,0.11608687043190002,0.07776330411434174,0.5411576628684998,0.5587437152862549,0.5155782103538513,0.4213939905166626,0.4604942798614502,0.19929847121238708,0.1317887157201767,0.6463988423347473,1.1543159484863281,0.4410678744316101,0.11368509382009506,-0.0481683611869812,-0.11761889606714249,-0.12128738313913345,-0.6503366827964783,-0.1579751968383789
-0.2637269198894501,-0.28758370876312256,-0.270786851644516,-0.3682558536529541,-0.6316977739334106,-0.07526092976331711,0.12977349758148193,0.12359286844730377,-0.19190074503421783,-0.36076194047927856,-0.1363847702741623,0.004230776336044073,0.4517088532447815,0.9296286106109619,0.07835735380649567,-0.0471072643995285,-0.28260764479637146,-0.23314188420772552,-0.09835299849510193,-0.06796377152204514,0.1114330142736435,0.20950046181678772,0.2758890390396118,0.4834429919719696,0.8571455478668213,0.8072673082351685,0.381733238697052,0.35883980989456177,0.23917795717716217,0.3314225673675537,0.09896408021450043,-0.057233504951000214,-0.03323223814368248,0.27220577001571655,0.47909337282180786,0.3796353340148926,0.28034400939941406,-0.4731593132019043,-0.4791412651538849,-0.0898837074637413,-0.5411440134048462,-0.4649820029735565
-0.35726550221443176,-0.36962395906448364,-0.3520135283470154,-0.35049524903297424,-0.27623558044433594,0.1782897710800171,0.21731598675251007,-0.018283221870660782,-0.2089756429195404,-0.3423709273338318,-0.24664385616779327,-0.16018091142177582,0.3233480751514435,0.49944618344306946,0.2615956962108612,-0.007587100379168987,-0.2706836462020874,-0.191415935754776,-0.2580670118331909,-0.09549343585968018,0.020885253325104713,0.12323404103517532,0.24688445031642914,0.43428540229797363,0.5491881966590881,0.7120665907859802,0.3087209463119507,-0.5295045971870422,-0.061912454664707184,0.4387071132659912,-0.04622838273644447,-0.24031563103199005,-0.392105370759964,-0.2928163707256317,0.3493335545063019,0.2559969425201416,0.1241043359041214,-0.2100284844636917,-0.10753020644187927,0.03762373700737953,0.1253288984298706,0.21833448112010956
-0.43928053975105286,-0.45451968908309937,-0.4386768937110901,-0.34021174907684326,0.11818081140518188,-0.06610550731420517,-0.29359981417655945,-0.4423148036003113,-0.200531467795372,-0.23237255215644836,-0.3108900189399719,-0.2222464680671692,-0.0596608929336071,0.1226399764418602,0.14903704822063446,0.09835691750049591,0.006264822091907263,-0.09405936300754547,-0.2948557436466217,-0.16700245440006256,0.03175083547830582,0.22757968306541443,0.220875084400177,0.30226290225982666,0.5222611427307129,0.6885584592819214,1.1217375993728638,-0.2349034696817398,-0.5915512442588806,0.23197564482688904,-0.11781271547079086,-0.4007948338985443,-0.13191799819469452,-0.05316460132598877,0.6151109337806702,0.35321682691574097,-0.1013982892036438,0.5343318581581116,0.9664151072502136,0.6460705399513245,0.2787678837776184,0.5512800812721252
-0.4725551903247833,-0.49216902256011963,-0.49435147643089294,-0.4793192744255066,-0.5173040628433228,-0.5102006196975708,-0.3613838851451874,-0.34324386715888977,-0.2966127097606659,-0.26233404874801636,-0.24378249049186707,-0.21058008074760437,-0.18553315103054047,-0.06788972020149231,-0.016924403607845306,0.028407249599695206,-0.04922836273908615,-0.22669456899166107,-0.19617001712322235,-0.09884532541036606,0.14204664528369904,0.29226168990135193,0.37734898924827576,0.46107059717178345,0.5794912576675415,0.76777583360672,1.0292532444000244,0.4995935559272766,-0.4182819128036499,-0.08420921862125397,-0.379326730966568,-0.38089901208877563,0.4865298271179199,0.4202328622341156,0.5940307974815369,0.5735133290290833,0.5390627980232239,0.8861036896705627,0.8891623616218567,1.1513952016830444,0.18716952204704285,0.21658477187156677
-0.47760528326034546,-0.48994502425193787,-0.4851929247379303,-0.48506832122802734,-0.5350943207740784,-0.2932451367378235,-0.1370578110218048,-0.2275606244802475,-0.3714439272880554,-0.3853291869163513,-0.2584925591945648,-0.27862921357154846,-0.27007660269737244,-0.18913748860359192,-0.0907292440533638,-0.09371766448020935,-0.22232680022716522,-0.2820013165473938,-0.12367215007543564,0.016392039135098457,0.09144685417413712,0.3208370804786682,0.5082411170005798,0.4954395294189453,0.5845271348953247,0.8066835403442383,0.8489243388175964,0.49006229639053345,0.4659629464149475,0.0652306005358696,-0.41372230648994446,-0.18626248836517334,0.43605995178222656,0.6263347864151001,0.4313550591468811,0.44206371903419495,0.4115772545337677,0.1769789308309555,0.2082802653312683,0.9011737108230591,0.41199466586112976,0.052409883588552475
-0.4554050862789154,-0.45510226488113403,-0.42101800441741943,-0.3733707070350647,-0.29647356271743774,-0.05091969668865204,-0.006497630383819342,-0.1814804971218109,-0.34608137607574463,-0.34236499667167664,-0.3339438736438751,-0.35675936937332153,-0.28774145245552063,-0.23263467848300934,-0.2037215232849121,-0.23951394855976105,-0.3971807062625885,-0.5524255037307739,-0.4216689467430115,-0.4235804080963135,-0.16518600285053253,0.2855490446090698,0.515286922454834,0.5472882986068726,0.6366096138954163,0.6763115525245667,0.7578396201133728,0.6935815811157227,0.6376399993896484,0.09349027276039124,-0.524372935295105,-0.32823270559310913,0.18669579923152924,0.7328222393989563,0.3517872095108032,0.14117680490016937,0.09549903869628906,-0.048591237515211105,-0.038480646908283234,0.14989762008190155,0.054666563868522644,-0.29370415210723877
-0.38172438740730286,-0.3896275758743286,-0.3453872501850128,-0.3226046860218048,-0.2916015386581421,-0.08962181955575943,-0.07916683703660965,-0.20016615092754364,-0.4070030152797699,-0.389024555683136,-0.3057236075401306,-0.3463130295276642,-0.31950512528419495,-0.3213973343372345,-0.34666359424591064,-0.38155531883239746,-0.5463802814483643,-0.7897085547447205,-0.7786237597465515,-0.7366960048675537,-0.013008124195039272,0.26699206233024597,0.6078581809997559,0.6580577492713928,0.6309669613838196,0.7449356317520142,0.8290571570396423,0.8520082831382751,0.7103780508041382,0.12554195523262024,-0.5229998826980591,-0.15602870285511017,0.573645830154419,0.6870201230049133,0.6194719076156616,0.8481646776199341,0.30019694566726685,0.47510650753974915,0.37393563985824585,0.07390294224023819,0.08389100432395935,-0.5385730862617493
