demo/sfcwind/0900-wind-surface-level-gfs-1.0.json
{"header": {"productDefinitionTemplate": 0, "surface1Type": 103, "productStatus": 0, "disciplineName": "Meteorological products", "subDivisions": 0, "winds": "true", "parameterNumberName": "U-component_of_wind", "discipline": 0, "surface2Value": 0, "significanceOfRTName": "Start of forecast", "surface2TypeName": "Missing", "surface2Type": 255, "productTypeName": "Forecast products", "dx": 0.024617210030555725, "dy": 0.01798853650689125, "numberPoints": 65160, "productStatusName": "Operational products", "gribEdition": 2, "parameterUnit": "m.s-1", "forecastTime": 0, "refTime": "2020-09-30T07:00:00.000Z", "productType": 1, "genProcessTypeName": "Forecast", "scanMode": 0, "genProcessType": 2, "gribLength": 11338.0, "significanceOfRT": 1, "productDefinitionTemplateName": "Analysis/forecast at horizontal level/layer at a point in time", "centerName": "WRF OUTPUT", "la1": 43.66691207885742, "la2": 42.426788330078125, "lo2": 13.70867919921875, "gridUnits": "degrees", "surface1Value": 10, "shapeName": "Earth spherical with radius of 6,371,229.0 m", "surface1TypeName": "Specified height level above ground", "nx": 70.0, "ny": 70.0, "lo1": 12.008544921875, "basicAngle": 0, "gridDefinitionTemplate": 0, "shape": 6, "parameterNumber": 2, "subcenter": 0, "parameterCategoryName": "Momentum", "parameterCategory": 2, "center": 0, "gridDefinitionTemplateName": "Latitude_Longitude", "resolution": 48}, "data":
[rows 0 to 18 of 70, columns 0 to 41 of 70]
-0.24873210489749908,-0.11126396059989929,0.14444740116596222,0.4388728737831116,0.6881518363952637,0.9770176410675049,1.2785205841064453,1.6395888328552246,1.942664623260498,2.093693971633911,2.1425869464874268,2.119117498397827,1.9715576171875,1.822016954421997,1.6128783226013184,1.410929799079895,1.2332544326782227,1.0320171117782593,0.8622386455535889,0.7623869776725769,0.7265774607658386,0.725604236125946,0.7822633981704712,0.8555510640144348,0.8870776295661926,0.9339451789855957,1.0056442022323608,1.065850853919983,1.1492571830749512,1.2263952493667603,1.2793869972229004,1.3526242971420288,1.4351214170455933,1.5011147260665894,1.5359419584274292,1.5413191318511963,1.4950602054595947,1.3655744791030884,1.2530511617660522,1.2029414176940918,1.168675184249878,1.1610987186431885
-0.5946221351623535,-0.49063214659690857,-0.010599175468087196,0.25878727436065674,0.47731664776802063,0.6662053465843201,0.8501577377319336,1.0447026491165161,1.2035810947418213,1.26512610912323,1.3584381341934204,1.456140160560608,1.4455156326293945,1.3325920104980469,1.243760585784912,1.2013919353485107,1.1033587455749512,0.966266393661499,0.8895838856697083,0.8641344904899597,0.8034863471984863,0.773496150970459,0.834710955619812,0.8918504118919373,0.8829813599586487,0.8828761577606201,0.8944356441497803,0.8813146352767944,0.855635404586792,0.8609799742698669,0.8837075233459473,0.9704611897468567,1.1198680400848389,1.2731997966766357,1.3468148708343506,1.367861270904541,1.3583043813705444,1.305761456489563,1.2455428838729858,1.2119436264038086,1.1929067373275757,1.1946089267730713
-0.7523850798606873,-0.6447254419326782,-0.05350053310394287,0.1637338101863861,0.382437139749527,0.5412651300430298,0.6715950965881348,0.806586503982544,0.8972384333610535,0.9206348061561584,0.9785183668136597,1.0503612756729126,1.0836609601974487,1.0551549196243286,1.0883986949920654,1.083611249923706,1.0028351545333862,0.8833999037742615,0.8640233278274536,0.8609700798988342,0.8139865398406982,0.7829746603965759,0.8523200154304504,0.9024375081062317,0.8653271794319153,0.8388844132423401,0.7984230518341064,0.7152257561683655,0.663297176361084,0.7266184091567993,0.8120127320289612,0.8791582584381104,0.9758458137512207,1.0960147380828857,1.158576488494873,1.2049217224121094,1.2378051280975342,1.2497162818908691,1.2445193529129028,1.2453968524932861,1.2401546239852905,1.233021855354309
-0.6656426787376404,-0.5547508597373962,-0.1259472668170929,0.0839790478348732,0.24664659798145294,0.32735687494277954,0.3974221646785736,0.48959219455718994,0.5629312992095947,0.6047530174255371,0.7051510214805603,0.8974335193634033,0.9897140860557556,0.9173987507820129,0.9147546291351318,0.9152165651321411,0.8798767328262329,0.9146695733070374,0.9134074449539185,0.9257321357727051,0.9350945949554443,0.8940277099609375,0.8318120241165161,0.7574403882026672,0.6809161901473999,0.6778655052185059,0.6889665126800537,0.6697343587875366,0.6676011681556702,0.7146223187446594,0.7680708765983582,0.816211998462677,0.9032453298568726,0.9961144328117371,1.0534789562225342,1.117845058441162,1.1851564645767212,1.2320846319198608,1.2560700178146362,1.2655140161514282,1.2460819482803345,1.2109347581863403
-0.5714583396911621,-0.46176090836524963,-0.15923792123794556,0.12951837480068207,0.2107536494731903,0.08810057491064072,0.07300803065299988,0.062272198498249054,0.09455454349517822,0.21031343936920166,0.3706012964248657,0.5338501334190369,0.6735317707061768,0.8683720827102661,1.1109988689422607,0.9803681373596191,0.8325185775756836,0.8783913850784302,0.830570638179779,1.0780712366104126,1.2510690689086914,1.2271606922149658,1.1431958675384521,0.6791719198226929,0.3112832307815552,0.32596251368522644,0.47864827513694763,0.5917620658874512,0.6107820868492126,0.8301323056221008,1.037736415863037,1.0872958898544312,1.1079120635986328,1.130105972290039,1.195418357849121,1.2987077236175537,1.3864799737930298,1.4286993741989136,1.4091732501983643,1.3596034049987793,1.272058129310608,1.1517088413238525
-0.2704657018184662,-0.18430763483047485,-0.20170535147190094,0.22895005345344543,0.25186941027641296,0.0480373315513134,0.0672229528427124,-0.0652063861489296,-0.02101316675543785,0.28825947642326355,0.5827528238296509,0.6670377254486084,0.7320093512535095,0.7631052136421204,0.6963561177253723,0.7922120690345764,0.9363491535186768,0.8028234243392944,0.729208767414093,0.820640504360199,0.9578545093536377,1.1015316247940063,0.8119058012962341,0.3515087962150574,0.26779305934906006,0.3728753328323364,0.47060585021972656,0.726136326789856,0.8249382376670837,0.7312209606170654,0.9227210283279419,1.061838150024414,0.9764423966407776,1.0024728775024414,1.0835046768188477,1.1477746963500977,1.2346922159194946,1.3060022592544556,1.3269104957580566,1.3796342611312866,1.3249013423919678,1.1606801748275757
-0.1961039900779724,-0.10791461169719696,-0.23612616956233978,0.2589414715766907,0.27824074029922485,-0.06631011515855789,0.02015211060643196,-0.022012291476130486,-0.03366636857390404,0.05418023839592934,0.22670608758926392,0.2714538276195526,0.4923188388347626,0.9260362386703491,0.7025870084762573,0.642505943775177,0.7443928122520447,0.616452157497406,0.7179968357086182,0.7458788752555847,1.0645005702972412,1.6531705856323242,1.9151756763458252,1.1669228076934814,0.5175675749778748,0.5851916074752808,0.7181025743484497,0.8449351787567139,0.823766827583313,0.8896948099136353,1.081357479095459,1.1098716259002686,0.9776357412338257,0.8579122424125671,0.8901755213737488,1.1039676666259766,1.2751383781433105,1.3268228769302368,1.3687074184417725,1.4448999166488647,1.363922119140625,1.1097732782363892
-0.28357627987861633,-0.20579834282398224,-0.3021489381790161,0.15290714800357819,0.09732452780008316,-0.20764318108558655,-0.12652605772018433,-0.04416734725236893,0.09436436742544174,0.06491155922412872,0.14351612329483032,0.16954493522644043,0.43184202909469604,0.8361647129058838,0.7099732756614685,0.4679924547672272,0.4937398433685303,0.5104174017906189,0.6106112003326416,0.7697979807853699,0.8092859983444214,0.8217220306396484,1.8925666809082031,2.3567121028900146,1.5207157135009766,1.0075522661209106,0.8307318091392517,0.6314103603363037,0.5230556726455688,0.4170234203338623,0.5134828090667725,0.7848067879676819,0.9262108206748962,0.7855991125106812,0.7179039120674133,0.8426644802093506,1.0994656085968018,1.4262598752975464,1.4718891382217407,1.3640093803405762,1.114817500114441,0.7692443132400513
-0.36710962653160095,-0.2867400348186493,-0.36785584688186646,-0.013052481226623058,-0.10433469712734222,-0.2922324538230896,-0.20594561100006104,-0.23957407474517822,-0.0011088603641837835,0.14169050753116608,0.1243787556886673,0.147457554936409,0.22322890162467957,0.37823012471199036,0.6761684417724609,0.59079909324646,0.42707952857017517,0.5445722937583923,0.6849316358566284,0.9737781882286072,0.7971473932266235,0.40877360105514526,0.31507498025894165,0.494502454996109,1.5360863208770752,2.255117177963257,1.5365722179412842,0.5679008960723877,0.07016901671886444,-0.14689773321151733,0.12118954211473465,0.5532638430595398,0.8630560636520386,0.699593722820282,0.3826266825199127,0.2226770967245102,0.4770883321762085,1.1056466102600098,1.4627259969711304,0.9584866762161255,0.398237019777298,0.3445208966732025
-0.7208032608032227,-0.6827021837234497,-0.5136674642562866,-0.16408014297485352,-0.28699421882629395,-0.37482744455337524,-0.1762905716896057,-0.2683858275413513,-0.10686296969652176,0.15309669077396393,0.2632783055305481,0.1880161166191101,0.2666435241699219,0.3093772828578949,0.24042768776416779,0.32569947838783264,0.5583434700965881,0.9673028588294983,1.1866235733032227,0.7881794571876526,0.4115820527076721,0.3557295501232147,-0.12608611583709717,-0.24049478769302368,0.08702344447374344,0.7756660580635071,1.4276013374328613,0.9185251593589783,-0.005708632059395313,-0.3685411810874939,0.03710652515292168,0.2874208986759186,0.3013913333415985,0.5432425141334534,0.5422704219818115,0.015403581783175468,0.19775524735450745,1.5766962766647339,2.7980518341064453,1.6765416860580444,0.2524670362472534,0.19697816669940948
-1.0151900053024292,-0.9806850552558899,-0.5874276757240295,-0.5371662378311157,-0.6192446947097778,-0.40381094813346863,-0.22982706129550934,-0.2995022237300873,-0.17772415280342102,0.03655744716525078,0.21085478365421295,0.24977757036685944,0.21892493963241577,0.19556905329227448,0.2423488050699234,0.29738715291023254,0.18813669681549072,0.19530752301216125,0.614091694355011,0.7091726064682007,0.30210670828819275,0.762816309928894,0.770667552947998,-0.4426823556423187,-0.49210429191589355,0.38437649607658386,0.8765798211097717,1.2515499591827393,0.5139604806900024,-0.42126449942588806,-0.2664831578731537,-0.38850006461143494,-0.6170170903205872,-0.4714582562446594,-0.12307567149400711,0.14507347345352173,0.12711258232593536,0.7660192847251892,1.7120344638824463,1.411664605140686,0.6656758189201355,0.5607552528381348
-1.271195888519287,-1.2770158052444458,-0.7300648093223572,-0.5475070476531982,-0.5332441329956055,-0.4399886429309845,-0.31210023164749146,-0.21398845314979553,-0.014424466527998447,-0.013105294667184353,0.17921540141105652,0.28552594780921936,0.1259070485830307,0.1024988666176796,0.4110090732574463,0.5777599215507507,-0.0098044965416193,-0.11234424263238907,0.6488940715789795,1.2268989086151123,0.7745494246482849,0.4986957907676697,1.1385300159454346,0.25641873478889465,-0.5776520371437073,0.21392947435379028,0.15600819885730743,0.29882946610450745,1.521045207977295,0.9131484627723694,-0.35355299711227417,-0.33919474482536316,-0.6993547677993774,-0.9351808428764343,-0.6541069746017456,-0.36830389499664307,0.12208768725395203,0.4826016426086426,0.8465030789375305,1.8905954360961914,2.3069331645965576,1.2250471115112305
-1.3391995429992676,-1.3150440454483032,-0.7814265489578247,-0.6632227897644043,-0.5650289058685303,-0.3800206780433655,-0.1827465444803238,-0.08153345435857773,-0.016751714050769806,-0.08430510014295578,0.012471739202737808,0.20194150507450104,0.10120628774166107,0.17089714109897614,0.43131861090660095,0.4961572289466858,-0.0963505282998085,-0.18055051565170288,0.2814749777317047,0.6397786140441895,1.183969497680664,0.9979187250137329,0.567300021648407,0.8824388384819031,0.06608480215072632,-0.5352747440338135,0.2972134053707123,0.2576087713241577,1.3284149169921875,2.40266752243042,1.6756151914596558,2.141387939453125,1.1459126472473145,-0.9892792105674744,-1.0102781057357788,-0.7664616703987122,-0.40159186720848083,-0.002519522560760379,0.4592900276184082,1.5149174928665161,2.806490421295166,2.3140997886657715
-1.379406213760376,-1.3008759021759033,-0.80708247423172,-0.7190883159637451,-0.4987298548221588,-0.2946803569793701,-0.08654741197824478,0.03377874568104744,-0.32109180092811584,-0.49159741401672363,-0.13319872319698334,0.24860823154449463,0.41995999217033386,0.43647661805152893,0.2506258189678192,0.05380803719162941,-0.13568530976772308,-0.14529868960380554,0.012647834606468678,0.14053216576576233,0.3902278542518616,1.0963791608810425,0.9568369388580322,0.3462923467159271,0.12825670838356018,-0.38103199005126953,-0.1894935965538025,0.12968716025352478,0.8400749564170837,1.5497255325317383,1.5213717222213745,2.548186779022217,2.2502245903015137,-0.34664425253868103,-1.1147773265838623,-0.4787774682044983,-0.599041759967804,-0.6781279444694519,-0.028692476451396942,1.09714937210083,2.4737162590026855,2.7568817138671875
-1.3585163354873657,-1.2429238557815552,-0.8240293860435486,-0.6600919365882874,-0.552154004573822,-0.36986732482910156,-0.17410482466220856,-0.09091370552778244,-0.369335412979126,-0.4806102514266968,-0.045650120824575424,0.47726964950561523,0.8036396503448486,0.5677341818809509,0.012320742942392826,-0.14850281178951263,0.07840986549854279,-0.03151647746562958,-0.2510404586791992,-0.01321308221668005,0.20448409020900726,0.6696785688400269,0.8217681646347046,0.2442736178636551,-0.08894696086645126,-0.41247037053108215,-0.5893599987030029,-0.06285733729600906,0.867713451385498,1.6656768321990967,1.8571691513061523,1.964243769645691,1.0405657291412354,-0.3703433871269226,-0.670035719871521,-0.27676674723625183,-0.31685495376586914,-0.5492430925369263,0.32600751519203186,0.7985240817070007,1.2704534530639648,2.1413164138793945
-1.0304079055786133,-0.7834904789924622,-0.8259105682373047,-0.5854690670967102,-0.5019205808639526,-0.38048356771469116,-0.23221944272518158,-0.17759737372398376,-0.2585292160511017,-0.2903306186199188,0.10335072875022888,0.5161011815071106,0.49534255266189575,0.2979670464992523,-0.06861230731010437,-0.14976544678211212,0.25445953011512756,-0.05623934790492058,-0.5597872138023376,-0.1961280107498169,0.30086764693260193,0.717572033405304,1.0096009969711304,0.6672634482383728,0.29052257537841797,-0.3282964527606964,-0.8374034762382507,-0.2012735903263092,0.812737226486206,2.360198974609375,2.146167039871216,0.4180370271205902,-0.10226946324110031,-0.5090596079826355,-0.6934456825256348,-0.5280736684799194,-0.11513976752758026,0.08610118180513382,0.2626572549343109,0.5418176054954529,0.7790809273719788,1.0569698810577393
-0.8597542643547058,-0.5441321134567261,-0.7990162372589111,-0.5929583311080933,-0.5944874882698059,-0.36087948083877563,-0.21229633688926697,-0.2595973610877991,-0.16528023779392242,-0.10570355504751205,0.1207907423377037,0.46243688464164734,0.5140262842178345,0.38690248131752014,-0.010265531949698925,0.02659108117222786,0.31754299998283386,-0.27765220403671265,-0.6966911554336548,-0.2151957005262375,0.275908887386322,0.2612912356853485,0.5019164085388184,1.1021661758422852,1.124818205833435,0.0505002997815609,-0.781154453754425,-0.1484764963388443,0.17663757503032684,1.0509432554244995,1.586606502532959,0.21589875221252441,-0.6800569295883179,-0.7818105220794678,-0.8894714713096619,-0.991628885269165,-0.6506545543670654,-0.17002302408218384,-0.43005451560020447,-0.27176228165626526,0.22073766589164734,0.4697076678276062
-0.8336336612701416,-0.4823402464389801,-0.7992067933082581,-0.5169362425804138,-0.433485209941864,-0.37230393290519714,-0.40004855394363403,-0.34702304005622864,-0.2079704850912094,-0.18704159557819366,0.11782816797494888,0.43571802973747253,0.49079734086990356,0.4111303985118866,0.32342401146888733,0.43079710006713867,-0.12016318738460541,-0.6276693344116211,-0.4040122926235199,-0.2752581834793091,-0.27117079496383667,-0.11976336687803268,0.05055190995335579,0.1711445450782776,0.6821355223655701,0.5116355419158936,-0.5271792411804199,-0.38387182354927063,0.3391159474849701,0.3956747055053711,1.4342378377914429,2.0002198219299316,0.3033738434314728,-1.004391074180603,-1.2170265913009644,-1.2101532220840454,-0.7484958171844482,-0.49309882521629333,-0.6846231818199158,-0.3554166853427887,0.08606770634651184,0.3119632601737976
-0.5969371199607849,-0.21682456135749817,-0.753644585609436,-0.45215922594070435,-0.3997185230255127,-0.382770836353302,-0.3503648340702057,-0.2859930098056793,-0.23246295750141144,-0.12051236629486084,0.13510605692863464,0.1997346729040146,0.3157963454723358,0.4173434376716614,0.5801854133605957,0.5514434576034546,-0.10066941380500793,-0.2991302013397217,0.07176189124584198,-0.3957279920578003,-0.9558110237121582,-0.5610158443450928,-0.1422348916530609,-0.052675314247608185,0.20750775933265686,0.4070497155189514,-0.26224374771118164,-0.6078983545303345,-0.05301434174180031,0.33829817175865173,0.6270239353179932,2.1104488372802734,2.729194164276123,0.35453614592552185,-1.1380823850631714,-1.2990562915802002,-1.1520978212356567,-0.6970198750495911,-0.7792841196060181,-0.4071061909198761,0.29803863167762756,0.6164798736572266
