demo/sfcwind/0900-wind-surface-level-gfs-1.0.json
{"header": {"productDefinitionTemplate": 0, "surface1Type": 103, "productStatus": 0, "disciplineName": "Meteorological products", "subDivisions": 0, "winds": "true", "parameterNumberName": "U-component_of_wind", "discipline": 0, "surface2Value": 0, "significanceOfRTName": "Start of forecast", "surface2TypeName": "Missing", "surface2Type": 255, "productTypeName": "Forecast products", "dx": 0.024617210030555725, "dy": 0.01798853650689125, "numberPoints": 65160, "productStatusName": "Operational products", "gribEdition": 2, "parameterUnit": "m.s-1", "forecastTime": 0, "refTime": "2020-09-30T07:00:00.000Z", "productType": 1, "genProcessTypeName": "Forecast", "scanMode": 0, "genProcessType": 2, "gribLength": 11338.0, "significanceOfRT": 1, "productDefinitionTemplateName": "Analysis/forecast at horizontal level/layer at a point in time", "centerName": "WRF OUTPUT", "la1": 43.66691207885742, "la2": 42.426788330078125, "lo2": 13.70867919921875, "gridUnits": "degrees", "surface1Value": 10, "shapeName": "Earth spherical with radius of 6,371,229.0 m", "surface1TypeName": "Specified height level above ground", "nx": 70.0, "ny": 70.0, "lo1": 12.008544921875, "basicAngle": 0, "gridDefinitionTemplate": 0, "shape": 6, "parameterNumber": 2, "subcenter": 0, "parameterCategoryName": "Momentum", "parameterCategory": 2, "center": 0, "gridDefinitionTemplateName": "Latitude_Longitude", "resolution": 48}, "data":
[rows 38 to 56 of 70, columns 0 to 41 of 70]
-0.7288576364517212,-0.7067848443984985,-0.6289734244346619,-0.8518356680870056,-0.7324573993682861,-0.7175567150115967,-0.9017341732978821,-0.6859616041183472,-0.5614438056945801,-0.6464191675186157,-0.7365015149116516,-0.5581271052360535,-0.3840130865573883,-0.38752853870391846,-0.44553256034851074,-0.3221486806869507,0.03188437968492508,0.7214784622192383,0.39256224036216736,-1.1121244430541992,-1.328801155090332,-0.7408158779144287,-0.5438786745071411,-0.0674596056342125,0.12174487859010696,-0.03400180861353874,0.03156301751732826,0.09991361200809479,0.15321862697601318,-0.10712286084890366,0.5181561708450317,0.07355624437332153,-1.472602128982544,-0.8265624642372131,-0.4890417158603668,-0.6145724058151245,-0.10699405521154404,0.15648746490478516,0.8149991035461426,1.4578146934509277,1.1950660943984985,0.22122550010681152
-0.5929344892501831,-0.5825562477111816,-0.6186511516571045,-0.6577975153923035,-0.5071183443069458,-0.5622052550315857,-0.8039980530738831,-0.4225350320339203,-0.682304859161377,-1.4093654155731201,-1.016513466835022,-0.3838062286376953,-0.31985366344451904,-0.4161003530025482,-0.4935120940208435,-0.2592800259590149,0.11604031175374985,0.7022455930709839,0.7341959476470947,-0.4973853528499603,-1.5381419658660889,-1.3757948875427246,-0.8412067890167236,-0.15625712275505066,0.031079139560461044,-0.1757706105709076,-0.07759816199541092,-0.021842528134584427,0.17226730287075043,0.13905222713947296,0.5319485664367676,0.53450608253479,-0.5841184854507446,-0.7897628545761108,-0.8194366097450256,-0.5899024605751038,-0.33881595730781555,-0.363952100276947,0.29480189085006714,0.9645423889160156,1.3945047855377197,0.7803311944007874
-0.48354530334472656,-0.45705705881118774,-0.5850499868392944,-0.5441163182258606,-0.2986542880535126,-0.5979750156402588,-0.7342091798782349,-0.7138094305992126,-1.417454481124878,-1.433795690536499,-0.8186545372009277,-0.38436159491539,-0.2532294988632202,-0.5762029886245728,-0.6691596508026123,-0.2773965299129486,0.17533954977989197,0.42978546023368835,0.06223410367965698,0.15760773420333862,-0.6397011876106262,-1.9229501485824585,-1.4446375370025635,-0.41974693536758423,-0.16812433302402496,-0.2832474112510681,-0.07954289019107819,0.042628005146980286,0.18451444804668427,0.36997032165527344,0.5898416042327881,0.7929242253303528,0.2829006314277649,-0.7019507884979248,-1.4219664335250854,-0.570491373538971,-0.2802852690219879,-0.8956389427185059,-0.06430698186159134,0.8021284341812134,1.1169394254684448,1.2327744960784912
-0.3516792356967926,-0.3484474718570709,-0.6783380508422852,-0.6122049689292908,-0.7971153855323792,-1.0248836278915405,-0.7003072500228882,-0.5784325003623962,-0.7775532603263855,-0.8321771025657654,-0.7595268487930298,-0.4829046130180359,-0.29954275488853455,-0.41180604696273804,-0.5120785236358643,-0.25370198488235474,0.09444671869277954,0.13863632082939148,-0.1934155523777008,-0.26125359535217285,-0.5512037873268127,-1.7962901592254639,-1.760282039642334,-0.7115944623947144,-0.4187271296977997,-0.36317166686058044,-0.2216987907886505,0.04304613918066025,0.19254931807518005,0.2578941881656647,0.3308046758174896,0.391830712556839,0.8575409650802612,0.3013978898525238,-1.082112193107605,-0.590363085269928,-0.3664396405220032,-0.9194189310073853,-0.38373538851737976,0.03790305554866791,-0.09972025454044342,0.22337386012077332
-0.3619903028011322,-0.35236656665802,-0.6654127836227417,-0.760478138923645,-0.9368448853492737,-0.8835563659667969,-0.7193046808242798,-0.7977537512779236,-1.291900634765625,-1.4048010110855103,-0.8193475008010864,-0.4900829493999481,-0.4436804950237274,-0.44055867195129395,-0.4084710478782654,-0.1376943588256836,0.01941012591123581,0.19113187491893768,-0.39264237880706787,-1.2683826684951782,-0.895974338054657,-0.7890939116477966,-1.316886067390442,-1.1740992069244385,-0.537429690361023,-0.3807632625102997,-0.41888168454170227,-0.037237294018268585,0.1529911607503891,0.09820154309272766,0.256185919046402,0.4558115005493164,0.5333783626556396,-0.044048964977264404,-0.7525120377540588,-0.49659955501556396,-0.34189778566360474,-0.41052383184432983,-0.34393468499183655,-0.19553706049919128,-0.01224443968385458,0.14779162406921387
-0.5842394232749939,-0.6408174633979797,-0.7081813812255859,-0.6439532041549683,-0.890032947063446,-1.1989283561706543,-0.9472197890281677,-0.6062899231910706,-1.3842896223068237,-1.841051697731018,-0.8847849369049072,-0.4495565593242645,-0.7380698323249817,-0.6674621105194092,-0.36561939120292664,0.059184007346630096,0.19000691175460815,0.31931188702583313,-0.65082848072052,-1.837575912475586,-1.3510873317718506,-0.9383792281150818,-0.8735300302505493,-0.7117376923561096,-0.5759779214859009,-0.7582885026931763,-0.6831012964248657,-0.04291142523288727,0.27574729919433594,0.00985791441053152,0.38604289293289185,0.7280450463294983,0.498285174369812,0.17669400572776794,-0.5702995657920837,-0.6446396708488464,-0.4524901211261749,-0.24469731748104095,-0.2756485939025879,-0.19824033975601196,-0.0006728849839419127,0.18427273631095886
-0.9665183424949646,-1.058082103729248,-0.7171506285667419,-0.6238800287246704,-0.7307968735694885,-0.9021664261817932,-0.7986765503883362,-0.24245499074459076,-0.7888216376304626,-1.6270430088043213,-0.9166199564933777,-0.5655708909034729,-1.1103674173355103,-1.1358234882354736,-0.48728692531585693,0.04629085585474968,0.40343722701072693,0.5052522420883179,-0.10363451391458511,-1.4389458894729614,-1.8543167114257812,-1.1431773900985718,-0.8508176803588867,-0.9066433906555176,-0.7219882011413574,-0.5728259086608887,-0.46177953481674194,0.0781526118516922,0.435197114944458,0.02883150428533554,0.47109049558639526,0.685650646686554,0.4165460467338562,0.34987494349479675,-0.47432735562324524,-0.6466898918151855,-0.6003530025482178,-0.11873340606689453,-0.05882086604833603,-0.5785334706306458,-0.2476835548877716,0.4485458433628082
-0.8095237016677856,-0.8277268409729004,-0.6033679246902466,-0.4884316623210907,-0.5131433010101318,-0.5133070349693298,-0.39438188076019287,0.1481695920228958,-0.5531108975410461,-1.4812352657318115,-0.8278483152389526,-0.48049187660217285,-0.9557425379753113,-1.130548119544983,-0.6019271016120911,-0.03456626832485199,0.19669431447982788,0.8375273942947388,0.23441949486732483,-2.0208921432495117,-2.2695930004119873,-0.9988228678703308,-0.740849494934082,-1.0761489868164062,-1.1225999593734741,-0.7230477333068848,-0.2997075617313385,0.19336053729057312,0.5826348066329956,0.19269518554210663,0.4220503866672516,0.7902669310569763,0.3139377534389496,-0.03202284127473831,-0.6340218186378479,-0.8371971845626831,-0.7260534167289734,-0.10753165930509567,0.28817620873451233,-0.23839117586612701,-0.2558879554271698,0.331388920545578
-0.6758507490158081,-0.6540266275405884,-0.519607663154602,-0.5980063080787659,-0.5972397923469543,-0.362196147441864,-0.16233043372631073,0.31450381875038147,-0.19390694797039032,-1.3512060642242432,-1.2075566053390503,-0.7044191956520081,-0.6632181406021118,-0.6263492107391357,-0.5292743444442749,-0.2372475117444992,0.17345628142356873,0.5327711701393127,0.7827507257461548,-0.8608852624893188,-1.9515295028686523,-0.7719448208808899,-0.3772884011268616,-0.7446093559265137,-1.1083446741104126,-0.9201805591583252,-0.36643603444099426,0.17655834555625916,0.5438682436943054,0.3670298755168915,0.3648154139518738,0.6794888973236084,0.346451073884964,0.06204172968864441,-0.286321759223938,-1.1342015266418457,-1.1391708850860596,-0.27644145488739014,0.44938740134239197,0.35184207558631897,0.06265029311180115,0.5229583978652954
-0.4603182077407837,-0.42310047149658203,-0.44628390669822693,-0.4336934983730316,-0.4363131523132324,-0.23218947649002075,-0.0336872860789299,0.31823861598968506,-0.21235822141170502,-1.1324107646942139,-0.9889962673187256,-0.7545168399810791,-0.5994949340820312,-0.6798914074897766,-0.8663026094436646,-0.34167852997779846,0.11441593617200851,0.3128865957260132,0.7282646894454956,0.5758243203163147,-0.06888161599636078,-0.3664046823978424,-0.6341690421104431,-0.5919233560562134,-0.5786614418029785,-0.5377928018569946,-0.18740448355674744,0.22768601775169373,0.5547206401824951,0.5664470195770264,0.33450454473495483,0.43449750542640686,0.6058797240257263,0.7227950096130371,-0.2904372811317444,-1.5197429656982422,-1.1072661876678467,-0.13785673677921295,0.6005439162254333,0.17673653364181519,-0.15941503643989563,0.14144597947597504
-0.555314302444458,-0.526057243347168,-0.44606801867485046,-0.392435759305954,-0.39111921191215515,-0.30837616324424744,-0.10979273170232773,0.15031175315380096,-0.285288542509079,-1.2658294439315796,-1.2123864889144897,-0.4135797917842865,-0.4165268540382385,-1.1277331113815308,-1.1763267517089844,-0.4429832100868225,-0.049642063677310944,0.14957165718078613,0.518890380859375,0.6654084324836731,0.6204270124435425,0.5640130639076233,0.8346037268638611,0.5242939591407776,-0.5000803470611572,-0.5626938939094543,-0.09008157253265381,0.2673666179180145,0.5063902139663696,0.6288332939147949,0.5146103501319885,0.2285981923341751,0.9951414465904236,0.01644684188067913,-2.0930747985839844,-1.779072880744934,-0.6167472004890442,0.00013515051978174597,-1.0783920288085938,-1.6494059562683105,-0.7122159004211426,-0.14316511154174805
-0.5288904309272766,-0.4839162826538086,-0.4251925051212311,-0.3553565740585327,-0.38037344813346863,-0.45729199051856995,-0.2230338752269745,-0.29271969199180603,-0.6084326505661011,-0.6712806224822998,-0.7317948341369629,-0.8077282905578613,-1.1339387893676758,-1.28477144241333,-0.9884626269340515,-0.5287185311317444,-0.21432365477085114,0.003335624700412154,0.31763288378715515,0.5540163516998291,0.47111693024635315,0.37832722067832947,0.5660341382026672,0.41101884841918945,-0.2728040814399719,-0.6506933569908142,-0.11478250473737717,0.2893947660923004,0.3960322439670563,0.8069950938224792,0.6093139052391052,0.3136438727378845,0.7323974967002869,-1.035766839981079,-1.921501636505127,-0.7601372599601746,-0.5409398078918457,-1.5845813751220703,-2.06404185295105,-0.9874781370162964,-0.5691230893135071,-0.025202790275216103
-0.3972874581813812,-0.33544403314590454,-0.40673089027404785,-0.44702404737472534,-0.3927322030067444,-0.40142640471458435,-0.23833218216896057,-0.4952820837497711,-1.1606500148773193,-0.8057926893234253,-0.48392781615257263,-1.2344070672988892,-1.537172794342041,-1.0280696153640747,-0.7581794261932373,-0.5872764587402344,-0.3831387162208557,-0.1550520658493042,0.14082002639770508,0.3731670677661896,0.37056228518486023,0.4516676366329193,0.6653309464454651,0.43494290113449097,-0.09010035544633865,-0.6245403289794922,-0.24555203318595886,0.2424652874469757,0.39256805181503296,0.934971272945404,0.740020215511322,0.742245078086853,0.6192338466644287,-1.7420611381530762,-2.199242115020752,-0.40493330359458923,-0.651196300983429,-1.314720869064331,-0.7322009801864624,-1.1238921880722046,-1.5553712844848633,-0.09594018757343292
-0.40976524353027344,-0.3450714945793152,-0.42546960711479187,-0.3800656199455261,-0.5075634717941284,-0.5994523763656616,-0.2961447536945343,-0.4925905764102936,-1.2416542768478394,-1.1480308771133423,-0.5786007046699524,-0.8636873364448547,-1.0930237770080566,-0.892874002456665,-0.8335723876953125,-0.7128263115882874,-0.5475520491600037,-0.2751780152320862,0.054634515196084976,0.2476036548614502,0.42077556252479553,0.5433401465415955,0.8755425810813904,0.5521732568740845,-0.35104700922966003,-0.7699490189552307,-0.26622509956359863,0.23574233055114746,0.48561784625053406,0.8791764974594116,0.7441457509994507,0.5974307060241699,-0.6537009477615356,-1.6120136976242065,-0.826764702796936,0.21628697216510773,-0.6054608821868896,-1.4238409996032715,-0.3986046016216278,-0.3039100766181946,-0.7394790053367615,-0.012715703807771206
-0.6787806749343872,-0.5664574503898621,-0.5259170532226562,-0.4766184091567993,-0.5588042736053467,-0.4678482711315155,-0.2554813027381897,-0.6452469825744629,-0.9970817565917969,-0.8000807166099548,-0.5924798846244812,-0.8849454522132874,-1.0442883968353271,-0.6017646193504333,-0.6778985261917114,-1.2355751991271973,-0.8928675651550293,-0.26024940609931946,-0.13464385271072388,0.016586514189839363,0.49241015315055847,0.5868430733680725,1.037487506866455,0.15854127705097198,-1.4698991775512695,-1.0665686130523682,-0.13271184265613556,0.18607355654239655,0.3703194856643677,0.36472010612487793,0.5561819672584534,-0.5978088974952698,-2.221048593521118,-0.6563498377799988,0.5602799654006958,0.5358829498291016,0.673224687576294,-0.260398268699646,-0.8733626008033752,-0.747734785079956,-0.525243878364563,0.09936177730560303
-0.9429799318313599,-0.7691224217414856,-0.674570620059967,-0.559549868106842,-0.6308310627937317,-0.4340648055076599,-0.3241778016090393,-0.39440757036209106,-0.7125827074050903,-1.456870198249817,-0.8687922954559326,-0.7049400210380554,-1.412482738494873,-0.772011399269104,-0.5623117089271545,-0.9915163516998291,-0.6055492162704468,-0.23622927069664001,-0.2200174182653427,-0.09573030471801758,0.37483716011047363,0.8179040551185608,0.9885299801826477,-1.0429621934890747,-2.1193392276763916,-0.6736550331115723,0.20853254199028015,0.2969197630882263,-0.08300953358411789,0.10951710492372513,0.274668425321579,-1.0231446027755737,-1.5855598449707031,-0.5677672624588013,0.3311672508716583,0.49047353863716125,0.7479742765426636,0.2391107976436615,-0.7643165588378906,-0.27442896366119385,0.09649046510457993,0.07147002965211868
-1.2879319190979004,-1.0238145589828491,-0.8313678503036499,-0.6638292074203491,-0.7205454111099243,-0.6166945695877075,-0.47192367911338806,-0.49381139874458313,-0.283802330493927,-0.39109498262405396,0.013860435225069523,0.532025933265686,-0.8663468360900879,-1.329054355621338,-0.36254531145095825,-0.37506264448165894,-0.47406473755836487,-0.20684780180454254,-0.1790514886379242,-0.057423800230026245,0.06649411469697952,0.7265130281448364,0.046761687844991684,-2.3047842979431152,-1.9184328317642212,-0.3308849036693573,0.2272704690694809,0.20368313789367676,-0.5274289846420288,-0.04716230928897858,0.31446945667266846,-0.6830479502677917,-0.6008604764938354,-0.18091101944446564,0.024854421615600586,0.24809984862804413,0.6179565787315369,0.38114091753959656,-0.6160678267478943,-0.27377593517303467,0.198126882314682,0.05239155516028404
-1.8677668571472168,-1.4415569305419922,-1.0686358213424683,-0.6486652493476868,-0.6537618637084961,-0.6773012280464172,-0.5073607563972473,-0.4476601481437683,-0.22591155767440796,-0.03014812245965004,0.26434338092803955,0.9148491024971008,-0.2094743847846985,-1.19424307346344,-0.4536961019039154,-0.20096181333065033,-0.5087985396385193,-0.6100772619247437,-0.32002460956573486,-0.3157457709312439,-0.3813725709915161,0.2762799561023712,0.27346765995025635,-1.7276756763458252,-1.8730666637420654,-0.3120207190513611,0.3325343132019043,0.17837943136692047,-0.7116493582725525,-0.2011418491601944,0.5096936821937561,-0.23924672603607178,-0.6730385422706604,0.06807500869035721,0.3871228098869324,0.4023582935333252,0.7556772828102112,-0.02940591238439083,-0.5957423448562622,-0.0324191078543663,0.8610585927963257,0.8400848507881165
-2.0903103351593018,-1.6125978231430054,-1.340585708618164,-0.7004884481430054,-0.5477542877197266,-0.6312751173973083,-0.5182463526725769,-0.4380092918872833,-0.28980013728141785,-0.062286484986543655,0.1453942060470581,0.8138235211372375,0.1430363953113556,-0.9995012283325195,-0.5070677399635315,-0.08588078618049622,-0.13902728259563446,-0.3752760887145996,-0.3990062177181244,-0.46841633319854736,-0.4284721910953522,-0.15311329066753387,0.6481907963752747,0.06491942703723907,-1.2403018474578857,-0.5243645906448364,0.7228341102600098,0.760378897190094,-0.24200032651424408,-0.2809184193611145,0.16172361373901367,-0.6080002784729004,-1.042899250984192,0.0253202635794878,0.6461994051933289,0.729935884475708,0.9423144459724426,-0.015056103467941284,-0.4405117928981781,-0.0674651712179184,0.4738427698612213,1.2548515796661377
