demo/sfcwind/0900-wind-surface-level-gfs-1.0.json
{"header": {"productDefinitionTemplate": 0, "surface1Type": 103, "productStatus": 0, "disciplineName": "Meteorological products", "subDivisions": 0, "winds": "true", "parameterNumberName": "V-component_of_wind", "discipline": 0, "surface2Value": 0, "significanceOfRTName": "Start of forecast", "surface2TypeName": "Missing", "surface2Type": 255, "productTypeName": "Forecast products", "dx": 0.024617210030555725, "dy": 0.01798853650689125, "numberPoints": 65160, "productStatusName": "Operational products", "gribEdition": 2, "parameterUnit": "m.s-1", "forecastTime": 0, "refTime": "2020-09-30T07:00:00.000Z", "productType": 1, "genProcessTypeName": "Forecast", "scanMode": 0, "genProcessType": 2, "gribLength": 11338.0, "significanceOfRT": 1, "productDefinitionTemplateName": "Analysis/forecast at horizontal level/layer at a point in time", "centerName": "WRF OUTPUT", "la1": 43.66691207885742, "la2": 42.426788330078125, "lo2": 13.70867919921875, "gridUnits": "degrees", "surface1Value": 10, "shapeName": "Earth spherical with radius of 6,371,229.0 m", "surface1TypeName": "Specified height level above ground", "nx": 70.0, "ny": 70.0, "lo1": 12.008544921875, "basicAngle": 0, "gridDefinitionTemplate": 0, "shape": 6, "parameterNumber": 3, "subcenter": 0, "parameterCategoryName": "Momentum", "parameterCategory": 2, "center": 0, "gridDefinitionTemplateName": "Latitude_Longitude", "resolution": 48}, "data":
[rows 0 to 18 of 70, columns 0 to 41 of 70]
-0.12421009689569473,0.1061764732003212,-0.0004928132402710617,-0.11780808120965958,-0.3613283634185791,-0.40437784790992737,-0.3549990653991699,-0.5203346610069275,-0.44059064984321594,0.20824536681175232,0.4272869825363159,0.6919635534286499,0.7366071343421936,0.5969591736793518,0.724222719669342,0.7029294967651367,0.6444810032844543,0.19668084383010864,0.12004613131284714,0.6557185649871826,0.8253453969955444,0.6464646458625793,0.6326831579208374,0.5320759415626526,0.4704492688179016,0.38269439339637756,0.35701119899749756,0.32714441418647766,0.31375423073768616,0.35930106043815613,0.47427648305892944,0.6369443535804749,0.7179149389266968,0.597774863243103,0.6399292349815369,0.5036875009536743,0.4406840205192566,0.4884718060493469,0.468182772397995,0.5049887895584106,0.40042582154273987,0.36478808522224426
-0.12389331310987473,0.1605752408504486,0.0566849522292614,-0.08625474572181702,-0.36672940850257874,-0.43032556772232056,-0.39455893635749817,-0.6246769428253174,-0.6112517714500427,-0.025566749274730682,0.1013818234205246,0.35597556829452515,0.4078093469142914,0.29991206526756287,0.48748961091041565,0.6353112459182739,0.6255578398704529,0.20864778757095337,0.13358010351657867,0.7466515302658081,0.8567162752151489,0.6659332513809204,0.6730518341064453,0.5607320666313171,0.5083244442939758,0.4539742171764374,0.4291267395019531,0.3772733211517334,0.3374637961387634,0.3447488844394684,0.4016377329826355,0.5262084603309631,0.6184572577476501,0.513054609298706,0.5811392664909363,0.5144364237785339,0.49116554856300354,0.5697469115257263,0.5477516651153564,0.576359748840332,0.43097183108329773,0.3807445168495178
-0.11305975168943405,-0.0678771510720253,-0.11661289632320404,-0.17760683596134186,-0.24902454018592834,-0.34667569398880005,-0.35539472103118896,-0.4007616639137268,-0.29753199219703674,-0.17860250174999237,0.05143548548221588,0.20898614823818207,0.31672242283821106,0.38610708713531494,0.4699360430240631,0.5454748868942261,0.560816764831543,0.5636196732521057,0.5790050029754639,0.6576859354972839,0.564764142036438,0.46974000334739685,0.4470209777355194,0.4058873951435089,0.36225906014442444,0.3054662048816681,0.3190859258174896,0.3001722991466522,0.30298009514808655,0.285838782787323,0.35362857580184937,0.33443835377693176,0.3708468973636627,0.39802777767181396,0.4276566207408905,0.45674368739128113,0.49328169226646423,0.4987656772136688,0.5008922815322876,0.4840402603149414,0.45438387989997864,0.42916467785835266
-0.0985550731420517,-0.0383414663374424,-0.07952675968408585,-0.16485215723514557,-0.31039175391197205,-0.39274877309799194,-0.35538342595100403,-0.4070276916027069,-0.19214443862438202,-0.04309195280075073,0.045730628073215485,0.03573007509112358,0.09648473560810089,0.15048587322235107,0.23757335543632507,0.39087092876434326,0.4273225665092468,0.5241069197654724,0.65477055311203,0.6995744705200195,0.7803150415420532,0.5812351703643799,0.36623620986938477,0.069136843085289,0.14783377945423126,0.3235835134983063,0.42138558626174927,0.4255727529525757,0.32592812180519104,0.381778359413147,0.3743204176425934,0.36100366711616516,0.37324193120002747,0.432268351316452,0.475437194108963,0.5401638746261597,0.5676558613777161,0.5382208228111267,0.5019960403442383,0.4754658043384552,0.4956183433532715,0.514714241027832
-0.08368228375911713,-0.027725568041205406,-0.08049208670854568,-0.19616976380348206,-0.3236280679702759,-0.3884061276912689,-0.414150595664978,-0.38897934556007385,-0.3240196108818054,-0.22181084752082825,-0.08906504511833191,0.007774422410875559,0.09790851920843124,0.10937561094760895,0.19774119555950165,0.21587149798870087,0.5213855504989624,0.6067485809326172,0.6839147210121155,0.8187841773033142,0.824347734451294,0.24604292213916779,-0.11541254818439484,0.06514749675989151,0.2076082080602646,0.2343960702419281,0.48491406440734863,0.6039364337921143,0.413275808095932,0.4453674852848053,0.3970165550708771,0.36991068720817566,0.39266684651374817,0.4560103118419647,0.5067843794822693,0.5663320422172546,0.5916690230369568,0.6167470216751099,0.5756979584693909,0.5374393463134766,0.4895118474960327,0.47401556372642517
-0.08994611352682114,-0.062498439103364944,-0.11249887943267822,-0.24019068479537964,-0.29043814539909363,-0.3103223443031311,-0.37567946314811707,-0.32422444224357605,-0.4776141047477722,-0.5513452887535095,-0.37793245911598206,-0.03068610280752182,0.1658463031053543,0.207640141248703,0.2577141225337982,0.4301053583621979,0.9341468214988708,0.7397228479385376,0.7518699169158936,0.8172563314437866,0.8343113660812378,1.1228703260421753,0.6732541918754578,-0.04171154275536537,0.2988773286342621,0.5635751485824585,0.5090414881706238,0.4974965453147888,0.3622320294380188,0.2522297501564026,0.3414188325405121,0.3383598327636719,0.3204616606235504,0.36935216188430786,0.5213107466697693,0.6064113974571228,0.5938905477523804,0.5476069450378418,0.4976772665977478,0.46900537610054016,0.36319875717163086,0.29902780055999756
-0.1279069036245346,-0.1284741759300232,-0.16840332746505737,-0.27040114998817444,-0.38425037264823914,-0.3631981313228607,-0.31558725237846375,-0.28132355213165283,-0.3299194574356079,-0.39988836646080017,-0.4016176760196686,-0.14590497314929962,0.0881408154964447,0.6640765070915222,0.3315441608428955,0.5912324786186218,0.8241945505142212,0.7379752397537231,0.7975305914878845,0.8321998715400696,1.4677094221115112,2.9222159385681152,2.9253690242767334,1.942262053489685,0.7926905155181885,0.3666166067123413,0.3989272117614746,0.018679438158869743,-0.3005104959011078,-0.2875840365886688,0.012694216333329678,0.19741062819957733,0.255665123462677,0.38043636083602905,0.5970799922943115,0.6931930184364319,0.7463392019271851,0.7629502415657043,0.6343570351600647,0.4648946225643158,0.24081803858280182,0.1545013189315796
-0.2278382033109665,-0.2464742511510849,-0.25691714882850647,-0.32162290811538696,-0.41686493158340454,-0.3478761613368988,-0.2715018391609192,-0.2377299964427948,-0.21421849727630615,-0.1912774294614792,-0.2151556760072708,-0.2501070201396942,0.0566289946436882,0.7816815376281738,0.6376857757568359,0.5561733841896057,0.5000441670417786,0.43061351776123047,0.5921556949615479,1.2888400554656982,1.9336801767349243,2.097536325454712,2.3563392162323,2.8636984825134277,1.8696967363357544,1.776201605796814,0.7755733132362366,-0.020549414679408073,-0.6219316720962524,-0.6043494939804077,-0.2585866153240204,0.14897260069847107,0.3299108147621155,0.23982322216033936,0.15683995187282562,0.5120344758033752,1.0399974584579468,0.7111354470252991,0.3433411419391632,0.11808597296476364,0.015140919014811516,0.027320856228470802
-0.3377736806869507,-0.3574502766132355,-0.3467865288257599,-0.3611008822917938,-0.3841768801212311,-0.21645066142082214,-0.16189314424991608,-0.11079409718513489,-0.0614686943590641,-0.06801562011241913,-0.12162107229232788,-0.16425345838069916,0.029234355315566063,0.32258135080337524,0.732245147228241,0.6395811438560486,0.7338929772377014,0.8970668911933899,1.135723352432251,1.4828200340270996,1.32076895236969,0.5313022136688232,0.8381915092468262,0.9454594850540161,2.1303110122680664,3.7558650970458984,1.534593939781189,0.1777629852294922,-0.4827671945095062,-0.36397263407707214,-0.21871493756771088,-0.0740320086479187,0.18367622792720795,0.4139454662799835,0.48179885745048523,0.605388879776001,1.3512051105499268,1.4683383703231812,1.4939656257629395,0.554334282875061,0.010306047275662422,-0.05979495868086815
-0.379242867231369,-0.40000781416893005,-0.38254475593566895,-0.376246839761734,-0.41105860471725464,-0.18685679137706757,-0.14471516013145447,-0.0911652147769928,-0.02924983575940132,0.09540551155805588,-0.0027980098966509104,-0.019036144018173218,0.007899235934019089,0.19516144692897797,0.40802618861198425,0.5394870638847351,0.7847185730934143,1.3052918910980225,1.54494047164917,0.654127299785614,0.6593930125236511,0.43521279096603394,0.04360247403383255,-0.1538398116827011,1.1786121129989624,2.3122050762176514,2.207732915878296,1.6751571893692017,-0.013162446208298206,-0.26648643612861633,-0.3090435564517975,-0.24645748734474182,-0.027659166604280472,0.7445700168609619,1.7534875869750977,1.1341251134872437,1.3394476175308228,2.380880832672119,3.106973171234131,1.098531723022461,0.011603491380810738,-0.2958775460720062
-0.39583873748779297,-0.4098270833492279,-0.3730483949184418,-0.35540130734443665,-0.40312355756759644,-0.17443829774856567,-0.18156300485134125,-0.0783621072769165,-0.036708954721689224,0.0344889871776104,0.06321503967046738,-0.10243842750787735,-0.1313554346561432,0.049621179699897766,0.15246185660362244,0.16130895912647247,0.3342786729335785,0.5364463329315186,0.7979490756988525,0.711004912853241,0.1645456999540329,0.2946690022945404,0.6127751469612122,-0.1365266889333725,0.11774435639381409,0.5392016768455505,1.9486217498779297,2.8232927322387695,1.4863295555114746,-0.5737268924713135,-0.7831984758377075,-0.5961000323295593,-0.1620483547449112,0.6923028230667114,1.6435894966125488,1.406448245048523,1.79871666431427,1.7836166620254517,2.2463228702545166,1.4367846250534058,0.5960408449172974,-0.26741304993629456
-0.390353262424469,-0.37662917375564575,-0.3144398629665375,-0.2654339671134949,-0.18783074617385864,-0.2007858008146286,-0.22895528376102448,-0.15159626305103302,-0.2595635950565338,-0.3207526206970215,-0.23918315768241882,-0.20736651122570038,-0.15142957866191864,-0.08997905999422073,-0.09597055613994598,0.29145827889442444,0.3020120859146118,0.16406375169754028,0.38748839497566223,1.3364973068237305,0.7541306614875793,0.6318078637123108,1.4027397632598877,1.021108865737915,-0.1118881106376648,0.2346142828464508,0.7659099698066711,1.6229708194732666,1.8206108808517456,0.02715069055557251,-0.15480120480060577,0.45370128750801086,-0.16881056129932404,0.42089617252349854,0.6854682564735413,1.1994699239730835,1.974445104598999,1.58222496509552,2.119654655456543,2.6103439331054688,2.3497064113616943,0.5966897010803223
-0.3406546413898468,-0.280531644821167,-0.2333047091960907,-0.19118697941303253,-0.1700001209974289,-0.26535454392433167,-0.2875162661075592,-0.3827572166919708,-0.8919368982315063,-0.9026996493339539,-0.5175082683563232,-0.40315619111061096,-0.2801983952522278,-0.34697115421295166,-0.2754925489425659,0.5777295827865601,0.5393497347831726,0.0525459460914135,0.3051356375217438,0.9236007928848267,1.3996968269348145,1.5467569828033447,0.858528196811676,1.3079179525375366,0.6285198926925659,0.2074711173772812,0.2942187190055847,0.4318270981311798,0.44064897298812866,0.7756359577178955,1.2792644500732422,1.9476219415664673,0.9157435297966003,0.22012291848659515,0.5876618027687073,0.8113330602645874,0.7965657711029053,1.7372596263885498,2.3759522438049316,2.3038582801818848,2.719351291656494,1.3858520984649658
-0.2753832936286926,-0.16702990233898163,-0.14841409027576447,-0.16231803596019745,-0.27837106585502625,-0.35035040974617004,-0.3888622522354126,-0.32796093821525574,-0.8939114809036255,-1.0235735177993774,-0.541976273059845,-0.48587629199028015,-0.725871741771698,-0.5564579367637634,0.024425966665148735,0.3418716788291931,0.2313714325428009,-0.14030663669109344,0.12458749115467072,0.3939376771450043,0.7044534683227539,1.3331825733184814,0.5616471767425537,0.4622596800327301,0.8995769023895264,0.008482751436531544,0.39259499311447144,0.44833630323410034,-0.010979861952364445,0.2720829248428345,0.8726472854614258,0.9296997785568237,1.0076655149459839,0.4056233763694763,1.0496139526367188,0.7894015908241272,0.6273356676101685,0.9616174697875977,1.2972320318222046,0.8173487782478333,1.5563409328460693,1.4880400896072388
-0.2279037982225418,-0.10207430273294449,-0.10555220395326614,-0.13403776288032532,-0.22903120517730713,-0.3421895503997803,-0.2970581650733948,-0.188864603638649,-0.24587112665176392,-0.5513671040534973,-0.5815877318382263,-0.5135249495506287,-0.6598895192146301,-0.11962683498859406,0.21524566411972046,0.06179872155189514,0.06263884156942368,0.13668914139270782,0.14983806014060974,0.202124685049057,0.29553166031837463,0.6839510202407837,0.9514661431312561,0.18789401650428772,0.04094378650188446,0.336262583732605,0.7126998901367188,0.8689121603965759,0.6434764266014099,0.667273223400116,-0.1284772753715515,-0.4686722755432129,0.0521901436150074,0.6039862632751465,1.2619318962097168,1.1812283992767334,1.7387076616287231,0.8175836205482483,0.4200126826763153,0.5080832839012146,0.5475987195968628,0.512676477432251
-0.19082297384738922,-0.053898006677627563,-0.072690948843956,-0.08753697574138641,-0.0861259177327156,-0.23573672771453857,-0.18956702947616577,-0.20549531280994415,-0.15093767642974854,-0.3366034924983978,-0.5541834235191345,-0.4463958144187927,-0.16538254916667938,0.15865963697433472,0.11506123840808868,-0.018245313316583633,0.05111590027809143,0.16860651969909668,0.16406206786632538,0.0754542201757431,0.37983062863349915,0.8056422472000122,1.5972862243652344,0.9877533316612244,0.6001474857330322,0.9584557414054871,0.8762236833572388,0.7456057071685791,0.9236078262329102,1.928183913230896,0.68793785572052,-0.8340503573417664,-0.2369053214788437,0.5254829525947571,1.0100675821304321,1.238787055015564,2.1555135250091553,1.5139875411987305,1.1836097240447998,2.165081739425659,1.0832819938659668,1.0422306060791016
-0.15525709092617035,-0.05393631011247635,-0.06733522564172745,-0.07108281552791595,-0.06152643263339996,-0.23715774714946747,-0.32836809754371643,-0.23716726899147034,-0.3607058525085449,-0.5152276158332825,-0.5319876074790955,-0.3852744698524475,-0.12474788725376129,-0.06152474880218506,-0.03612254932522774,-0.2904609441757202,-0.3319743275642395,0.10358214378356934,0.12007761746644974,0.020998748019337654,0.30662238597869873,0.8335623741149902,1.054940938949585,1.238551378250122,1.494507074356079,1.0387629270553589,0.34644588828086853,0.5275559425354004,0.7782781720161438,1.1523383855819702,1.3503327369689941,-0.14820970594882965,-0.4443676471710205,0.29859280586242676,0.5266368389129639,0.7564118504524231,1.4168570041656494,1.2611894607543945,1.8970975875854492,2.254005193710327,1.3897053003311157,2.189138650894165
-0.13484187424182892,-0.06466932594776154,-0.06181574612855911,-0.06862429529428482,-0.07060020416975021,-0.2817508578300476,-0.41719433665275574,-0.3633040487766266,-0.5082977414131165,-0.3533523976802826,-0.42776206135749817,-0.4117879569530487,-0.372582346200943,-0.2479419708251953,-0.2301563322544098,-0.19118265807628632,0.12176859378814697,0.23676535487174988,-0.11425477266311646,-0.4378684461116791,-0.07373343408107758,0.5216913223266602,0.5876176357269287,0.6405699253082275,0.7315903306007385,1.0128177404403687,0.13972458243370056,0.30739259719848633,0.7021897435188293,0.36733198165893555,0.3002522587776184,0.7212070226669312,-0.017270803451538086,-0.3590202033519745,-0.07970551401376724,0.12966963648796082,0.17929339408874512,0.3236289620399475,0.8692946434020996,0.852070689201355,0.6736422777175903,1.1734296083450317
-0.11811737716197968,-0.06457561254501343,-0.056722261011600494,-0.06285583972930908,0.007058051414787769,-0.20318186283111572,-0.3116111755371094,-0.3551100194454193,-0.4570797085762024,-0.5675644278526306,-0.716261088848114,-0.5869097113609314,-0.47747543454170227,-0.31954070925712585,-0.2309010773897171,0.16589154303073883,0.6329288482666016,0.014319144189357758,-0.37585538625717163,-0.4388292729854584,-0.3066697418689728,-0.04798640310764313,0.3992985188961029,0.5053295493125916,0.49993619322776794,0.8610928058624268,0.474545955657959,0.0904933363199234,0.45176082849502563,0.6240068674087524,0.23422911763191223,0.569237470626831,0.7633107900619507,-0.209134042263031,-0.13877873122692108,0.10020667314529419,-0.13101708889007568,0.06360745429992676,0.2584174871444702,0.2632122337818146,0.42690208554267883,0.36597368121147156
