demo/sfcwind/0930-wind-surface-level-gfs-1.0.json
{"header": {"productDefinitionTemplate": 0, "surface1Type": 103, "productStatus": 0, "disciplineName": "Meteorological products", "subDivisions": 0, "winds": "true", "parameterNumberName": "U-component_of_wind", "discipline": 0, "surface2Value": 0, "significanceOfRTName": "Start of forecast", "surface2TypeName": "Missing", "surface2Type": 255, "productTypeName": "Forecast products", "dx": 0.024617210030555725, "dy": 0.01798853650689125, "numberPoints": 65160, "productStatusName": "Operational products", "gribEdition": 2, "parameterUnit": "m.s-1", "forecastTime": 0, "refTime": "2020-09-30T07:30:00.000Z", "productType": 1, "genProcessTypeName": "Forecast", "scanMode": 0, "genProcessType": 2, "gribLength": 11338.0, "significanceOfRT": 1, "productDefinitionTemplateName": "Analysis/forecast at horizontal level/layer at a point in time", "centerName": "WRF OUTPUT", "la1": 43.66691207885742, "la2": 42.426788330078125, "lo2": 13.70867919921875, "gridUnits": "degrees", "surface1Value": 10, "shapeName": "Earth spherical with radius of 6,371,229.0 m", "surface1TypeName": "Specified height level above ground", "nx": 70.0, "ny": 70.0, "lo1": 12.008544921875, "basicAngle": 0, "gridDefinitionTemplate": 0, "shape": 6, "parameterNumber": 2, "subcenter": 0, "parameterCategoryName": "Momentum", "parameterCategory": 2, "center": 0, "gridDefinitionTemplateName": "Latitude_Longitude", "resolution": 48}, "data":
[rows 0 to 18 of 70, columns 0 to 41 of 70]
0.01581646129488945,0.17873059213161469,0.4264337122440338,0.7093029022216797,0.9522802829742432,1.1848655939102173,1.347057580947876,1.4062800407409668,1.4160020351409912,1.4300637245178223,1.4199000597000122,1.3838062286376953,1.311364769935608,1.2621639966964722,1.138996958732605,1.0120024681091309,0.8998264074325562,0.7678675055503845,0.6644469499588013,0.6114434003829956,0.5904757380485535,0.604214072227478,0.6747925877571106,0.7590059638023376,0.8259409070014954,0.8966129422187805,0.9797965884208679,1.0732933282852173,1.179970383644104,1.266405701637268,1.3212872743606567,1.3870397806167603,1.4464375972747803,1.4911892414093018,1.5246957540512085,1.5304837226867676,1.4811629056930542,1.3759840726852417,1.2692815065383911,1.1852113008499146,1.0932782888412476,1.010225772857666
-0.3984926640987396,-0.24948705732822418,0.2599673569202423,0.554559051990509,0.7791875600814819,0.9502900838851929,1.0582448244094849,1.0885744094848633,1.110907793045044,1.124570369720459,1.186151146888733,1.2492363452911377,1.2450835704803467,1.1792778968811035,1.0962560176849365,1.0606437921524048,0.9956719875335693,0.8738695383071899,0.7854575514793396,0.7627769112586975,0.7270468473434448,0.7171708345413208,0.7827203869819641,0.8546847105026245,0.8767966628074646,0.9009193778038025,0.9293364882469177,0.9454384446144104,0.9376690983772278,0.9475964307785034,0.9742522835731506,1.0565263032913208,1.1605304479599,1.2659703493118286,1.3261082172393799,1.3486312627792358,1.3463317155838013,1.3254894018173218,1.2829630374908447,1.2342888116836548,1.194243311882019,1.1630502939224243
-0.5526660084724426,-0.38699662685394287,0.21486228704452515,0.5116137862205505,0.7469961047172546,0.9003587961196899,0.9998051524162292,1.0169233083724976,1.007682204246521,0.9844809174537659,1.0131886005401611,1.0642622709274292,1.0954302549362183,1.0780200958251953,1.0789128541946411,1.0635014772415161,1.0182965993881226,0.9092996716499329,0.8611297011375427,0.8507894277572632,0.8264037370681763,0.8146061897277832,0.8826993107795715,0.9371567964553833,0.9198678135871887,0.9065829515457153,0.8779962062835693,0.8203138709068298,0.7781391739845276,0.8303548097610474,0.8936368227005005,0.938692033290863,0.9909582734107971,1.0651370286941528,1.1090941429138184,1.147566556930542,1.1887778043746948,1.2375801801681519,1.2635798454284668,1.272972583770752,1.269391655921936,1.2538095712661743
-0.5004503130912781,-0.3369746208190918,0.09232331067323685,0.36214593052864075,0.5244776606559753,0.6145222187042236,0.6965866088867188,0.732094943523407,0.7161505818367004,0.7229065299034119,0.80008864402771,0.954730749130249,1.048475742340088,1.0313091278076172,1.0458834171295166,1.0667157173156738,1.0588316917419434,1.077318549156189,1.0483269691467285,1.0681828260421753,1.0963342189788818,1.1045068502426147,1.089421033859253,1.0059309005737305,0.8658286929130554,0.8126039505004883,0.8219159841537476,0.8099990487098694,0.7953460216522217,0.8220019936561584,0.843278169631958,0.8456321954727173,0.8788855075836182,0.9265365600585938,0.9571589231491089,1.0096434354782104,1.0906392335891724,1.188323974609375,1.2723361253738403,1.3201044797897339,1.3259861469268799,1.298088788986206
-0.38486433029174805,-0.2509876489639282,0.010823437012732029,0.2815879285335541,0.3988403081893921,0.29526573419570923,0.3633185625076294,0.4087962508201599,0.299163818359375,0.35872897505760193,0.48683610558509827,0.6438555121421814,0.8011176586151123,1.0435463190078735,1.3570024967193604,1.3629789352416992,1.2980339527130127,1.3311551809310913,1.2625387907028198,1.4955928325653076,1.7188695669174194,1.8799914121627808,2.0643041133880615,1.557518720626831,0.6662784814834595,0.4277881383895874,0.7045583128929138,0.9825720191001892,1.0281566381454468,1.1674809455871582,1.2666816711425781,1.1653554439544678,1.1193292140960693,1.1135575771331787,1.111809492111206,1.1656039953231812,1.2856206893920898,1.4163007736206055,1.4972785711288452,1.516582727432251,1.5018044710159302,1.4341481924057007
0.0010305839823558927,0.09645801782608032,-0.12722836434841156,0.26840952038764954,0.3241885304450989,0.2425834685564041,0.3005109131336212,0.29853886365890503,0.35461854934692383,0.40977832674980164,0.5914989709854126,0.7167415618896484,0.8548620343208313,1.006098747253418,1.0113722085952759,1.115602731704712,1.288703203201294,1.1442756652832031,1.0446338653564453,1.177269458770752,1.5256191492080688,1.896068811416626,1.7507250308990479,1.2534548044204712,0.9811595678329468,0.9726675152778625,1.0807521343231201,1.5328789949417114,1.7528188228607178,1.4962375164031982,1.3115007877349854,1.0925319194793701,0.7879691123962402,0.7147928476333618,0.7803585529327393,0.945586085319519,1.1214345693588257,1.2940181493759155,1.4132658243179321,1.5141671895980835,1.5356990098953247,1.4130855798721313
0.0040609026327729225,0.06717278808355331,-0.24614904820919037,0.1523837447166443,0.2198309600353241,-0.057700496166944504,0.16780292987823486,0.25921472907066345,0.1748972237110138,0.2218794822692871,0.361759215593338,0.396963894367218,0.6775893568992615,1.1974002122879028,1.0602145195007324,1.003029704093933,1.1249916553497314,1.0017693042755127,1.0544120073318481,1.1635922193527222,1.4763942956924438,1.6888508796691895,1.9226977825164795,1.9095035791397095,1.4053773880004883,1.1015270948410034,1.3793721199035645,1.9127819538116455,2.0069940090179443,1.758331060409546,1.4397187232971191,0.9442446827888489,0.5235238671302795,0.43214327096939087,0.6324858665466309,0.9123926162719727,1.0739500522613525,1.2473771572113037,1.404932975769043,1.5216480493545532,1.5029433965682983,1.2937289476394653
-0.11526255309581757,-0.09804796427488327,-0.4157656729221344,-0.11092415452003479,-0.14496099948883057,-0.3021917939186096,-0.09122830629348755,0.13096141815185547,0.22484634816646576,0.21187177300453186,0.2958015203475952,0.2653373181819916,0.6041839718818665,1.0509567260742188,1.037044882774353,0.8309487104415894,0.8467851281166077,0.8592552542686462,0.982083797454834,1.109824299812317,0.9829418659210205,0.9345777630805969,1.7435877323150635,1.9969362020492554,1.5802175998687744,1.332790493965149,1.3129510879516602,1.4828003644943237,1.0044306516647339,0.4742070436477661,0.43855223059654236,0.30024003982543945,0.24304251372814178,0.3086928427219391,0.45286130905151367,0.5414875149726868,0.8569930791854858,1.343983769416809,1.4487017393112183,1.3447035551071167,1.09798002243042,0.7977913618087769
-0.21399246156215668,-0.21773362159729004,-0.5062865614891052,-0.2442241609096527,-0.3731006681919098,-0.44451189041137695,-0.22122377157211304,-0.17637139558792114,-0.00528974924236536,0.13896484673023224,0.1766846626996994,0.12867146730422974,0.326145738363266,0.6382901668548584,0.9411575794219971,0.8907201886177063,0.7540645599365234,0.8893499374389648,1.0346674919128418,1.1556522846221924,0.8031414747238159,0.4393818974494934,0.34996604919433594,0.5457903146743774,1.6006790399551392,2.1062099933624268,1.780442237854004,1.1677178144454956,-0.16247566044330597,-0.6325616836547852,-0.1800014078617096,-0.08935609459877014,0.025117335841059685,0.08962730318307877,-0.090645432472229,-0.08464964479207993,0.51218181848526,1.0922627449035645,1.3920681476593018,0.9525666236877441,0.3504004180431366,0.3053455948829651
-0.5405741333961487,-0.5948933362960815,-0.6480422019958496,-0.3248976469039917,-0.518585741519928,-0.5404397249221802,-0.24885335564613342,-0.3066157102584839,-0.20760765671730042,0.08114077895879745,0.30898547172546387,0.19525988399982452,0.3865301311016083,0.6247233748435974,0.5407860279083252,0.6438930630683899,0.9200868010520935,1.1536167860031128,1.2839775085449219,0.979001522064209,0.562492847442627,0.3603435456752777,-0.24171237647533417,-0.35538366436958313,0.18691237270832062,0.7941635847091675,1.692703366279602,1.4148190021514893,-0.14967480301856995,-0.7638388872146606,-0.6226562857627869,-0.7394371032714844,-0.5192641019821167,-0.1163659542798996,-0.08502401411533356,-0.10840360820293427,0.3111419081687927,1.2197505235671997,2.1596035957336426,1.5335749387741089,0.47604095935821533,0.23664557933807373
-1.3502542972564697,-1.3509584665298462,-0.734079897403717,-0.6429141163825989,-0.7639014720916748,-0.5139768719673157,-0.2625851035118103,-0.36905285716056824,-0.3349406123161316,-0.08805303275585175,0.17673715949058533,0.391853392124176,0.4266378581523895,0.3935590982437134,0.5806578993797302,0.741113543510437,0.49406203627586365,0.2907160818576813,0.7754732966423035,1.000801682472229,0.6109800338745117,0.9786673188209534,0.7474625706672668,-0.6313003897666931,-0.7302614450454712,0.2284359633922577,1.1091269254684448,1.4561161994934082,0.22625631093978882,-0.8767964839935303,-0.9218597412109375,-1.160761833190918,-0.9265482425689697,-0.5826953649520874,-0.24953708052635193,0.013934211805462837,-0.03334067761898041,0.47869399189949036,1.3310546875,1.3257538080215454,0.8196874260902405,0.5917080044746399
-1.710729718208313,-1.7382838726043701,-0.8514784574508667,-0.6363613605499268,-0.6347869634628296,-0.4468870759010315,-0.24256406724452972,-0.18109849095344543,-0.2042093724012375,-0.22225871682167053,0.2578931152820587,0.5290313959121704,0.37638917565345764,0.2884358763694763,0.6517530679702759,1.071214199066162,0.20585118234157562,-0.14454814791679382,0.8475005030632019,1.3510510921478271,1.143129587173462,1.0124621391296387,1.3976900577545166,0.18492001295089722,-0.9254310727119446,-0.09436977654695511,0.2841166853904724,0.9157940149307251,1.528861165046692,0.10092264413833618,-0.9974968433380127,-0.8000914454460144,-1.0603355169296265,-0.9985315203666687,-0.5383892059326172,-0.5099163055419922,-0.3943292796611786,0.08842304348945618,0.6479716300964355,1.5423623323440552,2.036242723464966,1.3256721496582031
-1.7298411130905151,-1.7200990915298462,-0.8612757921218872,-0.7400914430618286,-0.6247422099113464,-0.33703580498695374,-0.08413905650377274,0.014149235561490059,-0.2912451922893524,-0.6288659572601318,-0.025179903954267502,0.5660212635993958,0.3719247877597809,0.33564552664756775,0.594419538974762,0.7771507501602173,0.11415460705757141,-0.11500126868486404,0.49185433983802795,0.856513500213623,1.182072401046753,1.204254388809204,0.9410527348518372,0.8117154836654663,-0.32451707124710083,-0.8178653120994568,0.1381913125514984,0.4071143567562103,1.7065775394439697,2.2609336376190186,1.3056820631027222,1.8417410850524902,0.4874906539916992,-1.2782952785491943,-0.7588096261024475,-0.9172340035438538,-0.9871625900268555,-0.4632013738155365,0.3589455783367157,1.2839710712432861,2.1714067459106445,2.1723320484161377
-1.662355661392212,-1.614778757095337,-0.8634156584739685,-0.757095992565155,-0.5380080342292786,-0.3275297284126282,-0.0772920623421669,0.08198049664497375,-0.6611395478248596,-1.1129822731018066,-0.24382363259792328,0.5913955569267273,0.6234387755393982,0.48692190647125244,0.24218255281448364,0.08885136246681213,0.21929866075515747,0.21676549315452576,0.180417999625206,0.4130796492099762,0.62173992395401,1.144392728805542,1.2001594305038452,0.5816259980201721,0.054963380098342896,-0.4784209132194519,-0.21504437923431396,0.38490888476371765,1.18574857711792,2.069584846496582,2.257969856262207,3.1631345748901367,2.1827075481414795,-0.6371510624885559,-0.7806650996208191,-0.6698206067085266,-1.2244749069213867,-0.7752583622932434,0.14908184111118317,1.0630310773849487,2.097153425216675,2.5730295181274414
-1.4663448333740234,-1.3933781385421753,-0.8461229801177979,-0.7449368834495544,-0.6079118847846985,-0.39738062024116516,-0.25108423829078674,-0.2745994031429291,-0.7191100716590881,-0.880935788154602,-0.14520256221294403,0.6412241458892822,0.7259662747383118,0.47429442405700684,-4.7935063776094466e-05,-0.12099671363830566,0.48958081007003784,0.48542290925979614,-0.08253863453865051,0.052614595741033554,0.4675759971141815,1.0503712892532349,1.137927770614624,0.488715797662735,0.2905208170413971,-0.2669726014137268,-0.5345364212989807,0.2396811842918396,1.1226767301559448,2.067702531814575,2.577256917953491,3.167295217514038,1.8839398622512817,-0.41824376583099365,-0.4788762331008911,-0.13597992062568665,-0.6288530826568604,-0.6054391264915466,0.4872918426990509,0.8810746669769287,1.2607085704803467,2.3259100914001465
-0.7309276461601257,-0.6002625226974487,-0.8365827202796936,-0.6928694844245911,-0.5915173888206482,-0.5042361617088318,-0.35843363404273987,-0.39747366309165955,-0.6263117790222168,-0.6072444915771484,-0.07196241617202759,0.5706709623336792,0.5122650861740112,0.3001771867275238,-0.012028884142637253,-0.11073467880487442,0.5563713908195496,0.3755486011505127,-0.4080753028392792,-0.22026364505290985,0.4402642548084259,1.0029174089431763,1.0862195491790771,0.7633390426635742,0.6812214255332947,-0.03787514567375183,-0.6842767596244812,-0.0445152185857296,1.0143604278564453,2.4546985626220703,2.103803873062134,0.33623939752578735,-0.5733832120895386,-0.9479725360870361,-0.5290184617042542,-0.5207328200340271,-0.5379641056060791,-0.16075590252876282,0.2550647258758545,0.4535146653652191,0.9543906450271606,1.6120084524154663
-0.34873729944229126,-0.14782316982746124,-0.7795306444168091,-0.7411290407180786,-0.7467629909515381,-0.503822922706604,-0.3858503997325897,-0.5038511157035828,-0.45485374331474304,-0.40711477398872375,-0.0919804722070694,0.46310773491859436,0.5574324727058411,0.5178238153457642,0.20894338190555573,0.14979909360408783,0.6429557800292969,0.10110591351985931,-0.6037437915802002,-0.2848621606826782,0.2340383380651474,0.48525118827819824,0.7323825359344482,0.9637019634246826,0.9476968050003052,0.01666191592812538,-0.8142182230949402,-0.2418237328529358,0.27548497915267944,1.4621226787567139,1.3448389768600464,-0.505894124507904,-1.0380176305770874,-0.8936751484870911,-0.7575168609619141,-1.0777082443237305,-1.095441460609436,-0.5618863701820374,-0.5898677706718445,-0.31095850467681885,0.3327716588973999,0.8707232475280762
-0.20131084322929382,0.045709848403930664,-0.7547137141227722,-0.6887833476066589,-0.6387070417404175,-0.5718187689781189,-0.5948636531829834,-0.576764702796936,-0.406120628118515,-0.4410248100757599,-0.14437073469161987,0.42028066515922546,0.5384741425514221,0.5447326898574829,0.4995339512825012,0.6042785048484802,0.25930434465408325,-0.40715503692626953,-0.3618941903114319,-0.31797951459884644,-0.5169645547866821,-0.20963524281978607,0.10975427180528641,0.21720466017723083,0.7337579131126404,0.5144264101982117,-0.6288667917251587,-0.6073161959648132,0.2953125834465027,0.8602831363677979,1.8203904628753662,1.539843201637268,-0.4859648048877716,-1.0927351713180542,-1.1104546785354614,-1.3690874576568604,-0.9368885159492493,-0.8046342730522156,-0.9923478960990906,-0.5264595150947571,0.13593482971191406,0.942014753818512
0.09513897448778152,0.4052405059337616,-0.6745452880859375,-0.6378083825111389,-0.6212724447250366,-0.599009096622467,-0.591047465801239,-0.48634931445121765,-0.34873101115226746,-0.2138647586107254,0.0017004167893901467,0.05837497487664223,0.3304949700832367,0.5318481922149658,0.6376428008079529,0.8175961971282959,0.25731879472732544,-0.10319288820028305,0.3262932300567627,-0.2562277615070343,-1.1114224195480347,-0.7301377058029175,-0.18203270435333252,0.027487412095069885,0.32731473445892334,0.6213396787643433,-0.1972293257713318,-0.7906445860862732,-0.07342429459095001,0.5488889217376709,0.9643529057502747,2.283705234527588,2.0511715412139893,-0.2785273790359497,-1.2248154878616333,-1.6802793741226196,-1.5111687183380127,-1.050500750541687,-1.1425166130065918,-0.5729289650917053,0.23602420091629028,0.7761545181274414
