demo/sfcwind/0930-wind-surface-level-gfs-1.0.json
{"header": {"productDefinitionTemplate": 0, "surface1Type": 103, "productStatus": 0, "disciplineName": "Meteorological products", "subDivisions": 0, "winds": "true", "parameterNumberName": "V-component_of_wind", "discipline": 0, "surface2Value": 0, "significanceOfRTName": "Start of forecast", "surface2TypeName": "Missing", "surface2Type": 255, "productTypeName": "Forecast products", "dx": 0.024617210030555725, "dy": 0.01798853650689125, "numberPoints": 65160, "productStatusName": "Operational products", "gribEdition": 2, "parameterUnit": "m.s-1", "forecastTime": 0, "refTime": "2020-09-30T07:30:00.000Z", "productType": 1, "genProcessTypeName": "Forecast", "scanMode": 0, "genProcessType": 2, "gribLength": 11338.0, "significanceOfRT": 1, "productDefinitionTemplateName": "Analysis/forecast at horizontal level/layer at a point in time", "centerName": "WRF OUTPUT", "la1": 43.66691207885742, "la2": 42.426788330078125, "lo2": 13.70867919921875, "gridUnits": "degrees", "surface1Value": 10, "shapeName": "Earth spherical with radius of 6,371,229.0 m", "surface1TypeName": "Specified height level above ground", "nx": 70.0, "ny": 70.0, "lo1": 12.008544921875, "basicAngle": 0, "gridDefinitionTemplate": 0, "shape": 6, "parameterNumber": 3, "subcenter": 0, "parameterCategoryName": "Momentum", "parameterCategory": 2, "center": 0, "gridDefinitionTemplateName": "Latitude_Longitude", "resolution": 48}, "data":
[rows 19 to 37 of 70, columns 0 to 41 of 70]
0.3825100064277649,0.3600583076477051,0.349139928817749,0.27158108353614807,0.2177422195672989,-0.04495709389448166,-0.20867598056793213,-0.385771244764328,-0.5616338849067688,-0.9874714612960815,-1.1090574264526367,-0.9550741910934448,-0.6011940836906433,-0.4182812571525574,-0.14824146032333374,0.12259593605995178,0.23788155615329742,-0.28732961416244507,-0.30555567145347595,-0.03536577895283699,-0.15851730108261108,-0.24822752177715302,0.0954258143901825,0.44949138164520264,0.7324408888816833,0.7649486660957336,0.871674656867981,0.1614675521850586,0.21021300554275513,0.48652130365371704,0.5377116203308105,0.3326798379421234,1.0227168798446655,0.40649402141571045,0.07198925316333771,0.48634323477745056,0.28571125864982605,0.5000818371772766,0.6209757328033447,0.40509840846061707,0.5474933981895447,0.5636835694313049
0.4664898216724396,0.4045473635196686,0.4056110084056854,0.296050101518631,0.1341450959444046,-0.2559985816478729,-0.4476166367530823,-0.6357514262199402,-0.783970057964325,-0.2792498767375946,-0.26054614782333374,-0.44438302516937256,-0.4104509949684143,-0.4980454444885254,-0.360225111246109,-0.06862498819828033,-0.11422765254974365,-0.32353469729423523,-0.13635005056858063,0.08152750879526138,0.016750309616327286,0.0032634325325489044,-0.08008408546447754,-0.11384306848049164,0.16025546193122864,0.5419502258300781,0.7116990089416504,0.3670204281806946,0.08640638738870621,0.2999449372291565,0.3259340524673462,0.1733013093471527,0.67938232421875,0.5783740878105164,0.3358910083770752,0.0564577616751194,0.0028401538729667664,0.41669949889183044,0.7030532360076904,0.7105021476745605,0.7038416266441345,0.8095515966415405
0.4954632818698883,0.44348886609077454,0.4498618245124817,0.33113008737564087,0.2342250794172287,-0.0923699140548706,-0.17400318384170532,-0.36809247732162476,-0.4125799536705017,-0.2063024342060089,-0.37309443950653076,-0.6182852387428284,-0.7560521364212036,-0.7207145094871521,-0.5391713380813599,-0.40928706526756287,-0.18156495690345764,0.11037164181470871,0.20408427715301514,0.4627666771411896,0.7577107548713684,0.2546877861022949,-0.4876527488231659,-0.5068421959877014,-0.2569391429424286,0.11300698667764664,0.40543511509895325,0.43844619393348694,0.013540013693273067,-0.06465655565261841,-0.028346572071313858,0.03835884854197502,0.901705265045166,0.8256543278694153,-0.4981289803981781,-1.2284059524536133,-0.7280486822128296,0.15014852583408356,0.35434621572494507,0.5932784080505371,0.7365307807922363,0.8489981293678284
0.4852425754070282,0.4582873582839966,0.45922309160232544,0.3525680899620056,0.4142463505268097,0.16557691991329193,-0.0004258891858626157,-0.29897940158843994,-0.3592214286327362,-0.9177972078323364,-1.0954660177230835,-0.9645633697509766,-0.8454934358596802,-1.091019630432129,-0.7473029494285583,-0.7005680799484253,-0.18244488537311554,0.2029087394475937,0.593590497970581,1.0068155527114868,1.0670912265777588,0.6954392790794373,0.11286167800426483,-0.04298269748687744,0.025898098945617676,-0.055899638682603836,0.0223960280418396,0.03696586564183235,-0.2307070642709732,-0.5165047645568848,-0.39987877011299133,0.15563097596168518,0.9236767888069153,1.5950653553009033,-0.15539593994617462,-1.1312637329101562,-0.7394384145736694,-0.15385115146636963,0.14521294832229614,0.3909797668457031,0.6329434514045715,0.7626884579658508
0.4839760959148407,0.4656752347946167,0.4304047226905823,0.2973305583000183,0.19860708713531494,-0.029308339580893517,-0.28363707661628723,-0.4079742729663849,-0.6250150799751282,-0.9021601676940918,-0.1964309960603714,-0.009395668283104897,-0.0685589388012886,-0.6478028297424316,-0.5687911510467529,-0.49704742431640625,-0.12779240310192108,0.25214990973472595,0.7559270858764648,0.7206414937973022,0.7268054485321045,0.9889910221099854,0.809708833694458,0.5458874702453613,0.2767614424228668,-0.029447264969348907,-0.21701960265636444,-0.45343127846717834,-0.5778704881668091,-0.3623437285423279,-0.12971802055835724,0.20949329435825348,0.38954469561576843,1.137724757194519,0.11862670630216599,0.3679939806461334,0.2517428398132324,-0.3307839035987854,-0.13670286536216736,0.19582071900367737,0.457588791847229,0.7274671196937561
0.4808676838874817,0.45497435331344604,0.4131603538990021,0.27712690830230713,0.06931648403406143,-0.3798859119415283,-0.4552246630191803,-0.4849441647529602,-0.5166031122207642,-0.3297429382801056,0.5142537355422974,0.14809539914131165,-0.12388195842504501,-0.4282330572605133,-0.4708196520805359,-0.296304315328598,-0.21075187623500824,0.13426029682159424,0.46305203437805176,0.5238742232322693,0.7833389639854431,0.7167744636535645,0.14710435271263123,0.10215974599123001,-0.1421816051006317,-0.45644035935401917,-0.4681144058704376,-0.5184950828552246,-0.2835526764392853,0.056245237588882446,-0.1614709049463272,-0.06316821277141571,0.11808746308088303,0.536582350730896,-0.14545607566833496,1.2372251749038696,0.9335039258003235,0.44473797082901,0.28788548707962036,-0.3820863962173462,0.15484386682510376,0.7234456539154053
0.45110729336738586,0.41509994864463806,0.37603849172592163,0.23526228964328766,-0.013587688095867634,0.027321891859173775,-0.26658597588539124,-0.5078005194664001,-0.6420713067054749,-0.1811925768852234,0.7190703749656677,-0.18184711039066315,-0.6850950121879578,-0.6582883596420288,-0.45529186725616455,-0.38812899589538574,-0.3930564224720001,-0.12580057978630066,0.10012806206941605,0.43150654435157776,0.46797889471054077,0.4939943850040436,-0.14222177863121033,-0.2958175539970398,-0.5964617133140564,-0.9206881523132324,-0.743726909160614,-0.5156100392341614,-0.38684922456741333,-0.14892064034938812,-0.07762648165225983,0.23274877667427063,0.23081324994564056,0.23478460311889648,0.1915893852710724,1.3986254930496216,1.3285290002822876,1.1808717250823975,1.0635932683944702,0.2855466604232788,0.04668586701154709,0.4522479474544525
0.38783496618270874,0.3598320782184601,0.331726998090744,0.1559882014989853,-0.33456918597221375,-0.12009575217962265,-0.28831952810287476,-0.43082451820373535,-0.3958519399166107,0.19160212576389313,0.8440088033676147,0.2618717849254608,-0.15804144740104675,0.09503176063299179,0.578650176525116,-0.012378409504890442,-0.1933262050151825,-0.11464058607816696,0.1313847005367279,0.30920958518981934,0.3931039869785309,0.5918791890144348,-0.07006141543388367,-0.5522300004959106,-0.7465639710426331,-0.6377933025360107,-0.9349255561828613,-0.9203900694847107,-0.6968628764152527,-0.015271487645804882,0.4361044466495514,0.6866012215614319,0.39274483919143677,-0.21563585102558136,0.7917115092277527,1.6403201818466187,1.4039033651351929,0.8570138216018677,0.6302595138549805,0.9203130006790161,0.3377726376056671,0.1535426825284958
0.3106590807437897,0.31826236844062805,0.3035332262516022,0.17340970039367676,-0.15774549543857574,-0.08368149399757385,0.29102763533592224,0.16255047917366028,0.20335040986537933,0.7559565901756287,0.6586945652961731,0.5804661512374878,0.4784068465232849,0.6452146768569946,1.0435142517089844,0.3693046271800995,-0.10818567126989365,-0.19458895921707153,0.1329396516084671,0.18412457406520844,0.31223878264427185,0.6408672332763672,0.15619412064552307,-0.7001956105232239,-0.738154411315918,-0.3700088560581207,-0.48957985639572144,-0.8324351906776428,-0.7482304573059082,0.30324578285217285,0.6047807931900024,0.5407491326332092,0.40770500898361206,-0.18801012635231018,0.8852107524871826,1.2749394178390503,0.8401392698287964,0.035023245960474014,-0.6229993104934692,-0.2960808277130127,0.17355722188949585,0.2350112497806549
0.21589873731136322,0.23042985796928406,0.24673645198345184,0.18857210874557495,0.15118375420570374,0.32753339409828186,0.5780020952224731,0.5373504161834717,0.24014653265476227,0.581093430519104,0.4770093262195587,0.313283771276474,0.03721430525183678,-0.014179646037518978,0.35934126377105713,0.2719046175479889,-0.37256914377212524,-0.3389115631580353,-0.13039043545722961,0.17896462976932526,0.26184073090553284,0.5723696351051331,0.6736145615577698,-0.3789510726928711,-0.5746403336524963,-0.21366848051548004,0.04815524071455002,-0.18688949942588806,-0.6058946847915649,-0.2633255422115326,0.11610894650220871,0.1535254865884781,0.13996100425720215,0.07612870633602142,0.39109766483306885,0.2149120420217514,0.2594347596168518,0.1723920702934265,-1.0318955183029175,-0.9869691133499146,-0.5776532888412476,0.35957881808280945
0.11826852709054947,0.10704930126667023,0.1496582180261612,0.1305832713842392,0.0711633712053299,0.2324722558259964,0.2275964915752411,0.135685995221138,0.10662083327770233,0.3824946880340576,0.4771859347820282,0.1875949501991272,-0.26324358582496643,-0.37944257259368896,0.23579704761505127,0.166571706533432,-0.08263975381851196,-0.16552135348320007,-0.11578929424285889,0.11775658279657364,0.1618332862854004,0.4752689003944397,0.6643895506858826,-0.14955583214759827,-0.7645593285560608,-0.6688678860664368,-0.5464768409729004,-0.14231932163238525,0.14544834196567535,-0.1380569040775299,0.000867415510583669,0.09539740532636642,0.07755661010742188,0.23981033265590668,0.6123091578483582,-0.004471617750823498,0.11912352591753006,0.6071516871452332,-0.3984178900718689,-0.9730413556098938,-0.815802812576294,0.232818603515625
0.01790023036301136,0.006612467113882303,0.05265791714191437,0.05565742775797844,0.010077531449496746,0.15550711750984192,0.04600018635392189,-0.1688823252916336,-0.22473374009132385,-0.15663447976112366,0.13069535791873932,0.23231345415115356,0.3172990381717682,0.4950607419013977,0.2769663631916046,0.21233797073364258,0.0722571387887001,-0.038165945559740067,0.05173291265964508,-0.016530053690075874,0.0816383808851242,0.42861294746398926,0.45371729135513306,0.15551398694515228,0.011260271072387695,-0.12919780611991882,0.12799008190631866,0.4643399715423584,0.6812871694564819,0.39370185136795044,0.3919762670993805,0.2288445085287094,0.12340204417705536,0.4374236464500427,1.115159511566162,0.6493504047393799,-0.0778837502002716,-0.15758982300758362,-0.4054185450077057,-1.1805275678634644,-1.0105020999908447,-0.0650649145245552
-0.08214835077524185,-0.08109266310930252,-0.04472777247428894,-0.04671955853700638,-0.15280339121818542,0.12856024503707886,-0.01540643535554409,-0.18176332116127014,-0.40163734555244446,-0.3957519829273224,-0.02805778756737709,0.29244136810302734,0.7136760354042053,0.8899760842323303,0.11212003231048584,-0.03018944337964058,-0.26838770508766174,-0.18279802799224854,-0.10380636155605316,0.0035785003565251827,0.2010316699743271,0.26650184392929077,0.42295974493026733,0.6264910697937012,0.8796812891960144,0.9326151013374329,0.6136881113052368,0.6501238346099854,0.27175718545913696,0.20450764894485474,0.23721623420715332,-0.03845718130469322,-0.12742914259433746,0.19145555794239044,0.55450838804245,0.5225794315338135,-0.06570009142160416,-0.7494646906852722,-0.8287397623062134,-0.8369770050048828,-0.7542851567268372,-0.2664157748222351
-0.18660300970077515,-0.19427597522735596,-0.15226341784000397,-0.10937473922967911,-0.014562667347490788,0.11267029494047165,-0.13383986055850983,-0.10782255977392197,-0.024924704805016518,-0.1289883553981781,-0.15238057076931,0.11190854012966156,0.4772295355796814,0.4653095006942749,0.22396712005138397,0.010702313855290413,-0.13498520851135254,-0.18116213381290436,-0.30674973130226135,-0.18690930306911469,-0.010124880820512772,0.12689664959907532,0.3130650222301483,0.5733333826065063,0.6858841180801392,0.6991434693336487,0.2704686224460602,-0.6039583086967468,-0.5053987503051758,0.37484997510910034,0.19508369266986847,-0.3148082494735718,-0.5336433053016663,-0.6295979619026184,0.04422397166490555,0.3092896044254303,0.302209734916687,0.029988199472427368,0.2344464659690857,0.5190541744232178,0.6388643383979797,0.243292436003685
-0.2785896360874176,-0.3025738000869751,-0.24831277132034302,-0.12591315805912018,0.1501157134771347,-0.09899541735649109,-0.2144758105278015,-0.023345017805695534,0.22919411957263947,0.102381132543087,-0.1301729381084442,-0.051756422966718674,0.09072382748126984,0.1449824422597885,0.1158500537276268,0.11100278049707413,0.027896123006939888,-0.14876465499401093,-0.4020768702030182,-0.2849765419960022,-0.034727297723293304,0.16648781299591064,0.2597947120666504,0.4136662185192108,0.6109797358512878,0.5587183237075806,0.7364703416824341,-0.9148106575012207,-0.9834197163581848,0.32143619656562805,0.17026670277118683,-0.3614159822463989,-0.22752538323402405,-0.6011894941329956,0.2243819236755371,0.44270575046539307,0.4707968235015869,1.0855326652526855,1.6827385425567627,1.3624653816223145,0.84685879945755,0.5582651495933533
-0.34138408303260803,-0.375548392534256,-0.3233046233654022,-0.1941070556640625,-0.01288139820098877,0.0541004054248333,0.21377141773700714,0.2969217300415039,0.1388593316078186,0.13650411367416382,0.04287426173686981,-0.017348509281873703,-0.09560437500476837,-0.09199706465005875,-0.022763274610042572,-0.05088409036397934,-0.1809469312429428,-0.36936601996421814,-0.33226677775382996,-0.09347942471504211,0.09150643646717072,0.2155938446521759,0.3204135298728943,0.3760981261730194,0.5096062421798706,0.7222753763198853,0.7964667677879333,0.15922778844833374,-0.572199821472168,-0.038209181278944016,-0.17230816185474396,-0.18774119019508362,0.5439226627349854,0.4781702160835266,0.450064092874527,0.6186719536781311,0.8366108536720276,1.1661759614944458,1.1722807884216309,1.1334644556045532,0.2200506180524826,0.40116024017333984
-0.368038147687912,-0.39768704771995544,-0.350632905960083,-0.24783410131931305,-0.03893180936574936,0.24418847262859344,0.38994771242141724,0.2968204915523529,-0.025673657655715942,-0.03986046835780144,-0.005478710867464542,-0.12899723649024963,-0.18226782977581024,-0.1487198919057846,-0.14860904216766357,-0.24703067541122437,-0.40986669063568115,-0.5194134712219238,-0.3570478558540344,-0.22605226933956146,-0.15483781695365906,0.14852137863636017,0.3918568193912506,0.41910961270332336,0.5670820474624634,0.7319149374961853,0.7755961418151855,0.8102114796638489,0.506193995475769,0.41156286001205444,-0.15231932699680328,-0.03011344000697136,0.4838111102581024,1.0528963804244995,0.6799556016921997,0.5329760313034058,0.49216458201408386,0.17757132649421692,0.23756594955921173,0.704383373260498,0.1688133329153061,0.18951255083084106
-0.3706064522266388,-0.3856257200241089,-0.3290214538574219,-0.23486904799938202,0.016012195497751236,0.2347136288881302,0.25739991664886475,0.1602851152420044,0.02734135463833809,-0.005257027223706245,-0.10478589683771133,-0.18324892222881317,-0.16959264874458313,-0.2325536608695984,-0.34174320101737976,-0.4828297197818756,-0.7162191271781921,-0.9348915815353394,-0.907118558883667,-0.9093425869941711,-0.5588706135749817,0.024601031094789505,0.4027577042579651,0.5198163986206055,0.6022858023643494,0.6404553055763245,0.7312268018722534,0.7735799551010132,0.8279025554656982,0.6583864092826843,-0.02108631655573845,-0.1643112599849701,0.007198263891041279,1.0300158262252808,0.9650112390518188,0.3945615291595459,0.1926354616880417,-0.10737812519073486,-0.16238385438919067,-0.009677744470536709,-0.3182542026042938,-0.36659887433052063
-0.370870977640152,-0.37765106558799744,-0.3221409022808075,-0.2954525649547577,-0.2245182991027832,-0.07566101104021072,-0.053720735013484955,-0.10221371799707413,-0.2549990117549896,-0.1972920298576355,-0.02063547633588314,-0.05374530702829361,-0.1591179221868515,-0.34324726462364197,-0.5070686936378479,-0.6574747562408447,-0.9089065194129944,-1.1365501880645752,-1.089716911315918,-1.2038142681121826,-0.4921095669269562,-0.0005558720440603793,0.46513205766677856,0.6526755094528198,0.5975603461265564,0.6811540722846985,0.6849541664123535,0.742287814617157,0.7344819903373718,0.608859121799469,0.48581811785697937,0.16057199239730835,0.21949778497219086,1.0039607286453247,1.1918936967849731,1.2647576332092285,0.48522934317588806,0.48239463567733765,0.1635604202747345,-0.10596077144145966,-0.22002172470092773,-0.5830791592597961
