demo/sfcwind/0930-wind-surface-level-gfs-1.0.json
{"header": {"productDefinitionTemplate": 0, "surface1Type": 103, "productStatus": 0, "disciplineName": "Meteorological products", "subDivisions": 0, "winds": "true", "parameterNumberName": "V-component_of_wind", "discipline": 0, "surface2Value": 0, "significanceOfRTName": "Start of forecast", "surface2TypeName": "Missing", "surface2Type": 255, "productTypeName": "Forecast products", "dx": 0.024617210030555725, "dy": 0.01798853650689125, "numberPoints": 65160, "productStatusName": "Operational products", "gribEdition": 2, "parameterUnit": "m.s-1", "forecastTime": 0, "refTime": "2020-09-30T07:30:00.000Z", "productType": 1, "genProcessTypeName": "Forecast", "scanMode": 0, "genProcessType": 2, "gribLength": 11338.0, "significanceOfRT": 1, "productDefinitionTemplateName": "Analysis/forecast at horizontal level/layer at a point in time", "centerName": "WRF OUTPUT", "la1": 43.66691207885742, "la2": 42.426788330078125, "lo2": 13.70867919921875, "gridUnits": "degrees", "surface1Value": 10, "shapeName": "Earth spherical with radius of 6,371,229.0 m", "surface1TypeName": "Specified height level above ground", "nx": 70.0, "ny": 70.0, "lo1": 12.008544921875, "basicAngle": 0, "gridDefinitionTemplate": 0, "shape": 6, "parameterNumber": 3, "subcenter": 0, "parameterCategoryName": "Momentum", "parameterCategory": 2, "center": 0, "gridDefinitionTemplateName": "Latitude_Longitude", "resolution": 48}, "data":
[rows 38 to 56 of 70, columns 0 to 41 of 70]
-0.34607359766960144,-0.37012606859207153,-0.3399893641471863,-0.4012399911880493,-0.5068389773368835,-0.4298970103263855,-0.5364506244659424,-0.6053884029388428,-0.7454186677932739,-0.11883705109357834,0.1687304675579071,0.060696471482515335,-0.22802689671516418,-0.37970486283302307,-0.5276427865028381,-0.6604666113853455,-0.8390541076660156,-0.7544453144073486,-0.46482518315315247,-0.0658285915851593,-0.007018551230430603,0.14842838048934937,0.4245726764202118,0.719941258430481,0.6075584888458252,0.6408672332763672,0.6831259727478027,0.6766833662986755,0.7317023873329163,0.7349773645401001,0.6468831896781921,-0.04669731855392456,0.03537411987781525,0.5139182209968567,0.9266200661659241,1.7881529331207275,1.055020809173584,0.6212252378463745,0.5913993120193481,0.46958494186401367,-0.05256546288728714,-1.2755486965179443
-0.2778158485889435,-0.31519126892089844,-0.3330904543399811,-0.43267765641212463,-0.7084999680519104,-0.5830294489860535,-0.574187695980072,-0.5840696096420288,-0.2891773581504822,0.29946285486221313,0.12027273327112198,-0.06198230758309364,-0.2778211832046509,-0.4412720203399658,-0.49575746059417725,-0.6060429811477661,-0.7190146446228027,-0.5920531153678894,0.11474855244159698,0.9271717667579651,0.4321785271167755,0.06048402190208435,0.3303709030151367,0.5320276021957397,0.4801795780658722,0.5788844227790833,0.6129074692726135,0.6595700979232788,0.5494465827941895,0.5829778909683228,0.2456880360841751,-0.4145004153251648,-0.7119860649108887,-0.24569639563560486,0.5958446860313416,1.4275307655334473,1.4250893592834473,0.8828558921813965,0.6708784103393555,0.5702481269836426,0.2855222225189209,-0.7565243244171143
-0.17787383496761322,-0.20747590065002441,-0.24475045502185822,-0.29018932580947876,-0.4411494731903076,-0.0532086156308651,0.0992024838924408,0.13750119507312775,0.38609153032302856,0.3300691246986389,-0.043353669345378876,-0.287166029214859,-0.235747829079628,-0.26618021726608276,-0.43642809987068176,-0.5408682823181152,-0.6286748647689819,-0.44411468505859375,0.2912823259830475,0.715265154838562,0.6664549112319946,0.10321003198623657,0.22307828068733215,0.18248796463012695,0.25912484526634216,0.39511463046073914,0.5217972993850708,0.5775314569473267,0.6046355962753296,0.5231870412826538,0.2886369526386261,-0.195156529545784,-0.8221775889396667,-0.5991865396499634,0.8971379995346069,1.1642574071884155,1.1081490516662598,1.3877875804901123,0.9026859998703003,0.8852446675300598,1.023604393005371,0.8768826723098755
-0.05681893602013588,-0.0863102450966835,-0.10676059126853943,-0.09753873199224472,0.03108764812350273,0.3212861716747284,0.3165164589881897,0.22541062533855438,0.004580704495310783,-0.09836854785680771,-0.19397993385791779,-0.22676518559455872,-0.13439300656318665,-0.004278259351849556,-0.2610223889350891,-0.515341579914093,-0.597680389881134,-0.45276281237602234,-0.08069664239883423,0.4789154827594757,0.7853367328643799,0.7304561138153076,0.1442313939332962,0.09273935109376907,0.025950249284505844,-0.007075322791934013,0.16199879348278046,0.4720405340194702,0.6472473740577698,0.6144846677780151,0.37542325258255005,-0.03703153133392334,-0.3489072322845459,-0.5371045470237732,0.8119247555732727,0.8767322897911072,0.7909383773803711,1.1879202127456665,0.9249448776245117,1.0099538564682007,0.878380537033081,0.9655529260635376
0.10921060293912888,0.058962512761354446,0.05819016322493553,0.06396888196468353,0.1897396594285965,0.034278854727745056,-0.10879429429769516,-0.29022443294525146,-0.41278570890426636,-0.17612199485301971,-0.21428263187408447,-0.39477667212486267,-0.49442675709724426,-0.25437700748443604,-0.257919579744339,-0.5372424721717834,-0.6963092684745789,-0.6937756538391113,-0.18580250442028046,0.3819778859615326,0.5177575945854187,0.8502100110054016,0.5103760957717896,0.3069121837615967,0.08170729875564575,0.09534197300672531,0.2028883546590805,0.32952407002449036,0.4765748977661133,0.4230287969112396,0.25643685460090637,0.003741521155461669,-0.2632433772087097,-0.5561679005622864,0.2776399850845337,0.3779926300048828,0.5079856514930725,0.5195077657699585,0.5052628517150879,0.53365159034729,0.6263749003410339,0.6416155695915222
0.2681224048137665,0.21577417850494385,0.22747264802455902,0.18878746032714844,0.1993333250284195,-0.15782096982002258,-0.4216943681240082,-0.4930002689361572,-0.19389046728610992,0.23188742995262146,-0.17210157215595245,-0.5878668427467346,-0.9174702167510986,-0.6321418881416321,-0.5008258819580078,-0.561403214931488,-0.6164408922195435,-0.5043228268623352,-0.030225472524762154,0.22083334624767303,0.14393310248851776,0.3570097088813782,0.5156795978546143,0.3708628714084625,0.3827803432941437,0.6371247172355652,0.8611788153648376,0.46636030077934265,0.3967345952987671,0.3099450469017029,0.18209834396839142,-0.16119077801704407,-0.7283604741096497,-1.0274038314819336,-0.1259842813014984,0.10349712520837784,0.2798559367656708,0.06979252398014069,-0.0905725508928299,0.08749441057443619,0.28152063488960266,0.2954361140727997
0.37577757239341736,0.3788676857948303,0.3439088463783264,0.2515450119972229,0.17833828926086426,-0.1334991604089737,-0.5277684330940247,-0.4884178340435028,-0.21845246851444244,0.10206553339958191,-0.24591076374053955,-0.5141329169273376,-0.7733140587806702,-0.752678394317627,-0.6865158677101135,-0.6118671894073486,-0.4203397333621979,-0.21577557921409607,-0.03613480553030968,-0.02313261851668358,0.04541580379009247,-0.12214373797178268,-0.2704860270023346,-0.04664440453052521,0.31142982840538025,0.5578050017356873,0.9584392309188843,0.6069144606590271,0.40102845430374146,0.23665247857570648,0.1921527087688446,-0.10763567686080933,-0.5973445773124695,-0.45343661308288574,-0.19423793256282806,-0.1726994663476944,-0.06207665055990219,-0.18292532861232758,-0.11359714716672897,0.011829782277345657,-0.14377903938293457,-0.39442387223243713
0.42783015966415405,0.46636876463890076,0.42960071563720703,0.37830018997192383,0.42514193058013916,0.06400764733552933,-0.22522754967212677,-0.3848620057106018,-0.13592806458473206,0.08135843276977539,-0.2218390554189682,-0.40984058380126953,-0.2790254056453705,-0.4647657871246338,-0.5679279565811157,-0.6932590007781982,-0.4653931260108948,-0.2389681339263916,0.08686398714780807,-0.07315988838672638,-0.33131763339042664,-0.3731469511985779,-0.5997127294540405,-0.44654765725135803,0.07557475566864014,0.3751147985458374,0.5150919556617737,0.39399388432502747,0.2570860683917999,0.10158340632915497,0.1504514217376709,-0.02238650619983673,0.45657849311828613,0.9135801792144775,0.33923959732055664,-0.1858305037021637,0.04612993821501732,-0.48504558205604553,-0.15389129519462585,0.07025127857923508,-0.6173022985458374,-0.8859599232673645
0.426106333732605,0.4566178321838379,0.4545488953590393,0.508396327495575,0.7444028258323669,0.5715211033821106,0.336408406496048,-0.038561396300792694,0.14141234755516052,0.3385375440120697,-0.004982716869562864,-0.19475975632667542,-0.023571545258164406,-0.19993093609809875,-0.5136544704437256,-0.6234365701675415,-0.4668648838996887,-0.2760434150695801,0.05410003662109375,0.17447370290756226,-0.6722469329833984,-0.6323142051696777,-0.827283501625061,-0.6572218537330627,-0.06826269626617432,0.42062854766845703,0.38466113805770874,0.267039954662323,0.13534052670001984,0.050227560102939606,-0.03969303146004677,0.09264279901981354,0.7548953294754028,0.974361777305603,0.49378159642219543,0.1551254689693451,0.2018892765045166,-0.395632803440094,-0.2111061066389084,-0.4035399556159973,-1.1247313022613525,-1.0926222801208496
0.4195171594619751,0.4510548710823059,0.46581950783729553,0.5349844694137573,0.7132047414779663,0.6079356074333191,0.5459333658218384,0.26773524284362793,0.21715840697288513,0.34766051173210144,0.042886313050985336,-0.1838991791009903,-0.5283189415931702,-0.6488311886787415,-0.7177082300186157,-0.5479813814163208,-0.45829424262046814,-0.2276308238506317,-0.06056512892246246,0.17939993739128113,-0.11725341528654099,-0.2775370478630066,-0.724273145198822,-0.9622064828872681,-0.03010093979537487,0.37138116359710693,0.46968433260917664,0.3710130453109741,0.0871795117855072,-0.08779125660657883,-0.189564049243927,0.06983786821365356,0.2676953375339508,0.21628065407276154,-0.1358424723148346,-0.09535767883062363,-0.2237338274717331,-0.5310683250427246,-0.6506792902946472,0.16150104999542236,-0.08259987831115723,0.027187108993530273
0.42022350430488586,0.42757663130760193,0.458572655916214,0.4801860451698303,0.49138814210891724,0.4227239787578583,0.5510498285293579,0.5556175112724304,0.4756893515586853,0.20121625065803528,-0.3431282937526703,-0.6665154099464417,-0.9110351800918579,-0.6378524899482727,-0.6505880355834961,-0.5167339444160461,-0.5455615520477295,-0.3163207173347473,-0.08384078741073608,0.04381955415010452,0.20923620462417603,0.4646814465522766,0.09789195656776428,-0.656169056892395,-0.007493417710065842,0.22759026288986206,0.4378107190132141,0.3215303122997284,0.0231954175978899,-0.21051764488220215,-0.2629595994949341,-0.21557654440402985,-0.22066210210323334,-0.22175700962543488,-0.042784810066223145,-0.4650184214115143,-0.7225161790847778,-1.175033450126648,-0.20291101932525635,1.149939775466919,1.0369492769241333,1.2256650924682617
0.3922326862812042,0.40050309896469116,0.44691815972328186,0.4853554368019104,0.5596757531166077,0.5605598092079163,0.778289258480072,0.942379355430603,0.7853856682777405,0.38045090436935425,-0.05276753753423691,-0.6273982524871826,-0.4196877181529999,-0.05908823758363724,-0.21713291108608246,-0.4391860365867615,-0.5854437947273254,-0.42619675397872925,-0.14038492739200592,0.04042872413992882,0.1748795062303543,0.6355635523796082,0.4989679455757141,0.04692426323890686,-0.440922349691391,0.11555828154087067,0.3774394094944,0.2697531282901764,0.06591270864009857,-0.13869568705558777,-0.31555190682411194,-0.2336803674697876,-0.25600093603134155,-0.37722423672676086,-0.34811899065971375,-0.9629191756248474,-1.4137420654296875,-1.1241004467010498,0.33285731077194214,0.017792150378227234,0.3408316373825073,0.5828884840011597
0.30384892225265503,0.3518766760826111,0.3900364935398102,0.46554261445999146,0.6683299541473389,0.6595510244369507,1.0529614686965942,0.8763440847396851,0.6421562433242798,0.4656977653503418,0.5213844776153564,0.18713369965553284,0.016136128455400467,0.1585775762796402,-0.16112664341926575,-0.5465337038040161,-0.5417081117630005,-0.3329884111881256,-0.2121419608592987,-0.1463865339756012,0.02030881866812706,0.293130487203598,0.28712061047554016,0.49303582310676575,-0.1649462878704071,0.17671503126621246,0.34716925024986267,0.29767608642578125,0.1705956608057022,-0.012158392928540707,-0.2924451231956482,-0.33942893147468567,-0.35314443707466125,-0.35706770420074463,-1.6175570487976074,-1.4461393356323242,-1.1363177299499512,-0.149667888879776,-0.021417468786239624,-0.39539337158203125,0.29363876581192017,0.22126327455043793
0.2007097452878952,0.2690810561180115,0.2819104492664337,0.32008349895477295,0.37961769104003906,0.6294701099395752,1.011992335319519,0.8000000715255737,0.8245095610618591,0.5849177837371826,0.6080709099769592,0.5322499871253967,0.10612991452217102,-0.284501314163208,-0.8630421757698059,-0.8205177783966064,-0.5592271685600281,-0.3941560983657837,-0.18816928565502167,-0.14231513440608978,-0.1842937022447586,-0.12295401841402054,0.0604877807199955,0.7632445096969604,0.5582922697067261,0.16873539984226227,0.3530421257019043,0.34624725580215454,0.18354731798171997,-0.20455493032932281,-0.5648200511932373,-0.754892885684967,-0.2803496718406677,0.30383437871932983,-0.9850918054580688,-1.1316468715667725,-0.7412207126617432,0.3280963599681854,0.3636932373046875,0.8245124220848083,0.7910888195037842,0.4613899886608124
0.06641931086778641,0.13344930112361908,0.16426439583301544,0.18888485431671143,0.22364018857479095,0.33747756481170654,0.5377253293991089,0.6348589658737183,0.4806833565235138,-0.07601137459278107,-0.28112417459487915,-0.355008602142334,-0.59202641248703,-0.9735198020935059,-0.9102509021759033,-0.6014304161071777,-0.38497593998908997,-0.2801620662212372,-0.15900734066963196,-0.05116453394293785,-0.014620278030633926,-0.2140023559331894,-0.206997349858284,0.3445869982242584,0.36600425839424133,0.07353759557008743,0.3178662359714508,0.026336820796132088,-0.3039471507072449,-0.5917512774467468,-0.861210823059082,-0.9385389685630798,0.14823614060878754,0.08024650067090988,-0.1733238697052002,-0.7329794764518738,-1.0076384544372559,-0.3122900724411011,0.5148243308067322,0.9563034772872925,0.3914690613746643,0.11941751092672348
-0.07880612462759018,-0.022426584735512733,0.02409941330552101,0.05351433530449867,0.110308438539505,0.04998670518398285,0.09303498268127441,0.29637134075164795,0.010107590816915035,-1.0483851432800293,-1.367882490158081,-0.8902384638786316,-0.9903056621551514,-0.44760116934776306,-0.17416641116142273,0.15671488642692566,0.011583170853555202,0.09671783447265625,0.10432345420122147,0.06501177698373795,-0.10591393709182739,-0.2899479866027832,-0.7241175174713135,-0.07717888057231903,0.388499915599823,0.07153449952602386,-0.0796482190489769,-0.3301197588443756,-0.7908241748809814,-0.6625053882598877,-0.8004613518714905,-0.712562620639801,-0.07796610891819,-1.1543720960617065,-0.7626383304595947,-0.47430670261383057,-0.04861953854560852,-0.14327672123908997,0.13215765357017517,0.29974889755249023,-0.34656938910484314,-0.601280689239502
-0.21763648092746735,-0.17881758511066437,-0.12995746731758118,-0.10179709643125534,-0.09223869442939758,-0.15342174470424652,-0.15941737592220306,0.07976973056793213,0.10055800527334213,-0.49849042296409607,-0.4911292791366577,-0.02970253862440586,0.23473864793777466,0.42162805795669556,0.2829098701477051,0.5567470192909241,0.15842017531394958,0.1665569394826889,0.30531567335128784,0.25138548016548157,-0.01939886063337326,-0.21628805994987488,-0.5719252824783325,0.008474745787680149,0.23724187910556793,-0.13230401277542114,-0.5115162134170532,-0.637459397315979,-0.8654010891914368,-0.6497575640678406,-0.6585183143615723,-0.3956475853919983,-0.04317962005734444,-0.862372100353241,-0.7837157845497131,-0.6385778188705444,-0.19774198532104492,-0.06436526775360107,0.08661102503538132,0.282288134098053,-0.07831994444131851,-1.0204641819000244
-0.3603918254375458,-0.3178257346153259,-0.27572792768478394,-0.22861580550670624,-0.22000157833099365,-0.16984033584594727,-0.21115034818649292,-0.20559681951999664,-0.14297164976596832,-0.10720446705818176,0.1227952316403389,0.16591300070285797,0.6846573948860168,0.20530539751052856,0.2683066427707672,0.5241336822509766,0.6262389421463013,0.5606277585029602,0.4758669137954712,0.39678430557250977,0.7498298287391663,0.5107518434524536,0.31531602144241333,0.2419203221797943,-0.08338460326194763,-0.33316880464553833,-0.44052156805992126,-0.46423760056495667,-0.5780930519104004,-0.04265517368912697,-0.056588221341371536,-0.01410769671201706,-0.44666579365730286,-0.632179319858551,-0.46668627858161926,-0.3948143720626831,-0.6402812004089355,-0.4478972554206848,0.6253004670143127,0.832580029964447,0.842564582824707,-0.030783146619796753
-0.5008112788200378,-0.43378937244415283,-0.4014909267425537,-0.32809963822364807,-0.3685685992240906,-0.24687232077121735,-0.24984832108020782,-0.28229859471321106,-0.14844940602779388,-0.025103725492954254,0.22652141749858856,-0.028232768177986145,0.15608040988445282,0.28450578451156616,-0.009349974803626537,0.28463858366012573,0.6672773361206055,0.7656106352806091,0.6897045373916626,0.7350043058395386,1.2275545597076416,1.0297250747680664,0.6635840535163879,0.079429030418396,-0.12558330595493317,-0.1402076929807663,-0.21980737149715424,0.3511909544467926,0.3245030641555786,0.7178088426589966,0.9116764068603516,0.5381203293800354,-0.9566364288330078,-0.7923442125320435,-0.1781003624200821,0.25282803177833557,0.14162717759609222,0.3273836076259613,0.7401288747787476,0.7879418134689331,0.6641843318939209,0.6101327538490295
