demo/sfcwind/0930-wind-surface-level-gfs-1.0.json
{"header": {"productDefinitionTemplate": 0, "surface1Type": 103, "productStatus": 0, "disciplineName": "Meteorological products", "subDivisions": 0, "winds": "true", "parameterNumberName": "U-component_of_wind", "discipline": 0, "surface2Value": 0, "significanceOfRTName": "Start of forecast", "surface2TypeName": "Missing", "surface2Type": 255, "productTypeName": "Forecast products", "dx": 0.024617210030555725, "dy": 0.01798853650689125, "numberPoints": 65160, "productStatusName": "Operational products", "gribEdition": 2, "parameterUnit": "m.s-1", "forecastTime": 0, "refTime": "2020-09-30T07:30:00.000Z", "productType": 1, "genProcessTypeName": "Forecast", "scanMode": 0, "genProcessType": 2, "gribLength": 11338.0, "significanceOfRT": 1, "productDefinitionTemplateName": "Analysis/forecast at horizontal level/layer at a point in time", "centerName": "WRF OUTPUT", "la1": 43.66691207885742, "la2": 42.426788330078125, "lo2": 13.70867919921875, "gridUnits": "degrees", "surface1Value": 10, "shapeName": "Earth spherical with radius of 6,371,229.0 m", "surface1TypeName": "Specified height level above ground", "nx": 70.0, "ny": 70.0, "lo1": 12.008544921875, "basicAngle": 0, "gridDefinitionTemplate": 0, "shape": 6, "parameterNumber": 2, "subcenter": 0, "parameterCategoryName": "Momentum", "parameterCategory": 2, "center": 0, "gridDefinitionTemplateName": "Latitude_Longitude", "resolution": 48}, "data":
[rows 19 to 37 of 70, columns 0 to 41 of 70]
0.37261277437210083,0.7322332262992859,-0.6090224385261536,-0.6267467737197876,-0.6301352381706238,-0.629971981048584,-0.5466848611831665,-0.347781240940094,-0.15345869958400726,-0.05104731768369675,-0.35523101687431335,-0.509933590888977,-0.155096173286438,0.3243626654148102,0.7497262358665466,0.7087417244911194,0.49768248200416565,0.4245666563510895,0.6105097532272339,0.5120022296905518,-0.5288705825805664,-0.9651297926902771,-0.5892947912216187,-0.2963029146194458,0.0276623647660017,0.3226766586303711,-0.045208752155303955,-0.7121508121490479,-0.493295282125473,0.26518750190734863,0.6951293349266052,1.6225475072860718,3.2310538291931152,3.003237247467041,1.238999605178833,-0.006943972315639257,-0.9348571300506592,-1.324681282043457,-1.0706665515899658,-0.6260600090026855,0.06699956208467484,0.7655207514762878
-0.01902916468679905,0.2981584072113037,-0.6666689515113831,-0.7695595026016235,-0.6872190237045288,-0.504668116569519,-0.4780655801296234,-0.43595150113105774,-0.39002659916877747,-0.36740732192993164,-0.4197602868080139,-0.41632577776908875,-0.4110615849494934,-0.021570654585957527,0.6581439971923828,0.7108818888664246,0.7441902756690979,0.9106950163841248,0.6292568445205688,0.8211222887039185,0.14704415202140808,-1.112982153892517,-0.7242825031280518,-0.41646242141723633,-0.4330271780490875,0.030609047040343285,0.07876947522163391,-0.5451340675354004,-0.7435975074768066,0.07689652591943741,0.4755472242832184,1.1036473512649536,2.569830894470215,2.5081193447113037,1.564666748046875,1.1052325963974,-0.021193446591496468,-0.8634756803512573,-0.8621372580528259,-0.5884184837341309,-0.1364402323961258,0.2605717182159424
-0.5582627058029175,-0.3412284255027771,-0.7098150849342346,-0.5990500450134277,-0.5296269655227661,-0.6417423486709595,-0.90199214220047,-0.6789519786834717,-0.45195475220680237,-0.5621140003204346,-0.2533192038536072,-0.30689603090286255,-0.5148717164993286,-0.13660843670368195,0.27031582593917847,0.5261651277542114,0.8366653323173523,0.8674061298370361,0.6614844799041748,0.8083839416503906,0.44937849044799805,-0.7237411737442017,-0.7821269035339355,-0.4548066556453705,-0.6733406782150269,-0.4831937551498413,-0.09628599137067795,-0.2928951382637024,-0.763600766658783,-0.1816062480211258,0.5860986709594727,0.9267323017120361,2.305234432220459,2.7583470344543457,1.4676390886306763,0.9603813886642456,0.19984562695026398,-0.7532212138175964,-0.9341268539428711,-0.6571164131164551,-0.4506630301475525,-0.023083258420228958
-0.9149060249328613,-0.7787782549858093,-0.7231526374816895,-0.5423741340637207,-0.532333493232727,-0.8056313395500183,-0.9194824695587158,-0.6368330717086792,-0.35153523087501526,-0.22420772910118103,-0.06876210868358612,-0.2809598445892334,-0.6754727363586426,-0.48623791337013245,-0.14760994911193848,0.23978076875209808,0.720863401889801,0.9175662994384766,0.9502633810043335,0.44974449276924133,0.36446332931518555,0.07966837286949158,-0.5877930521965027,-0.7545391321182251,-0.9127589464187622,-0.680787980556488,-0.3856355547904968,-0.22500023245811462,-0.238265722990036,-0.15184304118156433,0.4226086735725403,0.7935116291046143,1.6660289764404297,2.323963165283203,1.243952989578247,0.6433922052383423,-0.0030193030834198,-1.0045406818389893,-1.0092753171920776,-0.8415253162384033,-0.6338009834289551,-0.3758070766925812
-0.9067560434341431,-0.8177708387374878,-0.7062944173812866,-0.5927131772041321,-0.48999035358428955,-0.7178216576576233,-0.7317967414855957,-0.4103364050388336,-0.11475073546171188,0.5297542214393616,-0.0834740400314331,-0.9173828363418579,-0.6427510976791382,-0.5895926356315613,-0.6135165691375732,-0.2664375305175781,0.43275579810142517,0.8862621188163757,0.7694640755653381,0.39657503366470337,0.27411648631095886,0.06582140177488327,-0.41038787364959717,-0.6955167055130005,-0.6492701768875122,-0.45182469487190247,-0.29616379737854004,0.12611785531044006,0.2172602415084839,-0.45453447103500366,-0.3363991677761078,0.3238092064857483,0.6471684575080872,1.6048520803451538,0.7219622731208801,-0.25918129086494446,0.29099810123443604,-0.5377473831176758,-1.0913316011428833,-1.0445280075073242,-0.8995642066001892,-0.6509999632835388
-0.8744021058082581,-0.8136612176895142,-0.650128960609436,-0.5423004627227783,-0.5054038763046265,-0.716225802898407,-0.7543252110481262,-0.4739992618560791,-0.021419910714030266,0.6931954622268677,-0.01976323127746582,-0.9709941148757935,-0.45049700140953064,-0.24706831574440002,-0.5985338091850281,-0.5778472423553467,0.05612253025174141,0.6875341534614563,0.7125195860862732,0.5300632119178772,0.30640166997909546,-0.0692727193236351,-0.5275334715843201,-0.7487623691558838,-0.4968457520008087,-0.3820911645889282,-0.31335094571113586,0.4074225127696991,0.521390974521637,-0.42720189690589905,-0.6033820509910583,0.3741757571697235,1.0213532447814941,1.6586769819259644,0.26327794790267944,-0.7930049300193787,0.7685346603393555,0.454567015171051,-0.6230584383010864,-1.0641393661499023,-1.2669379711151123,-0.9236417412757874
-0.5800161957740784,-0.6077185273170471,-0.6630911231040955,-0.586921751499176,-0.4507893919944763,-0.6768478155136108,-0.6894317865371704,-0.5879451632499695,0.012656179256737232,0.7753093242645264,-0.05521699786186218,-0.853911280632019,-0.2549281418323517,0.06281457841396332,-0.7773048877716064,-1.222118854522705,-0.3224322497844696,0.36681947112083435,0.6406876444816589,0.560604453086853,0.5754971504211426,0.10636633634567261,-0.7562131881713867,-0.7609559297561646,-0.27265113592147827,-0.4490789771080017,-0.6970497965812683,0.20103314518928528,0.6014435291290283,-0.15226370096206665,-0.6980066299438477,0.19827304780483246,0.9206950068473816,1.658581018447876,0.4995070695877075,-0.8802616596221924,0.6168323159217834,0.6609663963317871,0.9518218636512756,0.7378901839256287,-1.0112955570220947,-1.0442010164260864
-0.44721317291259766,-0.5212234258651733,-0.6786577105522156,-0.5868397951126099,-0.8454947471618652,-0.6826443672180176,-0.49066829681396484,-0.7036821842193604,0.03298254683613777,0.34091833233833313,-0.399166077375412,-0.9108063578605652,-0.44065719842910767,0.7357428073883057,0.3722379505634308,-1.0365548133850098,-0.6241884231567383,0.2031712532043457,0.42456191778182983,0.5277648568153381,0.6923290491104126,0.3845686614513397,-0.8177000880241394,-1.1489063501358032,0.025136876851320267,-0.004039847292006016,-0.8151698112487793,-0.13883250951766968,0.5309593081474304,-0.031150896102190018,-0.8131574392318726,-0.04101242870092392,0.737429141998291,1.9712865352630615,1.725804328918457,-0.08807753026485443,0.447798490524292,0.6260630488395691,0.6746214032173157,1.7084383964538574,0.18610543012619019,-1.2223669290542603
-0.2881300151348114,-0.40665680170059204,-0.7007395625114441,-0.2659294009208679,-0.6866129636764526,-1.0530933141708374,-0.8147088289260864,-0.9208173751831055,-0.3287448287010193,-0.16954724490642548,-0.5053668022155762,-0.7844963073730469,-0.36321744322776794,0.6286602020263672,0.4385901987552643,-0.8042504787445068,-0.7810871601104736,-0.11701832711696625,0.2653210759162903,0.5168471932411194,0.5908018946647644,0.5027921795845032,-0.7390002012252808,-1.2146486043930054,-0.02253679186105728,0.7695279717445374,0.459513783454895,-0.03974480926990509,-0.16134651005268097,-0.30674755573272705,-0.6714202761650085,-0.0018659671768546104,0.6115590333938599,1.6732127666473389,2.1262471675872803,0.47872447967529297,0.6278175711631775,1.0140715837478638,0.4521307349205017,1.0535136461257935,0.34592267870903015,-1.1285890340805054
-0.09733657538890839,-0.18406224250793457,-0.6401443481445312,-0.09900195151567459,-0.5540117621421814,-1.380800485610962,-1.4822499752044678,-1.4403364658355713,-0.545174241065979,-0.30159541964530945,-0.5175206661224365,-0.624986469745636,-0.1911700963973999,0.3169516623020172,0.0252914447337389,-0.7574092149734497,-0.9727572202682495,-0.504016637802124,0.008845789358019829,0.3943110704421997,0.5796008706092834,0.47708091139793396,-0.4416557252407074,-0.9959886074066162,-0.06302862614393234,0.678909420967102,0.9703471660614014,1.1663575172424316,0.2359563261270523,-0.635513961315155,-0.6213757991790771,-0.05347990244626999,0.5718241930007935,1.5480315685272217,1.7478914260864258,0.6008792519569397,1.0730748176574707,1.647531270980835,0.7364518046379089,0.5994063019752502,0.1798233836889267,-0.9901447296142578
0.12790581583976746,0.054244086146354675,-0.6287298202514648,-0.11220702528953552,-0.6572819352149963,-1.754961371421814,-1.945544958114624,-1.7222517728805542,-0.8175771236419678,-0.4967273771762848,-0.3710351586341858,-0.11210325360298157,0.13736601173877716,-0.33021676540374756,-0.47365549206733704,-0.4990064203739166,-1.0793070793151855,-0.8063584566116333,-0.27332815527915955,0.11104372143745422,0.4131821393966675,0.2829136252403259,0.10115400701761246,-0.1505075842142105,-0.08760987967252731,0.47708338499069214,0.7284509539604187,1.1172236204147339,0.9746557474136353,-0.22164286673069,-0.7988734841346741,-0.24476367235183716,0.5525127053260803,1.531276822090149,1.4364399909973145,0.6037773489952087,0.965025007724762,1.9365477561950684,0.724084734916687,-0.03705799952149391,-0.13935703039169312,-1.0514776706695557
0.07979317754507065,0.05739334970712662,-0.6323157548904419,-0.2197595238685608,-0.897912323474884,-2.003614664077759,-2.0650482177734375,-1.7317118644714355,-0.9352359175682068,-0.726564347743988,-0.36022475361824036,0.39027440547943115,0.5040952563285828,-0.6091013550758362,-0.9868095517158508,-0.3801930844783783,-0.5425869822502136,-0.599685549736023,-0.2501116991043091,0.19209523499011993,0.37541088461875916,0.33688557147979736,0.6402150988578796,0.9755350947380066,0.6233656406402588,0.5761334300041199,0.7646344900131226,0.5796090364456177,0.8724836111068726,0.19640284776687622,-0.9422987699508667,-0.3799547553062439,0.6819548010826111,1.1583919525146484,1.1545202732086182,0.9412592053413391,1.0571192502975464,1.8951894044876099,1.2832618951797485,0.4177376329898834,-0.38553187251091003,-1.1497468948364258
0.03713288903236389,0.033596914261579514,-0.6844586730003357,-0.5745493173599243,-1.4171974658966064,-2.265207052230835,-2.0260848999023438,-1.4935362339019775,-1.0228217840194702,-1.217333436012268,-0.6776410937309265,0.17893679440021515,-0.09053652733564377,-0.6197423934936523,-0.5787747502326965,-0.45789456367492676,-0.7411503195762634,-0.6981989145278931,-0.22231623530387878,0.1705181896686554,0.22692373394966125,0.3256727457046509,0.6317462921142578,0.7099254727363586,0.53299880027771,0.38902032375335693,0.2663532495498657,0.35868626832962036,0.8187803030014038,0.03813844919204712,-0.9333472847938538,-0.2838982045650482,0.701594352722168,0.8163458704948425,0.6303160190582275,1.0311002731323242,1.4049301147460938,1.298216700553894,0.7796549201011658,0.8720278739929199,-0.2629126310348511,-1.2058486938476562
-0.008739526383578777,0.005024360492825508,-0.6977611780166626,-0.6286428570747375,-1.4792476892471313,-2.00500750541687,-1.3276816606521606,-0.7505323886871338,-0.9671207666397095,-1.4175001382827759,-0.8303229212760925,-0.40531685948371887,-0.2831030488014221,-0.43909934163093567,-0.45850253105163574,-0.5487121939659119,-0.9100320339202881,-0.6554080247879028,-0.25976327061653137,-0.081300288438797,0.1520688831806183,0.3474748432636261,0.4258382022380829,0.5474043488502502,0.4881775975227356,0.6013767719268799,0.6396809816360474,0.5237286686897278,0.6276432275772095,-0.26225438714027405,-0.7775001525878906,0.05056682229042053,0.7349116802215576,0.6442806124687195,0.6878960728645325,1.132631540298462,1.6434866189956665,0.6747876405715942,-0.34848517179489136,0.5392557978630066,-0.05519223213195801,-1.100759744644165
-0.03903268277645111,-0.01881079003214836,-0.757561206817627,-0.6571482419967651,-0.767467200756073,-0.6722301244735718,-0.6244667172431946,-1.1600309610366821,-1.0134060382843018,-0.8971125483512878,-0.9234259128570557,-0.7538617253303528,-0.5202969312667847,-0.48928338289260864,-0.6736018061637878,-0.8087573647499084,-0.9143367409706116,-0.6804664134979248,-0.29387742280960083,-0.3001217246055603,-0.16501350700855255,0.11377407610416412,0.13731493055820465,0.3992825746536255,0.46674805879592896,0.7372775673866272,1.1334075927734375,0.5840047001838684,-0.3365412950515747,-0.7459214329719543,-0.474105566740036,0.5214434266090393,1.1261756420135498,0.35094499588012695,0.061326757073402405,0.7870506048202515,1.4423553943634033,1.446616530418396,0.845905065536499,0.9116495847702026,1.2120816707611084,0.11195873469114304
-0.31143757700920105,-0.3069840967655182,-0.8594198822975159,-0.9602025747299194,-0.8193574547767639,-0.623034656047821,-0.9852501749992371,-1.4257675409317017,-1.0015350580215454,-0.7641659379005432,-0.9160618185997009,-0.7592952847480774,-0.6378650665283203,-0.6819995641708374,-0.7702837586402893,-0.8461500406265259,-0.8836941719055176,-0.5000962615013123,-0.37062257528305054,-0.5926538705825806,-0.3122998774051666,0.03678208217024803,0.11352439969778061,0.3426828682422638,0.3842492401599884,0.6602058410644531,1.200010061264038,0.4154672622680664,-0.8287475109100342,-0.9496976137161255,-0.2536454200744629,0.5207124352455139,1.1930594444274902,0.5334721207618713,-0.37340107560157776,0.16074052453041077,0.3440430164337158,0.3061010241508484,0.7911051511764526,1.918014645576477,1.92058265209198,0.10270200669765472
-0.6188210844993591,-0.6229138374328613,-0.9166449308395386,-1.1358222961425781,-0.9001593589782715,-0.8375295996665955,-1.2531824111938477,-1.2830053567886353,-0.9554828405380249,-0.7994198203086853,-0.8727062344551086,-0.6923307180404663,-0.6096392869949341,-0.742660403251648,-0.789667546749115,-0.8198287487030029,-0.7372153401374817,-0.46470388770103455,-0.5054366588592529,-0.6041964888572693,-0.41473153233528137,-0.2540853023529053,-0.08660518378019333,0.214239239692688,0.26236671209335327,0.4077092409133911,0.907821536064148,0.7764999866485596,-0.4721514582633972,-1.1775277853012085,-0.34141382575035095,0.36798685789108276,0.9039803147315979,0.3568943738937378,-0.5037615299224854,-0.18753817677497864,-0.056325513869524,0.2311427891254425,0.7956870198249817,1.8646512031555176,1.24345064163208,-0.7554337978363037
-0.790065586566925,-0.7770096659660339,-0.8434700965881348,-1.0712898969650269,-1.0856170654296875,-1.1093593835830688,-1.244547963142395,-1.1028578281402588,-0.8834485411643982,-0.8135073781013489,-0.81513512134552,-0.6139858365058899,-0.6132851243019104,-0.7286752462387085,-0.7362964153289795,-0.7174883484840393,-0.5633675456047058,-0.4377538859844208,-0.44558751583099365,-0.5392729043960571,-0.683897852897644,-0.6731708645820618,-0.34383144974708557,0.03647420182824135,0.1966179758310318,0.2599554657936096,0.648666501045227,0.5728825926780701,-0.21749278903007507,-0.836552619934082,-0.41473647952079773,0.6683033108711243,0.761171817779541,-0.0896557942032814,-0.49555274844169617,-0.09367021173238754,0.19609011709690094,0.6552793383598328,0.8799598813056946,1.4784482717514038,1.0217094421386719,-0.7908450961112976
-0.9194408059120178,-0.923175573348999,-0.8746416568756104,-1.1477974653244019,-1.3214408159255981,-1.3179243803024292,-1.296280026435852,-1.0534297227859497,-0.9085761904716492,-0.8519423604011536,-0.7818226218223572,-0.6557819843292236,-0.5643582344055176,-0.5905092358589172,-0.6271511912345886,-0.521173357963562,-0.17824077606201172,0.16239815950393677,-0.19204162061214447,-0.7426319122314453,-0.8927552700042725,-0.9494010806083679,-0.7382969856262207,-0.13348181545734406,0.09834802150726318,0.19441868364810944,0.2746722400188446,0.33949267864227295,0.4133968651294708,0.025843432173132896,0.18764764070510864,0.7274996042251587,-0.27294203639030457,-0.7256706357002258,-0.2517530620098114,-0.030191367492079735,0.29915156960487366,0.7150905132293701,1.2097053527832031,1.719839334487915,0.7443748712539673,-0.9158885478973389
