demo/sfcwind/1000-wind-surface-level-gfs-1.0.json
{"header": {"productDefinitionTemplate": 0, "surface1Type": 103, "productStatus": 0, "disciplineName": "Meteorological products", "subDivisions": 0, "winds": "true", "parameterNumberName": "V-component_of_wind", "discipline": 0, "surface2Value": 0, "significanceOfRTName": "Start of forecast", "surface2TypeName": "Missing", "surface2Type": 255, "productTypeName": "Forecast products", "dx": 0.024617210030555725, "dy": 0.01798853650689125, "numberPoints": 65160, "productStatusName": "Operational products", "gribEdition": 2, "parameterUnit": "m.s-1", "forecastTime": 0, "refTime": "2020-09-30T08:00:00.000Z", "productType": 1, "genProcessTypeName": "Forecast", "scanMode": 0, "genProcessType": 2, "gribLength": 11338.0, "significanceOfRT": 1, "productDefinitionTemplateName": "Analysis/forecast at horizontal level/layer at a point in time", "centerName": "WRF OUTPUT", "la1": 43.66691207885742, "la2": 42.426788330078125, "lo2": 13.70867919921875, "gridUnits": "degrees", "surface1Value": 10, "shapeName": "Earth spherical with radius of 6,371,229.0 m", "surface1TypeName": "Specified height level above ground", "nx": 70.0, "ny": 70.0, "lo1": 12.008544921875, "basicAngle": 0, "gridDefinitionTemplate": 0, "shape": 6, "parameterNumber": 3, "subcenter": 0, "parameterCategoryName": "Momentum", "parameterCategory": 2, "center": 0, "gridDefinitionTemplateName": "Latitude_Longitude", "resolution": 48}, "data":
[rows 0 to 18 of 70, columns 0 to 41 of 70]
0.9236161708831787,1.2091747522354126,1.0951377153396606,0.9378233551979065,0.766968309879303,0.7845395803451538,0.7950888872146606,0.5174741148948669,0.3285067677497864,0.41551536321640015,0.3400424122810364,0.48432445526123047,0.7177669405937195,0.6855494976043701,0.6933553218841553,0.8131620287895203,0.784397542476654,0.7061425447463989,0.6559009552001953,0.6082183718681335,0.10479120165109634,0.16501258313655853,0.3609394133090973,0.34427469968795776,0.2859041392803192,0.27421650290489197,0.2548186779022217,0.22939173877239227,0.12155602127313614,0.044473882764577866,-0.04914974421262741,-0.05744534730911255,-0.1984000951051712,-0.27056464552879333,-0.3266269564628601,-0.5116869211196899,-0.5827316641807556,-0.5363932847976685,-0.5240177512168884,-0.49110934138298035,-0.4768334627151489,-0.45203179121017456
0.8576997518539429,1.1825779676437378,1.051661729812622,0.8762253522872925,0.6852056384086609,0.6577932238578796,0.6210039258003235,0.31472113728523254,0.05752336233854294,0.10682664811611176,0.03327472507953644,0.2616727650165558,0.5820435881614685,0.5850775241851807,0.6301987767219543,0.8841111660003662,0.8859313130378723,0.8634175658226013,0.8522019386291504,0.8432723879814148,0.2809208631515503,0.34876155853271484,0.5838680863380432,0.5666349530220032,0.5032323002815247,0.49717462062835693,0.4880172610282898,0.45343512296676636,0.2965656816959381,0.1547755002975464,-0.06431613862514496,-0.12595704197883606,-0.29737406969070435,-0.33825844526290894,-0.3313848078250885,-0.4606182873249054,-0.4656444787979126,-0.3590746521949768,-0.3290725648403168,-0.30410662293434143,-0.3329819440841675,-0.33657392859458923
0.8360723853111267,0.8974131941795349,0.861893355846405,0.7733429670333862,0.7305222749710083,0.6698744893074036,0.6275240182876587,0.583736002445221,0.5435299277305603,0.5459895730018616,0.5997182130813599,0.7333941459655762,0.8558799624443054,0.8762027025222778,0.87212073802948,0.9625952839851379,0.9774545431137085,0.990614652633667,1.0359184741973877,1.031529426574707,0.9475617408752441,0.8397291302680969,0.7716185450553894,0.6569927930831909,0.5498220920562744,0.4996328353881836,0.5062295794487,0.48775413632392883,0.3619542121887207,0.16418175399303436,-0.14569731056690216,-0.30243024230003357,-0.439968079328537,-0.4502316415309906,-0.4143851697444916,-0.4221538305282593,-0.3314606845378876,-0.23134446144104004,-0.19746026396751404,-0.20804576575756073,-0.2298789620399475,-0.2650596499443054
0.8307583928108215,0.8216475248336792,0.7841068506240845,0.6631972789764404,0.46107587218284607,0.38209325075149536,0.4594006836414337,0.33279573917388916,0.3565382957458496,0.48172059655189514,0.5784962177276611,0.6515851020812988,0.7981215715408325,0.8356228470802307,0.9427013993263245,1.007380485534668,0.9664833545684814,1.0385081768035889,1.2026907205581665,1.3355635404586792,1.432702660560608,1.0688945055007935,0.7128020524978638,0.1825358122587204,-0.2791452705860138,-0.16532692313194275,0.1707163155078888,0.3164956271648407,0.14899632334709167,-0.09225626289844513,-0.43181419372558594,-0.544925332069397,-0.5935792922973633,-0.5096948742866516,-0.37932097911834717,-0.24200661480426788,-0.07271775603294373,0.0925266295671463,0.12461743503808975,0.0640825480222702,-0.08919946104288101,-0.27156805992126465
0.7235589623451233,0.7299216985702515,0.7153416872024536,0.6316771507263184,0.3401631712913513,0.34757089614868164,0.40388157963752747,0.5670333504676819,0.6720083355903625,0.558630108833313,0.5160154104232788,0.6090369820594788,0.742500901222229,0.756106436252594,0.8703715801239014,0.7742408514022827,1.0541085004806519,1.23031485080719,1.4298111200332642,1.6588170528411865,1.708799958229065,1.2294353246688843,0.8021489977836609,0.21921628713607788,0.14299973845481873,0.285733163356781,0.5825261473655701,0.9234142899513245,0.7215769290924072,0.1960020512342453,-0.3722006678581238,-0.6937079429626465,-0.6966428756713867,-0.5911858677864075,-0.3648172914981842,-0.035682614892721176,0.23394756019115448,0.4215736389160156,0.43170154094696045,0.323320597410202,0.12975874543190002,-0.07855229079723358
0.5831859111785889,0.5962307453155518,0.5985910892486572,0.5304660797119141,0.22631992399692535,0.41671329736709595,0.7935148477554321,0.828843355178833,1.003005027770996,0.9257442951202393,0.9580556750297546,0.9028539657592773,0.900980532169342,0.8670664429664612,0.8573228120803833,1.0134285688400269,1.608669638633728,1.5740448236465454,1.6059811115264893,1.674723505973816,1.8438471555709839,1.5910310745239258,1.3336772918701172,1.234628438949585,1.8425952196121216,1.7753809690475464,1.681020736694336,1.7745767831802368,1.3634374141693115,0.6340851187705994,-0.04585643485188484,-0.5412333607673645,-0.6373066306114197,-0.3691685199737549,0.026909705251455307,0.30179673433303833,0.4573497772216797,0.5041910409927368,0.4218517541885376,0.27517351508140564,0.05036266893148422,-0.1027926430106163
0.4150812029838562,0.40075960755348206,0.41859912872314453,0.3761836588382721,0.08570985496044159,0.3539533317089081,0.7988598346710205,0.8753783106803894,0.6683361530303955,0.6429169178009033,0.9209227561950684,1.0405148267745972,0.9585705399513245,1.1434441804885864,1.1374273300170898,1.4950939416885376,1.7078478336334229,1.578163743019104,1.579107403755188,1.7534723281860352,2.028374433517456,2.340277671813965,2.5632638931274414,2.836970806121826,2.475492238998413,2.059458017349243,1.892143726348877,1.605654001235962,0.945536732673645,0.34568408131599426,0.0373898521065712,-0.21095754206180573,-0.1823447346687317,0.1475587785243988,0.38941308856010437,0.5094853639602661,0.6868126392364502,0.6813132166862488,0.3622521162033081,0.02913571335375309,-0.2505772113800049,-0.4206227958202362
0.1802462637424469,0.15417850017547607,0.18005049228668213,0.17778825759887695,0.03415650501847267,0.36853063106536865,0.5250190496444702,0.8128486275672913,0.8279895782470703,0.4244065582752228,0.6398155689239502,0.8932296633720398,0.7775779962539673,1.0773892402648926,1.350529670715332,1.492526650428772,1.4690356254577637,1.4622372388839722,1.6368647813796997,2.1090030670166016,2.1449782848358154,2.485194206237793,2.9382028579711914,3.131126880645752,2.4532244205474854,2.5576531887054443,2.228182315826416,1.6764638423919678,0.8037084937095642,0.5400998592376709,0.26678794622421265,-0.1751038134098053,-0.3437175750732422,-0.20023810863494873,0.03450684994459152,0.6322091817855835,1.1142696142196655,0.8129764795303345,0.24309991300106049,-0.31159427762031555,-0.42594531178474426,-0.2987837791442871
-0.04207821190357208,-0.09868648648262024,-0.04040605202317238,-0.027838436886668205,-0.1422388106584549,0.20003902912139893,0.40527522563934326,0.48862025141716003,0.754942774772644,0.5675590634346008,0.547943115234375,0.5484223961830139,0.532285749912262,0.8887965083122253,1.269364595413208,1.4423706531524658,1.5720106363296509,1.6739627122879028,1.9545753002166748,2.086212635040283,1.9377200603485107,1.6458895206451416,1.6835556030273438,1.5538638830184937,2.213327169418335,3.1818060874938965,2.6283063888549805,1.7322983741760254,0.20206955075263977,-0.23795224726200104,-0.42989495396614075,-0.5602588057518005,-0.3389255702495575,-0.24365712702274323,-0.18588507175445557,1.0367989540100098,1.3527848720550537,1.1247386932373047,0.8123569488525391,0.34430426359176636,-0.14890016615390778,-0.22811831533908844
-0.18850350379943848,-0.2451583445072174,-0.1992291957139969,-0.18551744520664215,-0.23771816492080688,-0.01509144064038992,0.029735445976257324,0.22614556550979614,0.3755757808685303,0.5289837121963501,0.5216671824455261,0.3113120198249817,0.19478391110897064,0.757278561592102,0.9655098915100098,1.1550747156143188,1.3778504133224487,1.7244817018508911,1.9067566394805908,1.6348754167556763,1.4952796697616577,1.368472933769226,0.3797665536403656,0.22076864540576935,1.6340434551239014,2.5894486904144287,2.8351263999938965,1.9153250455856323,-0.6199743151664734,-0.6264016032218933,-0.8555222749710083,-0.09651345014572144,0.6086241602897644,0.7967042326927185,0.7531002759933472,1.3250021934509277,1.3499513864517212,1.670696496963501,1.6755324602127075,1.0835347175598145,-0.21995289623737335,-0.8347145318984985
-0.25301066040992737,-0.27559134364128113,-0.24935631453990936,-0.25291457772254944,-0.33477625250816345,-0.1838558167219162,-0.24968864023685455,-0.13769404590129852,0.00542342197149992,0.25321051478385925,0.39017733931541443,-0.01443932019174099,-0.010500590316951275,0.3685200810432434,0.5378417372703552,0.5819793343544006,0.9688524007797241,1.4283946752548218,1.6381909847259521,1.5122365951538086,1.2256511449813843,1.3760541677474976,0.8216373920440674,0.07732148468494415,0.599392831325531,1.089985966682434,2.24786639213562,2.3724260330200195,-0.01624789834022522,-0.8859772682189941,-0.6602097153663635,-0.09589849412441254,0.49356403946876526,1.1330403089523315,1.3686819076538086,1.348158836364746,1.7010395526885986,1.8184630870819092,1.9074201583862305,1.2271181344985962,0.20787563920021057,-1.2448197603225708
-0.25365573167800903,-0.23296178877353668,-0.19615189731121063,-0.183012455701828,-0.1614256501197815,-0.28618913888931274,-0.5309444069862366,-0.5407418012619019,-0.6722568273544312,-0.507175624370575,-0.30881792306900024,-0.24377137422561646,0.0739685446023941,0.09780712425708771,0.09787046164274216,0.6315226554870605,1.1280220746994019,1.2100249528884888,1.3795218467712402,1.477557897567749,1.4108048677444458,1.6613596677780151,1.7832036018371582,1.0939757823944092,-0.11694119870662689,0.25419196486473083,1.2778092622756958,1.8085875511169434,1.271569013595581,-0.9819035530090332,-0.9715622663497925,-0.9996315836906433,-0.35661399364471436,0.818675696849823,0.8455660343170166,1.2177988290786743,1.8847379684448242,1.9911547899246216,2.30694842338562,1.77203369140625,1.178443193435669,-0.21278120577335358
-0.2539801597595215,-0.18528565764427185,-0.17269693315029144,-0.16836149990558624,-0.24925117194652557,-0.5097948908805847,-0.4877931773662567,-0.6051790118217468,-0.7913463115692139,-0.8831006288528442,-0.6667156219482422,-0.3241528868675232,-0.16604535281658173,-0.24809260666370392,0.07787486910820007,1.077944040298462,1.3821802139282227,1.0385961532592773,0.9877196550369263,1.340166449546814,1.531219720840454,1.8937824964523315,1.5994502305984497,1.501546025276184,0.5973638296127319,0.030559606850147247,0.4960748851299286,0.6335828900337219,0.8727202415466309,0.6763808727264404,0.7932817339897156,0.8114587664604187,0.6283770799636841,0.8075323104858398,0.795216977596283,0.7643082141876221,1.4094727039337158,2.010838508605957,2.116629123687744,1.7006876468658447,1.1747429370880127,0.9237213134765625
-0.2540113925933838,-0.12071840465068817,-0.12170986086130142,-0.08734998106956482,-0.05506552383303642,-0.30051660537719727,-0.23320506513118744,0.0698985904455185,-0.017177969217300415,-0.41371431946754456,-0.559994101524353,-0.38974839448928833,-0.23605893552303314,0.28466013073921204,0.8621343970298767,1.212007999420166,1.1236684322357178,0.9347120523452759,0.9027004837989807,1.1601653099060059,1.377204418182373,1.4731645584106445,1.3048431873321533,1.0810959339141846,1.0690734386444092,0.27499401569366455,0.7215863466262817,0.7332888245582581,0.47503897547721863,1.083654761314392,1.5878156423568726,1.539958119392395,1.557992696762085,1.318447470664978,1.5668402910232544,0.7734900712966919,0.8677470088005066,1.5388882160186768,1.3905216455459595,0.9849324822425842,1.1622703075408936,1.252935767173767
-0.18533790111541748,-0.00398489972576499,-0.01327323354780674,0.03482680395245552,0.13200737535953522,0.04611222818493843,0.19995105266571045,0.39983049035072327,0.4096391201019287,-0.031360924243927,-0.3582245111465454,-0.14663463830947876,0.26704466342926025,1.0036821365356445,1.0303244590759277,0.9655576348304749,0.8556824326515198,0.9650468826293945,1.1399110555648804,1.1085765361785889,1.1280783414840698,1.1767314672470093,1.0952240228652954,0.9993879199028015,0.756313681602478,0.9153587222099304,1.3618841171264648,1.3715895414352417,1.2162333726882935,0.9715927243232727,0.15561804175376892,-0.06653179973363876,0.6145759224891663,1.3541263341903687,2.0378570556640625,1.5812900066375732,1.3442686796188354,1.5738277435302734,0.9744524955749512,1.0190850496292114,1.40256667137146,0.8796995282173157
-0.034592822194099426,0.15825387835502625,0.14683665335178375,0.16862495243549347,0.24932222068309784,0.08961160480976105,0.29697492718696594,0.3121056854724884,0.21321405470371246,-0.05661529675126076,-0.2673920691013336,-0.016565410420298576,0.47951075434684753,0.6590266823768616,0.7274650931358337,0.639920175075531,0.4588482081890106,0.5900726318359375,0.9653953313827515,0.9114055037498474,1.0177949666976929,1.148295283317566,1.2896565198898315,1.1906683444976807,1.0432908535003662,1.1902648210525513,1.3570140600204468,1.223263144493103,1.260608196258545,1.761347770690918,0.25694039463996887,-0.5785742998123169,0.2529813051223755,1.094133973121643,1.6088247299194336,1.7776252031326294,1.9787256717681885,1.864309549331665,1.529771089553833,2.244586706161499,2.0020275115966797,1.0408238172531128
0.1590549796819687,0.29718276858329773,0.3148449957370758,0.29859793186187744,0.2907181978225708,0.09021469950675964,0.08088546991348267,0.1721484661102295,0.19584274291992188,0.010881814174354076,-0.01668713241815567,0.2325677126646042,0.385204017162323,0.4837246537208557,0.696986973285675,0.15233856439590454,-0.16381549835205078,0.5108421444892883,0.8142834305763245,0.3813820779323578,0.571884036064148,1.1238118410110474,1.4075003862380981,1.2785816192626953,1.234903335571289,1.1441960334777832,0.9197268486022949,0.8670252561569214,1.0640738010406494,1.4140018224716187,1.079764485359192,-0.6353495717048645,0.13728106021881104,0.8897084593772888,0.9013885855674744,1.1535933017730713,1.4429255723953247,1.5519282817840576,1.9493426084518433,2.125993251800537,1.7230976819992065,1.6769179105758667
0.43147343397140503,0.5078174471855164,0.5403462052345276,0.4571318030357361,0.2658950984477997,0.02143130637705326,0.03673733025789261,-0.0843341052532196,-0.18604087829589844,-0.1305358111858368,-0.29934316873550415,-0.10664211213588715,0.18306130170822144,0.305615097284317,0.4179759621620178,0.27742812037467957,0.5872242450714111,0.9474952220916748,0.5117366909980774,-0.24097612500190735,-0.016696374863386154,0.742235004901886,1.0477293729782104,0.9704182147979736,0.9093681573867798,1.0746586322784424,0.5901528000831604,0.5411401987075806,0.8685610294342041,0.8506377935409546,1.1272542476654053,0.5947797298431396,-0.039874110370874405,-0.044741470366716385,0.10247524827718735,0.2180236577987671,0.4679460823535919,0.7766934037208557,1.3254846334457397,1.1293776035308838,0.9293680787086487,1.3348771333694458
0.6988386511802673,0.7283874750137329,0.7483391761779785,0.626233696937561,0.46432778239250183,0.14633521437644958,-0.011644460260868073,-0.233427032828331,-0.5018877387046814,-0.6751843690872192,-0.8839412331581116,-0.6415488719940186,-0.3036292493343353,0.07371307164430618,0.23971854150295258,0.5131059885025024,1.157789945602417,0.7143470644950867,-0.026248402893543243,-0.5089080929756165,-0.4182875454425812,-0.028440231457352638,0.5138216018676758,0.8220082521438599,0.9038825035095215,1.0549523830413818,0.8309601545333862,0.22616662085056305,0.40076974034309387,0.828124463558197,0.873431384563446,1.2150781154632568,0.7920209765434265,-0.31925615668296814,-0.884820818901062,-0.4402698278427124,-0.020477626472711563,0.25489407777786255,0.5524343848228455,0.5522332787513733,0.7346818447113037,0.7154245972633362
