demo/sfcwind/1000-wind-surface-level-gfs-1.0.json
{"header": {"productDefinitionTemplate": 0, "surface1Type": 103, "productStatus": 0, "disciplineName": "Meteorological products", "subDivisions": 0, "winds": "true", "parameterNumberName": "U-component_of_wind", "discipline": 0, "surface2Value": 0, "significanceOfRTName": "Start of forecast", "surface2TypeName": "Missing", "surface2Type": 255, "productTypeName": "Forecast products", "dx": 0.024617210030555725, "dy": 0.01798853650689125, "numberPoints": 65160, "productStatusName": "Operational products", "gribEdition": 2, "parameterUnit": "m.s-1", "forecastTime": 0, "refTime": "2020-09-30T08:00:00.000Z", "productType": 1, "genProcessTypeName": "Forecast", "scanMode": 0, "genProcessType": 2, "gribLength": 11338.0, "significanceOfRT": 1, "productDefinitionTemplateName": "Analysis/forecast at horizontal level/layer at a point in time", "centerName": "WRF OUTPUT", "la1": 43.66691207885742, "la2": 42.426788330078125, "lo2": 13.70867919921875, "gridUnits": "degrees", "surface1Value": 10, "shapeName": "Earth spherical with radius of 6,371,229.0 m", "surface1TypeName": "Specified height level above ground", "nx": 70.0, "ny": 70.0, "lo1": 12.008544921875, "basicAngle": 0, "gridDefinitionTemplate": 0, "shape": 6, "parameterNumber": 2, "subcenter": 0, "parameterCategoryName": "Momentum", "parameterCategory": 2, "center": 0, "gridDefinitionTemplateName": "Latitude_Longitude", "resolution": 48}, "data":
[rows 19 to 37 of 70, columns 0 to 41 of 70]
0.7190847992897034,0.8829512596130371,-0.36533331871032715,-0.6342555284500122,-0.7766860723495483,-0.8182826042175293,-0.706861138343811,-0.4689283072948456,-0.18737126886844635,-0.05912996083498001,-0.43502312898635864,-0.6320933103561401,-0.2771812379360199,0.2965545654296875,0.8565316796302795,0.7994695901870728,0.7403724193572998,0.8125826120376587,0.9705052971839905,1.0361839532852173,-0.16785666346549988,-1.049679160118103,-0.8099274039268494,-0.45553058385849,0.06255167722702026,0.5102144479751587,0.33610934019088745,-0.5891647338867188,-0.7727441787719727,0.14408542215824127,0.8406188488006592,1.8135744333267212,2.9876644611358643,2.63944935798645,1.701348900794983,0.7173435091972351,-0.9203685522079468,-1.6642544269561768,-1.441495418548584,-0.8987368941307068,0.022055577486753464,0.8968674540519714
0.19933876395225525,0.31591492891311646,-0.4124111831188202,-0.6746358871459961,-0.7803661227226257,-0.7219847440719604,-0.700169026851654,-0.5459709763526917,-0.42454200983047485,-0.5464085340499878,-0.5707491040229797,-0.512511134147644,-0.602554976940155,-0.16454146802425385,0.6654253005981445,0.8639194369316101,0.9427738785743713,1.0872375965118408,0.934914231300354,1.2879890203475952,0.7974392771720886,-0.8775951862335205,-0.9745409488677979,-0.6607553958892822,-0.4752603769302368,0.11111564189195633,0.38914698362350464,-0.17291226983070374,-0.8706064224243164,-0.16565655171871185,0.6340606212615967,1.3576148748397827,2.646549701690674,3.1516780853271484,2.4062821865081787,2.0369176864624023,0.753649890422821,-0.9923436045646667,-1.2222436666488647,-0.7719192504882812,-0.19971626996994019,0.29929277300834656
-0.23209810256958008,-0.1889866143465042,-0.44558945298194885,-0.4596919119358063,-0.5342581868171692,-0.7873490452766418,-0.9899769425392151,-0.7247675657272339,-0.5967003107070923,-0.6798815131187439,-0.33947426080703735,-0.45562559366226196,-0.6848194599151611,-0.32201439142227173,0.17754174768924713,0.6217650771141052,1.000625491142273,1.081083059310913,1.1122385263442993,1.3034272193908691,0.9129586219787598,-0.6381481885910034,-1.1008094549179077,-0.7232579588890076,-0.8799540996551514,-0.5135661363601685,0.07819681614637375,-0.01733977533876896,-0.7611714005470276,-0.4606211483478546,0.642035186290741,1.3056353330612183,2.267826557159424,2.7616522312164307,2.1223504543304443,1.917476773262024,0.5877629518508911,-1.016543984413147,-1.1931871175765991,-0.8036487698554993,-0.4947584271430969,0.05135626345872879
-0.39544686675071716,-0.39760085940361023,-0.45997223258018494,-0.4658552408218384,-0.515257716178894,-0.8894708752632141,-1.0453755855560303,-0.6471297144889832,-0.3710229992866516,-0.2713542878627777,-0.13357295095920563,-0.34797805547714233,-0.7328236103057861,-0.5268075466156006,-0.2631174921989441,0.18200834095478058,0.8625527024269104,1.1668473482131958,1.319570541381836,0.855755090713501,0.8265506625175476,0.46373680233955383,-0.5121861696243286,-0.7768985629081726,-0.9476213455200195,-0.7718514204025269,-0.36378592252731323,-0.033563561737537384,-0.1546839028596878,-0.348312646150589,0.29574307799339294,0.9734658002853394,1.892080307006836,2.393481969833374,1.4503289461135864,0.8802151679992676,-0.08919501304626465,-1.1961839199066162,-1.1479629278182983,-0.959113597869873,-0.6787419319152832,-0.3120238184928894
-0.46550336480140686,-0.4951636493206024,-0.4892594516277313,-0.5405167937278748,-0.5456691384315491,-0.8923693895339966,-0.823549211025238,-0.399406760931015,-0.07792511582374573,0.678767740726471,-0.013181686401367188,-1.0163441896438599,-0.8051499724388123,-0.6526545882225037,-0.7057852745056152,-0.40528106689453125,0.4176545739173889,1.026076316833496,1.021183967590332,0.8067079186439514,0.7328671216964722,0.5566826462745667,-0.17619997262954712,-0.8557851314544678,-0.7587174773216248,-0.5496246814727783,-0.3356964886188507,0.2681146562099457,0.48813220858573914,-0.4844048321247101,-0.5631851553916931,0.359724223613739,0.9863160848617554,1.7049500942230225,0.5360288023948669,-0.2363949716091156,0.02871454879641533,-0.9519527554512024,-1.2680506706237793,-1.120127558708191,-0.9668371081352234,-0.6357659101486206
-0.48380059003829956,-0.5245363712310791,-0.5000884532928467,-0.4922544062137604,-0.49434903264045715,-0.6764723658561707,-0.7666625380516052,-0.4682714641094208,0.12064869701862335,1.080966591835022,0.17676788568496704,-1.2008286714553833,-0.5862788558006287,-0.3605862557888031,-0.7591376304626465,-0.8158637881278992,-0.13699647784233093,0.7324604988098145,0.9196609258651733,0.822855532169342,0.75801682472229,0.5001972913742065,-0.45498961210250854,-0.994105339050293,-0.5570274591445923,-0.4392084777355194,-0.31133365631103516,0.4687524437904358,0.8531469106674194,-0.32002365589141846,-0.8337990641593933,0.3793228566646576,1.4075807332992554,1.9798123836517334,-0.037459731101989746,-0.9425034523010254,0.7636452317237854,0.11463186144828796,-0.9078317880630493,-1.1514086723327637,-1.3423151969909668,-0.9502913951873779
-0.30067744851112366,-0.39344891905784607,-0.5801364183425903,-0.476507306098938,-0.3684766888618469,-0.5735852718353271,-0.48173555731773376,-0.48501166701316833,0.08839216828346252,0.9918030500411987,0.007933557033538818,-1.097407579421997,-0.43473589420318604,0.10689195245504379,-0.6357571482658386,-1.2496551275253296,-0.5555116534233093,0.3099174499511719,0.7863370776176453,0.8109402060508728,0.8725274801254272,0.7822763323783875,-0.23758023977279663,-0.9412113428115845,-0.3036084473133087,-0.26635223627090454,-0.6434894800186157,0.2188626378774643,0.9123477339744568,0.08655798435211182,-0.8945272564888,0.025822430849075317,1.209805965423584,1.9323238134384155,0.22298431396484375,-1.0261822938919067,0.631682813167572,0.6317737698554993,1.1720654964447021,0.7424858212471008,-1.2511414289474487,-1.1404317617416382
-0.2625349164009094,-0.36330804228782654,-0.6318255662918091,-0.5164386630058289,-0.6390070915222168,-0.4629717171192169,-0.2866882383823395,-0.4707741141319275,0.1253233104944229,0.21574857831001282,-0.38931554555892944,-0.8739566802978516,-0.5171553492546082,0.9191480278968811,0.6370337009429932,-1.1038943529129028,-0.910704493522644,0.030087722465395927,0.45106828212738037,0.732877790927887,0.8730031847953796,0.9696090817451477,-0.15895244479179382,-1.1197807788848877,-0.018478425219655037,0.36471131443977356,-0.572555661201477,-0.19125135242938995,0.7909706234931946,0.46213656663894653,-0.8398007154464722,-0.33193475008010864,0.987960696220398,2.223973035812378,2.032893419265747,0.38738375902175903,0.6424650549888611,1.0115679502487183,1.2446702718734741,1.9570112228393555,0.09011232852935791,-1.370241403579712
-0.23750001192092896,-0.36714187264442444,-0.6851882934570312,-0.28956687450408936,-0.6041113138198853,-1.0220725536346436,-0.8194645047187805,-0.6892628073692322,-0.28238141536712646,-0.4060361981391907,-0.7073789238929749,-0.9307034611701965,-0.331882506608963,0.7787023186683655,0.5372500419616699,-0.877184271812439,-1.0408791303634644,-0.43284210562705994,0.1433575600385666,0.7193785905838013,0.7638341188430786,0.9631026983261108,-0.002953767776489258,-1.0398653745651245,-0.19624891877174377,0.9611647129058838,0.8280390501022339,0.15753468871116638,0.286851167678833,0.22549760341644287,-0.7719118595123291,-0.30780228972435,0.8801361918449402,1.8361692428588867,2.571120262145996,1.6578757762908936,1.4086923599243164,1.6566097736358643,1.2335225343704224,1.7029520273208618,0.44446003437042236,-1.3571834564208984
-0.29477646946907043,-0.4296862483024597,-0.7124171853065491,-0.29089590907096863,-0.7382256984710693,-1.5378944873809814,-1.4957884550094604,-1.160937786102295,-0.547385573387146,-0.5308958292007446,-0.7441415786743164,-0.8374457955360413,-0.13298405706882477,0.35336658358573914,-0.09153681993484497,-0.8446314930915833,-1.080333948135376,-0.7732118368148804,-0.19402921199798584,0.5055994391441345,0.7762758731842041,0.8564534187316895,0.31308889389038086,-0.6373559832572937,-0.1879863142967224,0.8483980894088745,1.1463702917099,1.2320338487625122,0.5523223280906677,-0.5042187571525574,-0.9468417167663574,-0.3376857042312622,0.696618378162384,1.7577972412109375,2.464296579360962,1.8230171203613281,1.7942615747451782,1.9642829895019531,1.1769297122955322,1.061456322669983,0.15149542689323425,-1.318835973739624
-0.3174235224723816,-0.43970468640327454,-0.7468088865280151,-0.4594375193119049,-1.1299656629562378,-1.9882185459136963,-1.7631946802139282,-1.4180721044540405,-0.8997506499290466,-0.6973296403884888,-0.4832451641559601,-0.111892469227314,0.302544504404068,-0.2485155165195465,-0.5833834409713745,-0.7033413648605347,-1.2850115299224854,-1.0476629734039307,-0.43641898036003113,0.13051092624664307,0.6375370621681213,0.5507516264915466,0.6282102465629578,0.5045468211174011,0.13069744408130646,0.5847185850143433,0.8754748106002808,1.1519004106521606,0.9829645156860352,-0.3345544636249542,-1.1099741458892822,-0.4962063431739807,0.5844704508781433,1.7385700941085815,1.8385835886001587,1.0762877464294434,1.4371023178100586,2.21644926071167,0.8461466431617737,0.1293410062789917,-0.3033822178840637,-1.3677732944488525
-0.3774535357952118,-0.47191137075424194,-0.8123354911804199,-0.7687300443649292,-1.4972432851791382,-2.086731433868408,-1.8283445835113525,-1.5080604553222656,-1.046735405921936,-0.896163284778595,-0.31905630230903625,0.4661349356174469,0.6567904949188232,-0.5404552221298218,-1.0776877403259277,-0.5603172779083252,-0.8190619945526123,-0.8952091932296753,-0.35482287406921387,0.31731000542640686,0.5153133869171143,0.4706454277038574,0.8256359100341797,1.2713100910186768,0.8112881183624268,0.6016311049461365,0.8807531595230103,0.703252375125885,1.1659401655197144,0.5302762985229492,-1.1066240072250366,-0.6737605333328247,0.7431206107139587,1.5631434917449951,1.5979976654052734,1.3291981220245361,1.529218316078186,2.209256410598755,1.212220549583435,0.1402251273393631,-0.6668369770050049,-1.397389531135559
-0.44516047835350037,-0.5193996429443359,-0.9045804142951965,-1.195308804512024,-1.9716440439224243,-2.1243579387664795,-1.685019612312317,-1.2783372402191162,-1.1154062747955322,-1.3205043077468872,-0.5892186760902405,0.24869288504123688,-0.0046485778875648975,-0.6807368993759155,-0.7498180270195007,-0.6723157167434692,-1.0400372743606567,-1.0289673805236816,-0.36217615008354187,0.27468112111091614,0.3624606430530548,0.4111133813858032,0.7762775421142578,0.9413873553276062,0.6295439600944519,0.45897865295410156,0.5818057656288147,0.47912007570266724,1.1559991836547852,0.6030764579772949,-1.089400291442871,-0.6215635538101196,0.7606763243675232,1.2781766653060913,1.2021656036376953,1.5472240447998047,1.7989622354507446,1.4182453155517578,0.746239423751831,0.3345629572868347,-0.9984531998634338,-1.5658537149429321
-0.522720992565155,-0.5706506967544556,-0.8938496708869934,-1.1297281980514526,-1.826615571975708,-1.8201416730880737,-1.1267601251602173,-0.9281596541404724,-1.1560330390930176,-1.3234753608703613,-0.8274312615394592,-0.4579680263996124,-0.31520596146583557,-0.5591924786567688,-0.6294929385185242,-0.7950550317764282,-1.2138640880584717,-0.9127975106239319,-0.4241238534450531,-0.09447994083166122,0.19813492894172668,0.36765262484550476,0.49404555559158325,0.7300690412521362,0.7115331292152405,0.6987197399139404,0.8000940680503845,0.6130018830299377,1.0841679573059082,0.14656150341033936,-1.0669840574264526,-0.17057713866233826,0.8175635933876038,1.0485807657241821,1.1961710453033447,1.7770203351974487,2.1115965843200684,0.6582156419754028,-0.3589051365852356,0.3541225790977478,-0.51081782579422,-1.550290822982788
-0.6330975294113159,-0.6560591459274292,-0.921172559261322,-0.8745154738426208,-0.9015563130378723,-0.7838327288627625,-0.8748496770858765,-1.4012781381607056,-1.0936076641082764,-0.8883605599403381,-0.9713324904441833,-0.839901328086853,-0.5861102938652039,-0.559463620185852,-0.9045022130012512,-1.1343213319778442,-1.2374120950698853,-0.8945043087005615,-0.3716059625148773,-0.4057716131210327,-0.31078046560287476,0.11750473082065582,0.268507719039917,0.5712850093841553,0.7355793118476868,0.9696632623672485,1.1469173431396484,0.3748685121536255,-0.4117383062839508,-0.8794060945510864,-0.634405791759491,0.6174362301826477,1.2262561321258545,0.7768648862838745,0.6685234308242798,1.4480235576629639,1.8681910037994385,1.478926658630371,0.8440274596214294,0.8766111135482788,0.8624568581581116,-0.7870688438415527
-0.721057116985321,-0.7310506105422974,-1.0117692947387695,-1.1549550294876099,-0.9509772062301636,-0.9129642844200134,-1.252471685409546,-1.454038381576538,-1.1504062414169312,-0.8868600726127625,-0.9602226614952087,-0.7799600958824158,-0.6976357102394104,-0.8316601514816284,-0.9817711710929871,-1.1212502717971802,-1.08803391456604,-0.5819471478462219,-0.4479973316192627,-0.7744399309158325,-0.5165217518806458,-0.009201291017234325,0.2078178972005844,0.5485110878944397,0.6656599044799805,0.8979456424713135,1.4368607997894287,0.4038030803203583,-1.163089632987976,-1.209395170211792,-0.23545624315738678,0.7339677810668945,1.3588640689849854,0.9578918218612671,0.1789848506450653,0.7866649627685547,1.1289911270141602,0.8264120221138,1.0896133184432983,1.7645087242126465,1.6750837564468384,-0.28831833600997925
-0.8087052702903748,-0.7831986546516418,-1.0681265592575073,-1.3475048542022705,-1.1936863660812378,-1.1848284006118774,-1.4753482341766357,-1.4362536668777466,-1.1870975494384766,-1.0071804523468018,-1.0014601945877075,-0.7288846969604492,-0.7225302457809448,-0.9126846194267273,-0.957278847694397,-0.9870542287826538,-0.791440486907959,-0.4571346342563629,-0.6357489824295044,-0.8666616678237915,-0.6291231513023376,-0.39529919624328613,-0.07287614792585373,0.400331974029541,0.5082353353500366,0.5920245051383972,1.2470674514770508,0.9760457277297974,-0.8153293132781982,-1.4211667776107788,-0.327116459608078,0.4419209361076355,1.2577990293502808,1.168942928314209,0.13109679520130157,0.2860998511314392,0.553443431854248,0.6487380862236023,1.161627173423767,1.9438197612762451,1.083730936050415,-1.0262213945388794
-0.8611865639686584,-0.806766927242279,-1.018975019454956,-1.3641459941864014,-1.3868250846862793,-1.3414751291275024,-1.4263474941253662,-1.3359116315841675,-1.213194489479065,-1.1147412061691284,-1.01746666431427,-0.7757749557495117,-0.8102551102638245,-0.8760055303573608,-0.866936981678009,-0.7772911190986633,-0.4762563109397888,-0.3190142810344696,-0.4887278079986572,-0.7436599135398865,-0.9110857248306274,-0.8453918099403381,-0.40165817737579346,0.12137960642576218,0.40989309549331665,0.4776032567024231,0.9532219171524048,1.0271646976470947,-0.15683197975158691,-0.8777893781661987,-0.22295385599136353,0.7617813348770142,1.3067958354949951,0.9395660161972046,0.20396912097930908,0.3252371549606323,0.6070936322212219,0.9387109279632568,1.1872224807739258,1.8126100301742554,0.851452112197876,-1.2587882280349731
-0.8571387529373169,-0.8121991157531738,-1.0526552200317383,-1.423044204711914,-1.4899823665618896,-1.4618849754333496,-1.5325398445129395,-1.341288685798645,-1.3151440620422363,-1.2922786474227905,-1.1539934873580933,-0.8860281705856323,-0.7318062782287598,-0.733289361000061,-0.7452199459075928,-0.5317484140396118,-0.01162530668079853,0.38709011673927307,-0.06290209293365479,-0.764305591583252,-1.134474277496338,-1.189872145652771,-0.8396161794662476,-0.08435862511396408,0.26226088404655457,0.3666481673717499,0.583236575126648,0.7732937335968018,0.7199286818504333,0.3391479551792145,0.3270866274833679,0.9521092772483826,0.5972640514373779,-0.06226504594087601,0.08921315521001816,0.4015638530254364,0.6013477444648743,0.9831622838973999,1.509239673614502,1.725839376449585,0.22630524635314941,-1.3583078384399414
