demo/sfcwind/1000-wind-surface-level-gfs-1.0.json
{"header": {"productDefinitionTemplate": 0, "surface1Type": 103, "productStatus": 0, "disciplineName": "Meteorological products", "subDivisions": 0, "winds": "true", "parameterNumberName": "U-component_of_wind", "discipline": 0, "surface2Value": 0, "significanceOfRTName": "Start of forecast", "surface2TypeName": "Missing", "surface2Type": 255, "productTypeName": "Forecast products", "dx": 0.024617210030555725, "dy": 0.01798853650689125, "numberPoints": 65160, "productStatusName": "Operational products", "gribEdition": 2, "parameterUnit": "m.s-1", "forecastTime": 0, "refTime": "2020-09-30T08:00:00.000Z", "productType": 1, "genProcessTypeName": "Forecast", "scanMode": 0, "genProcessType": 2, "gribLength": 11338.0, "significanceOfRT": 1, "productDefinitionTemplateName": "Analysis/forecast at horizontal level/layer at a point in time", "centerName": "WRF OUTPUT", "la1": 43.66691207885742, "la2": 42.426788330078125, "lo2": 13.70867919921875, "gridUnits": "degrees", "surface1Value": 10, "shapeName": "Earth spherical with radius of 6,371,229.0 m", "surface1TypeName": "Specified height level above ground", "nx": 70.0, "ny": 70.0, "lo1": 12.008544921875, "basicAngle": 0, "gridDefinitionTemplate": 0, "shape": 6, "parameterNumber": 2, "subcenter": 0, "parameterCategoryName": "Momentum", "parameterCategory": 2, "center": 0, "gridDefinitionTemplateName": "Latitude_Longitude", "resolution": 48}, "data":
[rows 38 to 56 of 70, columns 0 to 41 of 70]
-1.0453875064849854,-1.0303592681884766,-1.1223723888397217,-1.3915094137191772,-1.0955119132995605,-1.0989325046539307,-1.363640308380127,-1.1711716651916504,-1.1604351997375488,-1.3964024782180786,-1.3101187944412231,-0.7336431741714478,-0.5395344495773315,-0.6209742426872253,-0.6734529137611389,-0.36241844296455383,0.2758866846561432,0.9729204773902893,1.0455087423324585,-0.03336706757545471,-1.0971769094467163,-1.1609580516815186,-0.9403393268585205,-0.3482663631439209,0.16646714508533478,0.21140781044960022,0.32655948400497437,0.42645055055618286,0.7559689879417419,0.7530897855758667,0.7620214223861694,0.9857782125473022,-0.2617488205432892,-0.8070451617240906,-0.3066050708293915,0.197767436504364,0.44921553134918213,0.6015639901161194,1.3688459396362305,1.4630587100982666,0.2904585897922516,-0.7836670875549316
-0.9997779726982117,-1.0425560474395752,-1.1103633642196655,-1.170954704284668,-0.8719719648361206,-0.9418555498123169,-1.2735689878463745,-1.0208194255828857,-1.287123441696167,-1.7740654945373535,-1.3737822771072388,-0.5143030285835266,-0.3007427453994751,-0.5841203331947327,-0.6771551966667175,-0.19020022451877594,0.40303945541381836,1.001686453819275,1.2362546920776367,0.7242863178253174,-0.5098308324813843,-1.225685954093933,-1.0446323156356812,-0.4331163167953491,0.06910693645477295,0.12497720122337341,0.2554439604282379,0.34171491861343384,0.40092524886131287,0.4924880862236023,0.8235116004943848,1.032762050628662,-0.1779881715774536,-1.106490969657898,-1.0079642534255981,-0.22986948490142822,0.3407021462917328,0.09841476380825043,0.6829322576522827,1.3549948930740356,1.0688447952270508,-0.16949619352817535
-0.952572226524353,-1.0800763368606567,-1.109818458557129,-1.1042721271514893,-0.9007059931755066,-1.213441014289856,-1.3792592287063599,-1.3074828386306763,-1.6124494075775146,-1.698824167251587,-1.2092269659042358,-0.5599238872528076,-0.2618977725505829,-0.5774260759353638,-0.7196182012557983,-0.08273446559906006,0.5138700008392334,0.9875642657279968,0.677689790725708,0.44765806198120117,0.36831268668174744,-0.9152871966362,-1.3607314825057983,-0.6013450622558594,-0.17329441010951996,-0.03272171691060066,0.08377975225448608,0.311083048582077,0.41134196519851685,0.7213388085365295,1.1016905307769775,1.2013437747955322,0.3672763407230377,-0.7842673063278198,-1.3400709629058838,-0.5721210241317749,0.12111520022153854,-0.3166075050830841,0.1632121503353119,0.8516501188278198,0.7742285132408142,0.7839105129241943
-0.8961470127105713,-1.0722324848175049,-1.2029995918273926,-1.294403076171875,-1.5223474502563477,-1.6232411861419678,-1.3611544370651245,-1.272092580795288,-1.3229954242706299,-1.387669324874878,-1.2756445407867432,-0.8618941903114319,-0.43819648027420044,-0.3760205805301666,-0.43907514214515686,0.0003099417081102729,0.6179399490356445,0.9371711015701294,0.34060439467430115,-0.2821381986141205,-0.1111021414399147,-0.7833420038223267,-1.2898553609848022,-0.7818419337272644,-0.38388732075691223,-0.22682702541351318,-0.17964103817939758,0.030223166570067406,0.2492961585521698,0.5783772468566895,0.9562200307846069,0.9808319807052612,1.1702457666397095,0.00426560640335083,-1.4782912731170654,-0.6905127763748169,-0.2485278695821762,-0.4975588917732239,-0.23888473212718964,0.17032024264335632,-0.03206990659236908,0.153532937169075
-1.0245434045791626,-1.2086139917373657,-1.1932851076126099,-1.364871859550476,-1.605629801750183,-1.5996705293655396,-1.5145434141159058,-1.5971063375473022,-1.8356177806854248,-1.7930946350097656,-1.3588829040527344,-0.8907793760299683,-0.618781328201294,-0.44422969222068787,-0.1606869101524353,0.26022475957870483,0.7037871479988098,0.836277186870575,-0.11412717401981354,-1.007869839668274,-0.8774803876876831,-0.6235690116882324,-0.8045299649238586,-0.9085739254951477,-0.49277105927467346,-0.32825469970703125,-0.43824681639671326,-0.35512489080429077,-0.02227664180099964,0.43337127566337585,0.8596357703208923,0.9431272745132446,1.4663856029510498,0.2716779112815857,-1.3741544485092163,-0.7803664207458496,-0.5122206211090088,-0.4168592393398285,-0.19772890210151672,-0.2142283022403717,-0.45670926570892334,-0.1674065887928009
-1.4226213693618774,-1.687410831451416,-1.2363778352737427,-1.1422895193099976,-1.5102057456970215,-1.8317477703094482,-1.5695922374725342,-1.5364110469818115,-2.062865972518921,-2.1783840656280518,-1.415223479270935,-0.8591383099555969,-0.9015212059020996,-0.8355376720428467,-0.2193262130022049,0.5428474545478821,0.9521024227142334,0.8182134628295898,-0.42115315794944763,-1.354116678237915,-1.1604595184326172,-0.900472104549408,-0.5991185903549194,-0.4301075041294098,-0.3622853457927704,-0.4419693946838379,-0.5382900238037109,-0.46970391273498535,-0.059077173471450806,0.3207285404205322,0.8735033869743347,1.2735083103179932,1.3839725255966187,0.15476584434509277,-1.4350488185882568,-1.0178824663162231,-0.7411128878593445,-0.3163273334503174,-0.058189887553453445,-0.573390007019043,-0.8421217799186707,0.018247224390506744
-1.4519952535629272,-1.6978378295898438,-1.2068519592285156,-0.9267098903656006,-1.0511177778244019,-1.2492504119873047,-1.0286285877227783,-0.9209849834442139,-1.5411202907562256,-2.079515218734741,-1.5598856210708618,-0.9937534928321838,-1.1484966278076172,-1.1990989446640015,-0.46169379353523254,0.37762749195098877,1.010440468788147,1.3512763977050781,0.5957212448120117,-0.9176703691482544,-1.3947516679763794,-0.9883270263671875,-0.6858633160591125,-0.5896159410476685,-0.5310561060905457,-0.4522533118724823,-0.43535542488098145,-0.3139995038509369,0.1462668925523758,0.34014520049095154,0.8220110535621643,1.3096201419830322,1.2156251668930054,-0.07482928037643433,-1.3261245489120483,-1.097839593887329,-0.9294036030769348,-0.056215349584817886,0.40270987153053284,-0.7055144309997559,-0.928088366985321,0.13560374081134796
-1.2688790559768677,-1.3174145221710205,-1.0177652835845947,-0.695135235786438,-0.5928707718849182,-0.6062870621681213,-0.47369441390037537,-0.1435619443655014,-0.8781189918518066,-1.6987996101379395,-1.5165772438049316,-1.102293610572815,-1.2200552225112915,-1.312909483909607,-0.6979811191558838,0.053514767438173294,0.7377572059631348,1.1639596223831177,1.4805206060409546,0.24900227785110474,-1.181619644165039,-0.8692137598991394,-0.5483784675598145,-0.7795246839523315,-0.9324771165847778,-0.7685967683792114,-0.4861772358417511,-0.20443294942378998,0.37748003005981445,0.4281986951828003,0.7007211446762085,1.420650601387024,0.9868383407592773,0.02092750370502472,-0.8820195198059082,-1.1864652633666992,-1.0915179252624512,-0.15497691929340363,0.7039303183555603,-0.2119898498058319,-0.5423064827919006,0.25444889068603516
-1.2246037721633911,-1.1763488054275513,-0.9365657567977905,-0.8641310930252075,-0.5577974915504456,-0.30594754219055176,-0.20271733403205872,0.22513140738010406,-0.40947654843330383,-1.4119186401367188,-1.6149396896362305,-1.3199101686477661,-1.1029884815216064,-1.0521184206008911,-0.7325528264045715,-0.24809402227401733,0.47695279121398926,0.847570538520813,1.3629812002182007,1.153649091720581,-0.287241131067276,-0.6167737245559692,-0.4772947430610657,-0.8889337182044983,-1.2533385753631592,-1.1654773950576782,-0.6245253682136536,-0.20557165145874023,0.30286678671836853,0.3782794177532196,0.5332517027854919,1.3751637935638428,1.124251365661621,0.7430306673049927,0.5395714640617371,-1.0569090843200684,-1.632346749305725,-0.31293702125549316,0.9525889754295349,0.8531518578529358,0.1840290129184723,0.08876639604568481
-1.087217926979065,-0.9782533049583435,-0.8809532523155212,-0.8539865016937256,-0.5938926339149475,-0.22804158926010132,0.05754530429840088,0.35562941431999207,-0.4396563172340393,-1.2688024044036865,-1.4751319885253906,-1.3130465745925903,-1.0461164712905884,-1.0997897386550903,-1.097444772720337,-0.6286658644676208,0.2070658951997757,0.7460740804672241,0.9862082004547119,1.3671581745147705,1.2353683710098267,0.9665960073471069,0.20830708742141724,-0.887446403503418,-1.2802366018295288,-1.0462316274642944,-0.46059566736221313,0.0033024793956428766,0.24051322042942047,0.36051690578460693,0.47058916091918945,1.0372635126113892,1.2885953187942505,1.4623609781265259,0.6505854725837708,-1.3794065713882446,-1.4713184833526611,-0.045886263251304626,1.0064890384674072,0.9074938893318176,0.3613559901714325,0.02739115059375763
-1.1787694692611694,-1.0595277547836304,-0.9347359538078308,-0.8361760377883911,-0.7150688767433167,-0.3628068268299103,0.28665685653686523,0.17183680832386017,-0.688652753829956,-1.227792739868164,-1.2903776168823242,-0.7750299572944641,-0.7682327032089233,-1.4832980632781982,-1.600879192352295,-0.951835036277771,-0.12329801917076111,0.5668471455574036,0.8855484127998352,1.1274795532226562,1.1543121337890625,1.2415567636489868,1.1281139850616455,-0.4160459637641907,-1.5023609399795532,-0.9466326832771301,-0.3401772379875183,0.15930992364883423,0.30459263920783997,0.2516961693763733,0.4787490665912628,0.6689029932022095,1.1957430839538574,1.1994630098342896,-1.1887587308883667,-2.2354917526245117,-0.860117495059967,0.384470671415329,0.24380476772785187,-0.5362639427185059,-0.37873774766921997,-0.024193985387682915
-1.3674533367156982,-1.2454869747161865,-1.0416713953018188,-0.8745149374008179,-0.8706777691841125,-0.5619615912437439,-0.06378243118524551,-0.6897355318069458,-1.3547251224517822,-0.9917182326316833,-0.709515392780304,-0.8952176570892334,-1.3950841426849365,-1.7876842021942139,-1.6119186878204346,-1.017472267150879,-0.209011510014534,0.4108434319496155,0.7090396881103516,1.002410650253296,1.0927033424377441,0.7539479732513428,1.2238349914550781,0.3370879292488098,-1.4128767251968384,-1.0898551940917969,-0.28202101588249207,0.11140745133161545,0.16221460700035095,0.19916114211082458,0.4086296260356903,0.41223347187042236,1.1866282224655151,0.25500863790512085,-1.6662702560424805,-1.3052631616592407,-0.45414742827415466,-0.7355656027793884,-1.329545259475708,-1.0882196426391602,-0.7648217678070068,-0.11849814653396606
-1.4933011531829834,-1.447525143623352,-1.261775255203247,-1.1025171279907227,-1.044568419456482,-0.7035483717918396,-0.41527891159057617,-0.9025762677192688,-1.5235862731933594,-1.2369577884674072,-0.6344800591468811,-1.2204864025115967,-1.8724342584609985,-1.625548005104065,-1.2967866659164429,-0.8230268359184265,-0.11848252266645432,0.2596859931945801,0.4654787480831146,0.906233012676239,0.9874066710472107,0.7279797792434692,1.4089281558990479,0.9794034361839294,-1.050040602684021,-1.2621245384216309,-0.29782935976982117,0.05080220103263855,0.14045533537864685,0.18738439679145813,0.26638227701187134,0.5613807439804077,1.1043885946273804,-0.8238525986671448,-2.158400535583496,-0.7347757816314697,-0.23085547983646393,-1.1373467445373535,-1.0842833518981934,-1.0573198795318604,-1.5139563083648682,-0.25462618470191956
-1.5980260372161865,-1.5083214044570923,-1.3408186435699463,-1.07216477394104,-1.263789176940918,-1.1712785959243774,-0.7151468396186829,-1.0823712348937988,-1.6765449047088623,-1.3699315786361694,-0.9921028017997742,-1.5964075326919556,-1.3302651643753052,-1.0051133632659912,-1.3094558715820312,-0.9619809985160828,-0.4856792688369751,-0.17020578682422638,0.2336822748184204,0.8392704725265503,0.9446882009506226,0.8191640377044678,1.3323283195495605,1.1681499481201172,-0.7877572774887085,-1.4936656951904297,-0.36012524366378784,0.21788300573825836,0.3962554931640625,0.5006682276725769,0.3122555911540985,0.8508621454238892,0.6016721129417419,-1.219346523284912,-1.1681917905807495,0.3978578746318817,-0.19754207134246826,-1.5178859233856201,-0.39837703108787537,-0.46209916472435,-1.2959768772125244,-0.2611907422542572
-1.6736985445022583,-1.5346063375473022,-1.4836657047271729,-1.3809174299240112,-1.467248797416687,-0.9701808094978333,-0.5615161061286926,-1.4576417207717896,-1.8824028968811035,-1.2551403045654297,-0.8923203945159912,-1.1248213052749634,-1.086142659187317,-0.9620324373245239,-0.9633387327194214,-1.379570484161377,-1.1685223579406738,-0.5619166493415833,-0.21682269871234894,0.5302399396896362,0.9321611523628235,0.8456901907920837,1.176133155822754,1.3729634284973145,-0.5054404735565186,-1.2085074186325073,-0.18904615938663483,0.4748742878437042,0.6060371994972229,0.3512342870235443,0.5322623252868652,0.5418749451637268,-0.9014990925788879,-0.975574791431427,0.3895348906517029,1.2391362190246582,0.32537180185317993,-1.4618295431137085,-1.0024101734161377,-0.8514390587806702,-1.2104566097259521,-0.48296722769737244
-1.9222590923309326,-1.7740051746368408,-1.6760550737380981,-1.568293571472168,-1.5563478469848633,-0.9043046832084656,-0.5348224639892578,-0.7904636859893799,-1.3780499696731567,-1.9528441429138184,-1.2070666551589966,-0.9582741260528564,-1.4504156112670898,-1.178910493850708,-0.6563534140586853,-1.331880807876587,-1.4087520837783813,-0.7027336359024048,-0.372636079788208,0.08549994230270386,0.7659487128257751,0.8125866055488586,1.3584426641464233,1.2942051887512207,-0.671606183052063,-0.7851168513298035,0.1358126401901245,0.6480017900466919,0.5690690875053406,0.1836109310388565,0.6825454235076904,0.229746013879776,-1.1701196432113647,-0.7703955173492432,0.46514439582824707,1.5522924661636353,0.9484590291976929,-1.1817322969436646,-1.2346036434173584,-0.45901456475257874,-0.671583354473114,-0.5259036421775818
-2.1325297355651855,-1.9827486276626587,-1.8454915285110474,-1.6854561567306519,-1.643619179725647,-1.259830117225647,-0.905954897403717,-0.8434323072433472,-0.5893098711967468,-0.5349366664886475,-0.11751435697078705,0.5308369994163513,-0.5259605646133423,-1.4934475421905518,-0.4880489706993103,-0.5268480777740479,-1.1424130201339722,-0.8112279176712036,-0.5934259295463562,-0.06588181853294373,0.5240253210067749,0.4811399579048157,1.2402185201644897,1.2262508869171143,-0.5149396061897278,-0.6024231314659119,0.34629765152931213,0.6959704160690308,0.20156855881214142,0.041276585310697556,1.0465184450149536,-0.052695274353027344,-1.415627121925354,-0.4089871942996979,0.7276641130447388,1.3943513631820679,1.3330767154693604,-0.5497481226921082,-1.502394437789917,-0.26206856966018677,-0.15607194602489471,-0.5496545433998108
-2.4819114208221436,-2.230236530303955,-1.9444408416748047,-1.5442253351211548,-1.5797847509384155,-1.4552050828933716,-1.0428158044815063,-0.6651923656463623,-0.3447055518627167,-0.13587285578250885,0.07712635397911072,0.7699082493782043,0.02814704179763794,-1.4294253587722778,-0.7100902795791626,0.0005175062105990946,-0.40724071860313416,-0.8682847023010254,-0.6083177924156189,-0.1945285052061081,0.28624197840690613,0.19176523387432098,0.6770258545875549,1.4757299423217773,-0.13783258199691772,-0.6226218342781067,0.6525246500968933,0.7532769441604614,-0.3589395582675934,-0.3460715115070343,1.2571948766708374,0.14791572093963623,-1.3689543008804321,-0.019716016948223114,1.3802893161773682,1.8494021892547607,1.2210159301757812,-0.6078346967697144,-1.0934338569641113,0.09769998490810394,0.7611764669418335,0.08826318383216858
-2.6136670112609863,-2.311495780944824,-2.1322829723358154,-1.5990689992904663,-1.5483498573303223,-1.3548132181167603,-1.0212857723236084,-0.6686214804649353,-0.2376049906015396,-0.15367944538593292,0.12799498438835144,0.7478389739990234,0.02313918061554432,-1.2531051635742188,-0.6942240595817566,-0.11930593848228455,-0.10051587224006653,-0.2709921896457672,-0.44216543436050415,-0.2131127566099167,0.17161737382411957,0.3366850018501282,0.6654651761054993,1.2824493646621704,-0.22527551651000977,-0.9741061329841614,0.816444993019104,1.1352436542510986,-0.5781585574150085,-0.9014772176742554,0.3991827666759491,-0.19011977314949036,-1.2408084869384766,-0.30063796043395996,1.200539469718933,2.0409817695617676,1.6593493223190308,-0.3360939919948578,-0.7563812732696533,0.23853112757205963,0.9261065721511841,0.946647047996521
