demo/sfcwind/1000-wind-surface-level-gfs-1.0.json
{"header": {"productDefinitionTemplate": 0, "surface1Type": 103, "productStatus": 0, "disciplineName": "Meteorological products", "subDivisions": 0, "winds": "true", "parameterNumberName": "V-component_of_wind", "discipline": 0, "surface2Value": 0, "significanceOfRTName": "Start of forecast", "surface2TypeName": "Missing", "surface2Type": 255, "productTypeName": "Forecast products", "dx": 0.024617210030555725, "dy": 0.01798853650689125, "numberPoints": 65160, "productStatusName": "Operational products", "gribEdition": 2, "parameterUnit": "m.s-1", "forecastTime": 0, "refTime": "2020-09-30T08:00:00.000Z", "productType": 1, "genProcessTypeName": "Forecast", "scanMode": 0, "genProcessType": 2, "gribLength": 11338.0, "significanceOfRT": 1, "productDefinitionTemplateName": "Analysis/forecast at horizontal level/layer at a point in time", "centerName": "WRF OUTPUT", "la1": 43.66691207885742, "la2": 42.426788330078125, "lo2": 13.70867919921875, "gridUnits": "degrees", "surface1Value": 10, "shapeName": "Earth spherical with radius of 6,371,229.0 m", "surface1TypeName": "Specified height level above ground", "nx": 70.0, "ny": 70.0, "lo1": 12.008544921875, "basicAngle": 0, "gridDefinitionTemplate": 0, "shape": 6, "parameterNumber": 3, "subcenter": 0, "parameterCategoryName": "Momentum", "parameterCategory": 2, "center": 0, "gridDefinitionTemplateName": "Latitude_Longitude", "resolution": 48}, "data":
[rows 19 to 37 of 70, columns 0 to 41 of 70]
0.8727468252182007,0.8615849614143372,0.8667623400688171,0.6988632678985596,0.39163023233413696,0.06148850917816162,-0.14391346275806427,-0.3701903223991394,-0.6166172623634338,-0.9148090481758118,-0.8171055316925049,-0.7310489416122437,-0.5731368064880371,-0.1670842468738556,0.1759559065103531,0.38721325993537903,0.42168140411376953,-0.0829988569021225,-0.22727230191230774,-0.09495949745178223,-0.2350696623325348,-0.4918164908885956,-0.09459039568901062,0.37230387330055237,0.7888622879981995,0.8954437375068665,1.0739924907684326,0.4213376045227051,0.1311178207397461,0.50872403383255,0.6151862740516663,0.5348758697509766,1.068984866142273,0.6559884548187256,-0.2673802375793457,0.12378169596195221,0.015491236932575703,0.43091723322868347,0.5952128171920776,0.3982563018798828,0.5337873101234436,0.6529021859169006
0.9497976899147034,0.9007668495178223,0.9330740571022034,0.7393497824668884,0.35389605164527893,-0.19072961807250977,-0.4038362205028534,-0.533534049987793,-0.5287835001945496,-0.1117103323340416,-0.14471422135829926,-0.3903002142906189,-0.4293164312839508,-0.4834218919277191,-0.22589105367660522,0.09387817233800888,0.0059055001474916935,-0.1782209277153015,-0.11483447253704071,0.1460295468568802,-0.150783509016037,-0.2117539346218109,-0.20700831711292267,-0.23250573873519897,0.02892697975039482,0.5494912266731262,0.8194480538368225,0.7095425128936768,0.15536348521709442,0.3748391270637512,0.4432421624660492,0.32337844371795654,0.6132922172546387,0.7504706978797913,0.2406303882598877,-0.05148483067750931,-0.4549272358417511,0.39382052421569824,0.761721670627594,0.6535336971282959,0.6058264970779419,0.7895996570587158
0.9461833834648132,0.8996052145957947,0.9372713565826416,0.7762502431869507,0.610687255859375,0.15528912842273712,-0.018982987850904465,-0.2742292582988739,-0.27740636467933655,-0.2503347396850586,-0.5153728127479553,-0.675961434841156,-0.7765318155288696,-0.8078137636184692,-0.6700115203857422,-0.4059111475944519,-0.17482565343379974,0.18148033320903778,0.2744443416595459,0.4714072048664093,0.6689020395278931,0.30512118339538574,-0.6392754316329956,-0.6327537298202515,-0.408674418926239,0.05979166924953461,0.46563416719436646,0.7101291418075562,0.25902944803237915,-0.02232412062585354,0.04156343638896942,0.1330481767654419,0.7392421960830688,0.7423478960990906,-0.3467685878276825,-1.2323265075683594,-1.074599266052246,-0.06077374145388603,0.35123687982559204,0.5085640549659729,0.6114452481269836,0.6888030171394348
0.9252399206161499,0.914662778377533,0.9334158301353455,0.7689555287361145,0.7605168223381042,0.3808790147304535,0.09283397346735,-0.37917470932006836,-0.5232012271881104,-1.171591877937317,-1.2852394580841064,-1.0072059631347656,-0.7702570557594299,-1.0627998113632202,-0.9322622418403625,-0.8480634689331055,-0.22820736467838287,0.2500547468662262,0.5801118016242981,0.9954469203948975,1.232802152633667,0.8828241229057312,0.1736770123243332,-0.04023820161819458,0.08230720460414886,-0.07425551116466522,0.056042831391096115,0.18999835848808289,-0.15324616432189941,-0.6539885401725769,-0.4140293598175049,0.26732176542282104,0.9328250885009766,1.311954379081726,-0.06749340146780014,-1.22707200050354,-1.1440082788467407,-0.38575971126556396,0.03251331299543381,0.18899782001972198,0.4462345242500305,0.5847664475440979
0.9228726625442505,0.9219123721122742,0.8878552317619324,0.6865178346633911,0.4115597903728485,-0.03875923529267311,-0.4595327079296112,-0.6130179762840271,-0.8252590894699097,-1.1905627250671387,-0.39999932050704956,0.12896320223808289,0.13550837337970734,-0.6119707226753235,-0.6824299693107605,-0.6561666131019592,-0.055428750813007355,0.32346227765083313,0.7382949590682983,0.9283389449119568,0.9193932414054871,1.1734400987625122,1.1018338203430176,0.767553448677063,0.45944058895111084,-0.0015774589264765382,-0.23212215304374695,-0.43659406900405884,-0.7104635238647461,-0.5565871000289917,-0.16277727484703064,0.2421960085630417,0.4537917971611023,0.8672317862510681,0.0843479186296463,0.08985993266105652,-0.28275397419929504,-0.6199550628662109,-0.3730449676513672,0.07629870623350143,0.29097557067871094,0.6022842526435852
0.8982822299003601,0.8850721120834351,0.8515496850013733,0.663731575012207,0.286927729845047,-0.2092917561531067,-0.46298545598983765,-0.5876343846321106,-0.6729080080986023,-0.5412135124206543,0.3421010375022888,0.14688996970653534,-0.15324784815311432,-0.5211318135261536,-0.5330386161804199,-0.3913712203502655,-0.17728346586227417,0.23768924176692963,0.5082257986068726,0.6642276644706726,0.9488901495933533,1.0489122867584229,0.41387200355529785,0.15740756690502167,-0.05950038135051727,-0.4450787603855133,-0.5195729732513428,-0.5905927419662476,-0.43825992941856384,-0.05430866405367851,-0.2729113698005676,-0.15267819166183472,0.08131438493728638,0.3711065649986267,-0.10262338817119598,1.0037128925323486,0.6540026664733887,0.19564944505691528,0.11942262202501297,-0.6930179595947266,-0.05053522437810898,0.5943264365196228
0.8347745537757874,0.8160291910171509,0.7814803123474121,0.6536434888839722,0.40188291668891907,0.26407426595687866,-0.21930330991744995,-0.6261432766914368,-0.7971069812774658,-0.14057108759880066,0.6043075919151306,-0.22421598434448242,-0.6088128089904785,-0.667178213596344,-0.6534889936447144,-0.6073780655860901,-0.5130690336227417,-0.0578598827123642,0.19702497124671936,0.5480682849884033,0.6504243612289429,0.7894646525382996,0.32315343618392944,-0.252307653427124,-0.5750183463096619,-0.9489942789077759,-0.8473727107048035,-0.6615925431251526,-0.4584839642047882,-0.36468276381492615,-0.4364331066608429,-0.04682261496782303,0.14295318722724915,0.23046503961086273,0.07280508428812027,1.194307565689087,1.3170857429504395,1.339728593826294,1.290856122970581,-0.03735756874084473,-0.2835383415222168,0.318291574716568
0.7460500001907349,0.729975700378418,0.7201399803161621,0.5829063653945923,0.16714397072792053,0.2843922972679138,0.10910581052303314,-0.06040005385875702,-0.2178812026977539,0.525156557559967,0.880059540271759,0.5737769603729248,0.40244877338409424,0.3021024167537689,0.362939715385437,-0.17000341415405273,-0.24500712752342224,-0.044445883482694626,0.3700003921985626,0.49606838822364807,0.5580015778541565,0.7573089599609375,0.5200773477554321,-0.2832280695438385,-0.6524590253829956,-0.5919570326805115,-0.7300200462341309,-1.029213309288025,-0.9523919224739075,-0.6343114376068115,0.022435277700424194,0.2866755425930023,0.19749069213867188,-0.03490113839507103,0.6132186651229858,1.8190195560455322,1.8489934206008911,1.3722554445266724,0.9693461060523987,0.9224574565887451,0.21688053011894226,0.05785081163048744
0.6554896235466003,0.6652848720550537,0.6739152073860168,0.5846970677375793,0.3582996129989624,0.564258873462677,0.9146371483802795,0.7419492602348328,0.6411010026931763,1.0859863758087158,0.7737936973571777,0.7797572612762451,0.755859911441803,0.6886726021766663,1.071387529373169,0.3980609178543091,-0.11926314979791641,-0.09419623017311096,0.42323043942451477,0.4824226498603821,0.470335990190506,0.7235515117645264,0.7459839582443237,-0.18976522982120514,-0.4985591471195221,-0.2561328411102295,-0.24800264835357666,-0.8043867349624634,-1.1242834329605103,-0.28904223442077637,0.37183526158332825,0.2892407774925232,0.21203339099884033,-0.022744081914424896,0.831141471862793,1.6758081912994385,1.3556690216064453,0.45111557841300964,-0.5847445130348206,-0.4408336877822876,0.1799502968788147,0.06753451377153397
0.5402238965034485,0.567812979221344,0.6056636571884155,0.5834150314331055,0.6006953120231628,0.6999056935310364,0.8720837235450745,0.728695809841156,0.500821590423584,0.8006905913352966,0.6139063239097595,0.31501060724258423,-0.08565031737089157,-0.11404087394475937,0.38765451312065125,0.286118745803833,-0.27367329597473145,-0.27599847316741943,-0.0018711164593696594,0.3556413948535919,0.4527760148048401,0.6295211315155029,1.0473353862762451,0.16567395627498627,-0.4371705949306488,-0.21231713891029358,0.06712360680103302,-0.07180051505565643,-0.7958582639694214,-0.6308906674385071,-0.043180547654628754,-0.15264050662517548,-0.029969394207000732,0.017515260726213455,0.3671736717224121,0.31155553460121155,0.1740717589855194,-0.011565025895833969,-1.1831393241882324,-1.3390823602676392,-0.7480694651603699,0.1378006637096405
0.41469842195510864,0.4198547899723053,0.481550008058548,0.5193239450454712,0.5251802206039429,0.46192798018455505,0.516499936580658,0.4482260048389435,0.45455893874168396,0.6916543245315552,0.6905884146690369,0.2869994044303894,-0.3358336091041565,-0.600816011428833,0.21336959302425385,0.21201753616333008,0.11286477744579315,0.005581513978540897,0.04353674501180649,0.25236475467681885,0.34397321939468384,0.6773729920387268,0.9468300342559814,0.2960309386253357,-0.7834682464599609,-0.7983461022377014,-0.746445894241333,-0.39301636815071106,-0.1792963147163391,-0.5674248933792114,-0.2719215452671051,-0.1381281316280365,-0.09867803007364273,-0.04645673185586929,0.2718145251274109,0.04116252809762955,-0.08618323504924774,0.25326991081237793,-0.526383101940155,-1.0655860900878906,-0.9117203950881958,0.127824604511261
0.28353795409202576,0.28309527039527893,0.3489534258842468,0.4208884537220001,0.45352238416671753,0.4624606966972351,0.326781690120697,0.19206596910953522,0.04265986755490303,0.19704927504062653,0.4745136797428131,0.4346429109573364,0.3384953439235687,0.17793181538581848,0.2281285524368286,0.22291137278079987,0.12943270802497864,0.14449970424175262,0.27135372161865234,0.24379871785640717,0.3156118392944336,0.6507958173751831,0.7023249268531799,0.4352602958679199,-0.05688562989234924,-0.4374871253967285,-0.3774232566356659,0.25484907627105713,0.5842247605323792,0.23714332282543182,0.176261305809021,0.16323111951351166,0.017621949315071106,0.1659940481185913,0.8018726706504822,0.8305689096450806,-0.09799057990312576,-0.32929956912994385,-0.6404722929000854,-1.5667167901992798,-1.0787594318389893,-0.1362900584936142
0.15025176107883453,0.1813986450433731,0.2256646305322647,0.28501707315444946,0.31585681438446045,0.36506548523902893,0.13773304224014282,-0.08401747792959213,-0.04451083764433861,0.1811881959438324,0.45013919472694397,0.6963017582893372,0.985169529914856,0.880991518497467,0.0956626608967781,-0.03508739173412323,-0.219156414270401,-0.1039903536438942,-0.04389301687479019,0.15702717006206512,0.3849610686302185,0.4813605546951294,0.5874991416931152,0.7382485866546631,0.7941405177116394,0.6943291425704956,0.5056443214416504,0.8347596526145935,0.4487723708152771,0.13332390785217285,0.22584520280361176,-0.1375778764486313,-0.31090080738067627,-0.004740654490888119,0.5263568758964539,0.5009727478027344,-0.3471941351890564,-1.0391528606414795,-1.1061241626739502,-1.3006200790405273,-0.7968248128890991,-0.4479115903377533
0.01578511670231819,0.055533818900585175,0.10165025293827057,0.11065388470888138,0.02357642538845539,-0.04644060134887695,-0.18973034620285034,0.14117640256881714,0.5313466787338257,0.420581579208374,0.2772497236728668,0.6764701008796692,1.0117250680923462,0.7735798358917236,0.34167173504829407,0.11641570925712585,-0.024937298148870468,-0.14322993159294128,-0.3556448817253113,-0.22768311202526093,0.09442213177680969,0.36133772134780884,0.4971744418144226,0.7025888562202454,0.7022690176963806,0.6191686391830444,0.14022958278656006,-0.6807281374931335,-0.7286558747291565,0.1555551290512085,0.34838613867759705,-0.4099923372268677,-0.8542529940605164,-0.9238216280937195,-0.572974443435669,-0.08578178286552429,0.1210562214255333,0.011348158121109009,0.2881206274032593,0.724578857421875,0.7290768623352051,-0.029953697696328163
-0.11334438621997833,-0.07854299992322922,-0.01384769193828106,0.028096765279769897,-0.014128820970654488,-0.11473370343446732,-0.11124025285243988,0.33663085103034973,0.6113973259925842,0.5322194695472717,0.3296607434749603,0.42941969633102417,0.5400461554527283,0.4743185341358185,0.40870001912117004,0.29807248711586,0.11193075776100159,-0.20854654908180237,-0.5661100149154663,-0.42450302839279175,-0.012476637028157711,0.24634914100170135,0.28393277525901794,0.3745519518852234,0.5389213562011719,0.5007701516151428,0.24434831738471985,-1.3829926252365112,-1.2815932035446167,0.3413522243499756,0.3846684992313385,-0.401189923286438,-0.6518656015396118,-1.0787841081619263,-0.8889260292053223,-0.13741226494312286,0.4671120047569275,1.314810872077942,1.8946809768676758,1.4722126722335815,0.8690284490585327,0.19433756172657013
-0.23222017288208008,-0.20600850880146027,-0.12814733386039734,-0.012310915626585484,0.21635618805885315,0.3936600685119629,0.4822957217693329,0.44354817271232605,0.3589937686920166,0.493445485830307,0.503559410572052,0.4550210237503052,0.3205779492855072,0.32556620240211487,0.35383161902427673,0.1666685789823532,-0.11635015904903412,-0.4727478325366974,-0.4813969135284424,-0.13068115711212158,0.034400444477796555,0.11860030889511108,0.24043788015842438,0.24392500519752502,0.31902340054512024,0.6816875338554382,0.5918982625007629,-0.24466094374656677,-0.7783580422401428,-0.04590265452861786,-0.01904883235692978,-0.15541277825832367,0.20442618429660797,0.034588366746902466,-0.19038957357406616,0.17740367352962494,0.7780629992485046,1.4885770082473755,1.5383949279785156,0.9129481911659241,-0.028944367542862892,0.058320775628089905
-0.33607107400894165,-0.3126775622367859,-0.2358546257019043,-0.11474234610795975,0.13534727692604065,0.348382830619812,0.3977257311344147,0.2902485132217407,0.07392090559005737,0.1778138130903244,0.3044378161430359,0.2852768301963806,0.3335868716239929,0.3754851222038269,0.24915878474712372,0.007679884787648916,-0.3814300000667572,-0.6432151198387146,-0.4816325604915619,-0.40227463841438293,-0.3519645035266876,-0.014483875595033169,0.3178855776786804,0.35412153601646423,0.45217597484588623,0.5832510590553284,0.7386168837547302,0.8863087892532349,0.37378835678100586,0.23144876956939697,0.09578317403793335,0.14184726774692535,0.38580530881881714,0.6128113865852356,0.4680560827255249,0.3373630940914154,0.4816437065601349,0.3057945966720581,0.3001631498336792,0.48228538036346436,-0.13212010264396667,0.05369570106267929
-0.4188978374004364,-0.39824092388153076,-0.31587475538253784,-0.1743384301662445,0.08972682803869247,0.12625864148139954,0.1636797934770584,0.08749299496412277,0.013663938269019127,0.0752994492650032,0.12566208839416504,0.2205127626657486,0.2883813977241516,0.169613316655159,0.011749441735446453,-0.24196293950080872,-0.6332107782363892,-0.9580889344215393,-1.01762056350708,-1.0325061082839966,-0.7339759469032288,-0.12762920558452606,0.31192973256111145,0.49596184492111206,0.5555078387260437,0.5536138415336609,0.6982322335243225,0.9381554126739502,0.94558185338974,0.6588065028190613,0.5347211956977844,0.17653174698352814,-0.22183193266391754,0.4489060640335083,0.8068954944610596,0.3483925461769104,0.044433172792196274,-0.25796133279800415,-0.4809790849685669,-0.34084177017211914,-0.6034148931503296,-0.40869787335395813
-0.4526215195655823,-0.47790589928627014,-0.42891234159469604,-0.3826678991317749,-0.37656718492507935,-0.3067575991153717,-0.2653490900993347,-0.35710906982421875,-0.47675856947898865,-0.21081696450710297,0.2382061779499054,0.3245636522769928,0.17560605704784393,-0.06435275077819824,-0.25383439660072327,-0.4581930637359619,-0.7388706207275391,-1.0081214904785156,-1.126537561416626,-1.2616729736328125,-0.7093364596366882,-0.09614749252796173,0.3289729058742523,0.6091639995574951,0.5673207640647888,0.6417679190635681,0.6196215748786926,0.7689086198806763,0.8737619519233704,0.6611791253089905,0.8136175870895386,0.2728610336780548,-0.3505748510360718,0.6992126107215881,1.0658499002456665,1.012763261795044,0.42664581537246704,0.2751465141773224,-0.25684431195259094,-0.4869980812072754,-0.6174243092536926,-0.6684249043464661
