demo/sfcwind/1030-wind-surface-level-gfs-1.0.json
{"header": {"productDefinitionTemplate": 0, "surface1Type": 103, "productStatus": 0, "disciplineName": "Meteorological products", "subDivisions": 0, "winds": "true", "parameterNumberName": "V-component_of_wind", "discipline": 0, "surface2Value": 0, "significanceOfRTName": "Start of forecast", "surface2TypeName": "Missing", "surface2Type": 255, "productTypeName": "Forecast products", "dx": 0.024617210030555725, "dy": 0.01798853650689125, "numberPoints": 65160, "productStatusName": "Operational products", "gribEdition": 2, "parameterUnit": "m.s-1", "forecastTime": 0, "refTime": "2020-09-30T08:30:00.000Z", "productType": 1, "genProcessTypeName": "Forecast", "scanMode": 0, "genProcessType": 2, "gribLength": 11338.0, "significanceOfRT": 1, "productDefinitionTemplateName": "Analysis/forecast at horizontal level/layer at a point in time", "centerName": "WRF OUTPUT", "la1": 43.66691207885742, "la2": 42.426788330078125, "lo2": 13.70867919921875, "gridUnits": "degrees", "surface1Value": 10, "shapeName": "Earth spherical with radius of 6,371,229.0 m", "surface1TypeName": "Specified height level above ground", "nx": 70.0, "ny": 70.0, "lo1": 12.008544921875, "basicAngle": 0, "gridDefinitionTemplate": 0, "shape": 6, "parameterNumber": 3, "subcenter": 0, "parameterCategoryName": "Momentum", "parameterCategory": 2, "center": 0, "gridDefinitionTemplateName": "Latitude_Longitude", "resolution": 48}, "data":
[rows 19 to 37 of 70, columns 0 to 41 of 70]
1.3899770975112915,1.3472695350646973,1.337308406829834,1.1955410242080688,0.8189782500267029,0.40260669589042664,0.07989571988582611,-0.148278146982193,-0.49105051159858704,-0.5728380084037781,-0.2525760531425476,-0.4342553913593292,-0.4496798813343048,0.04155837744474411,0.4385984241962433,0.6710618138313293,0.6400253176689148,0.21758078038692474,0.11038929969072342,0.38110533356666565,-0.055461589246988297,-0.5745950937271118,-0.10024160146713257,0.3566700220108032,0.8576233386993408,1.073241114616394,1.2636549472808838,0.8480160236358643,0.1935659795999527,0.36013710498809814,0.49965032935142517,0.5877758264541626,1.0130236148834229,0.9071611762046814,-0.04639296233654022,-0.17445138096809387,-0.38783589005470276,0.10271735489368439,0.3570161461830139,0.13954325020313263,0.3288608193397522,0.620690643787384
1.4761866331100464,1.4219415187835693,1.4355087280273438,1.265053629875183,0.9101882576942444,0.28513815999031067,-0.058491311967372894,-0.0029227184131741524,0.06339988112449646,0.3350369334220886,0.2510058283805847,-0.24470096826553345,-0.34578534960746765,-0.353081077337265,-0.08179613947868347,0.32280927896499634,0.28899121284484863,0.26812055706977844,0.3437519073486328,0.5198688507080078,0.09550666809082031,-0.20944155752658844,-0.13209086656570435,-0.22865372896194458,-0.03140810504555702,0.547326922416687,0.9280188679695129,1.0205004215240479,0.3901838958263397,0.32126718759536743,0.30836567282676697,0.3480556905269623,0.44429874420166016,0.5651042461395264,0.2050519585609436,-0.15849211812019348,-0.8225449919700623,0.008784325793385506,0.6156505346298218,0.3546373248100281,0.24996577203273773,0.48385971784591675
1.4701584577560425,1.4554543495178223,1.4636924266815186,1.254754900932312,1.1221261024475098,0.7722817659378052,0.5252021551132202,0.3578697741031647,0.28969794511795044,-0.05570991709828377,-0.6166650652885437,-0.744540810585022,-0.7435925006866455,-0.6878730654716492,-0.589081346988678,-0.11153728514909744,0.21859820187091827,0.6872332096099854,0.6844449043273926,0.6506971120834351,0.7555968761444092,0.45981812477111816,-0.5106015205383301,-0.605021059513092,-0.4194348156452179,0.048369601368904114,0.5421980023384094,0.927215039730072,0.5819619297981262,-0.00044140106183476746,-0.07358052581548691,-0.025030963122844696,0.3786330819129944,0.3498092293739319,-0.6266965866088867,-1.411033034324646,-1.395616054534912,-0.49015262722969055,0.21740669012069702,0.2721434533596039,0.2712383568286896,0.3301739990711212
1.4361780881881714,1.4580702781677246,1.4647597074508667,1.2082990407943726,1.0992670059204102,0.8320817947387695,0.5635542273521423,-0.06882894784212112,-0.3085017800331116,-0.9452494978904724,-1.2783679962158203,-0.8230414390563965,-0.3505879044532776,-0.6505379676818848,-0.7601516842842102,-0.5017866492271423,0.305562824010849,0.8030974268913269,0.8141259551048279,1.0284931659698486,1.3064775466918945,0.9918789863586426,0.5118816494941711,0.228977233171463,0.3241063356399536,0.13929897546768188,0.150577574968338,0.35801732540130615,0.10643348097801208,-0.7858465909957886,-0.7535902261734009,0.07887595146894455,0.7252001762390137,0.9357882142066956,-0.34716325998306274,-1.3897753953933716,-1.3825546503067017,-0.7258589267730713,-0.3402472734451294,-0.13705389201641083,0.10244690626859665,0.15574480593204498
1.4107755422592163,1.4302103519439697,1.37882399559021,1.1261472702026367,0.8260484933853149,0.35834160447120667,-0.27492383122444153,-0.42661091685295105,-0.52972012758255,-0.8200829029083252,-0.4223765432834625,0.4786728024482727,0.7123851180076599,-0.056817974895238876,-0.37928202748298645,-0.25996944308280945,0.55399489402771,0.8353617787361145,0.971407413482666,1.1100947856903076,1.0072396993637085,1.231019377708435,1.4946342706680298,1.192305088043213,0.9261157512664795,0.29478660225868225,-0.06953893601894379,-0.24484622478485107,-0.5900853872299194,-0.8248394727706909,-0.6143155097961426,0.07994593679904938,0.4674835801124573,0.6483966708183289,-0.014820985496044159,-0.07667282223701477,-0.7895770072937012,-1.0360933542251587,-0.7106921076774597,-0.15423743426799774,-0.011031588539481163,0.22869780659675598
1.335045337677002,1.3455183506011963,1.304851770401001,1.1050833463668823,0.8651806712150574,0.43705102801322937,-0.08553913235664368,-0.3857194483280182,-0.41544589400291443,-0.16607996821403503,0.3409801721572876,0.3178180456161499,0.006994317285716534,-0.18229278922080994,-0.3169904053211212,-0.1450405865907669,0.2369762659072876,0.5468658804893494,0.7685111165046692,0.8540369272232056,1.009710431098938,1.0989227294921875,0.7767688632011414,0.3534373641014099,0.2597193419933319,-0.2608559727668762,-0.4108688235282898,-0.48640701174736023,-0.4102579653263092,-0.31060516834259033,-0.5264983177185059,-0.4725086987018585,-0.0982288122177124,0.10672574490308762,-0.1841730773448944,0.6657736897468567,0.13848933577537537,-0.30074793100357056,-0.5603940486907959,-1.0802974700927734,-0.218379944562912,0.3556740880012512
1.2278536558151245,1.2463370561599731,1.2223894596099854,1.133370280265808,1.055837631225586,0.7844823002815247,0.34941792488098145,-0.3338802456855774,-0.5391201972961426,0.025443077087402344,0.6947197914123535,0.11247064918279648,-0.12805724143981934,-0.27429404854774475,-0.6059246063232422,-0.5235337018966675,-0.3512265384197235,0.15908096730709076,0.39384469389915466,0.6898158192634583,0.7824649214744568,0.6772429943084717,0.6642024517059326,0.02471674419939518,-0.25810277462005615,-0.7288758158683777,-0.9309428930282593,-0.7555737495422363,-0.4034974277019501,-0.4107491374015808,-0.8025068044662476,-0.6221769452095032,-0.20296944677829742,0.07445071637630463,-0.014350831508636475,0.8503754734992981,1.2253555059432983,1.2788920402526855,1.0190166234970093,-0.7006324529647827,-0.5725776553153992,0.10646345466375351
1.1075313091278076,1.1307083368301392,1.155923843383789,1.0970981121063232,1.0092591047286987,1.0676683187484741,1.0755993127822876,0.8615948557853699,0.39611896872520447,0.841801643371582,1.1352529525756836,1.0672008991241455,1.1715315580368042,0.8215854167938232,0.46590033173561096,-0.1163601279258728,-0.180632546544075,0.1570410579442978,0.5205501914024353,0.5629852414131165,0.6138848662376404,0.6458826661109924,0.779001772403717,0.2006222903728485,-0.23071394860744476,-0.32199805974960327,-0.5872008800506592,-1.1791805028915405,-0.9824656844139099,-0.9057943224906921,-0.7346279621124268,-0.5128463506698608,-0.283196359872818,-0.020978305488824844,0.6801860332489014,1.7700406312942505,1.96482515335083,1.5829435586929321,1.2319024801254272,0.7742195129394531,-0.14450299739837646,-0.28229597210884094
0.9929603338241577,1.0294424295425415,1.0706030130386353,1.0505311489105225,1.0199192762374878,1.2083579301834106,1.6061242818832397,1.477709412574768,1.2261849641799927,1.6488239765167236,1.283083438873291,1.1821919679641724,1.1048625707626343,0.9618093371391296,1.2822809219360352,0.4491503834724426,-0.11388969421386719,-0.0017516271909698844,0.529938817024231,0.5377137064933777,0.5280395746231079,0.7423322796821594,0.8886541724205017,0.4578327238559723,-0.04604857414960861,-0.0888042151927948,-0.10624898970127106,-0.8691575527191162,-1.278803825378418,-0.9520691633224487,-0.17213380336761475,-0.2745394706726074,-0.33336466550827026,-0.09387600421905518,0.7923447489738464,1.5972288846969604,1.2888007164001465,0.4032345712184906,-0.6485423445701599,-0.20804636180400848,0.0801144391298294,-0.2597152888774872
0.8441967368125916,0.8757505416870117,0.9482436776161194,0.9522486925125122,0.8486010432243347,0.8135951161384583,1.0255690813064575,1.051086664199829,0.9950996041297913,1.420617938041687,1.2748327255249023,0.913101851940155,0.30051669478416443,0.05481911450624466,0.593268871307373,0.479244589805603,-0.17244857549667358,-0.302553653717041,-0.007969341240823269,0.3317737579345703,0.4856550991535187,0.6303220391273499,1.0404908657073975,0.8109819889068604,-0.11304650455713272,-0.16901148855686188,-0.03422316908836365,-0.09712479263544083,-0.8948184251785278,-1.0776796340942383,-0.30397894978523254,-0.5987968444824219,-0.5928452014923096,-0.2962038815021515,0.10760999470949173,0.1074565201997757,-0.0730607658624649,-0.389765202999115,-1.3524318933486938,-1.489999771118164,-0.7675584554672241,-0.0016243973514065146
0.6776091456413269,0.6803708076477051,0.758030891418457,0.8261874318122864,0.7349987030029297,0.7505404353141785,0.9479673504829407,0.9188598990440369,0.9704970121383667,1.2384697198867798,1.3383431434631348,0.9583678245544434,0.1364673227071762,-0.3743874132633209,0.3437701165676117,0.4702320396900177,0.29142650961875916,0.0945313349366188,0.11642465740442276,0.33410847187042236,0.3710000514984131,0.69106525182724,0.9936697483062744,0.6383602619171143,-0.6275526285171509,-0.8517791628837585,-0.826209545135498,-0.6045790314674377,-0.3188890814781189,-0.8648108243942261,-0.6302015781402588,-0.6153441071510315,-0.5460390448570251,-0.37341153621673584,-0.0817636176943779,-0.1554342657327652,-0.2183423936367035,-0.006089001893997192,-0.687218427658081,-1.1263550519943237,-0.8648742437362671,0.1792905032634735
0.5020555853843689,0.4977099597454071,0.5657541155815125,0.6576728224754333,0.6946340203285217,0.6973004937171936,0.5962702035903931,0.4997994899749756,0.4120253622531891,0.6673451066017151,0.9899901151657104,1.0219672918319702,0.7909525632858276,0.407595157623291,0.4509485363960266,0.42801138758659363,0.24915018677711487,0.2992768883705139,0.45447736978530884,0.4428755044937134,0.4311709702014923,0.7438026070594788,0.7113286256790161,0.4422457814216614,-0.13194209337234497,-0.7071525454521179,-0.7653576135635376,0.02985525131225586,0.5712735652923584,0.08230940997600555,-0.06301586329936981,-0.09183105081319809,-0.23182860016822815,-0.011200666427612305,0.5375638604164124,0.6165549159049988,-0.21384376287460327,-0.24281787872314453,-0.6333553194999695,-1.5878247022628784,-0.8842431306838989,0.041058093309402466
0.3226569592952728,0.3368196189403534,0.3816981613636017,0.44095927476882935,0.48917314410209656,0.2899132966995239,0.0774967297911644,0.172748401761055,0.5364586114883423,0.616474986076355,0.8659805655479431,1.226162314414978,1.4928674697875977,1.1242716312408447,0.4272599518299103,0.15672679245471954,-0.06041352450847626,-0.0026301194448024035,0.09585293382406235,0.29382380843162537,0.5048761367797852,0.5607285499572754,0.5211579203605652,0.6393656730651855,0.6845148801803589,0.6254668235778809,0.4488986134529114,0.9697715640068054,0.6207376718521118,0.14309653639793396,0.20273736119270325,-0.1908549666404724,-0.5145745277404785,-0.18983425199985504,0.3722279369831085,0.34461140632629395,-0.5213871002197266,-0.938076913356781,-0.926732063293457,-1.2965086698532104,-0.5860662460327148,-0.5183706283569336
0.13607162237167358,0.16162757575511932,0.18778389692306519,0.0652196928858757,-0.5036228895187378,-0.42398083209991455,-0.18188969790935516,0.4648631513118744,0.9141213893890381,0.7061458826065063,0.6451308131217957,1.0706497430801392,1.3038899898529053,1.0027152299880981,0.5844595432281494,0.3408646285533905,0.24825002253055573,0.08282052725553513,-0.17250525951385498,-0.10994809865951538,0.21509739756584167,0.4362945854663849,0.5440868735313416,0.7294590473175049,0.8516484498977661,1.0468472242355347,0.41248682141304016,-0.595862090587616,-0.8508009314537048,-0.1542866826057434,0.34344926476478577,-0.3446838855743408,-1.081421971321106,-1.121525526046753,-0.7270479202270508,-0.2723240852355957,0.1362733393907547,0.3948920667171478,0.7267798185348511,0.9873762726783752,0.7689317464828491,-0.4035707414150238
-0.04314196854829788,-0.00586664630100131,0.037559837102890015,-0.04184289649128914,-0.47510167956352234,-0.1280326098203659,0.08252384513616562,0.5334194898605347,0.7670007348060608,0.7882840633392334,0.6060517430305481,0.6558802723884583,0.6676717400550842,0.6349153518676758,0.5705196857452393,0.4646029472351074,0.3150196969509125,0.0029122766572982073,-0.40559348464012146,-0.30306243896484375,0.1067647635936737,0.3066682815551758,0.37992969155311584,0.435703307390213,0.667177677154541,0.8135300874710083,0.24183312058448792,-1.6246654987335205,-1.5452868938446045,0.17879734933376312,0.48766595125198364,-0.2959992289543152,-0.9043015241622925,-1.2894614934921265,-1.3428257703781128,-0.46263283491134644,0.6436361074447632,1.7549333572387695,2.1464483737945557,1.4019360542297363,0.7116743326187134,-0.189976766705513
-0.20360179245471954,-0.15584810078144073,-0.08694435656070709,0.05439614877104759,0.4074857831001282,0.6335404515266418,0.6456775665283203,0.4949069619178772,0.48483023047447205,0.59840989112854,0.6072308421134949,0.5751237869262695,0.4618653953075409,0.4365697205066681,0.4228875935077667,0.2641911804676056,0.05171586945652962,-0.3173421323299408,-0.35880401730537415,0.03296419978141785,0.0758671760559082,0.09528972208499908,0.2817913591861725,0.30767127871513367,0.3666101098060608,0.692787766456604,0.6393470764160156,-0.3760363757610321,-0.7335191369056702,0.11558602750301361,0.24774782359600067,0.014725004322826862,0.16456660628318787,-0.07554745674133301,-0.6516374349594116,-0.09023498743772507,0.8537494540214539,1.6181460618972778,1.556994915008545,0.5573814511299133,-0.2723231017589569,-0.4130728542804718
-0.34179583191871643,-0.29280707240104675,-0.22010454535484314,-0.06796754896640778,0.2519988417625427,0.3739164471626282,0.4474056661128998,0.31900930404663086,0.11228682845830917,0.2000378966331482,0.29748958349227905,0.34352704882621765,0.43574637174606323,0.4322512149810791,0.31386488676071167,0.13899214565753937,-0.1854396015405655,-0.45672810077667236,-0.3693386912345886,-0.3607941269874573,-0.46270403265953064,-0.13389748334884644,0.29142194986343384,0.3614468574523926,0.459028035402298,0.5430474281311035,0.7400422692298889,0.904747486114502,0.6763952374458313,0.7129307389259338,0.7556244134902954,0.6410132646560669,0.6415855884552002,0.6722230315208435,0.5002039670944214,0.4327639937400818,0.5857182741165161,0.35566556453704834,0.23520225286483765,0.19832879304885864,-0.3870926797389984,-0.33395275473594666
-0.4362955391407013,-0.41245827078819275,-0.32388877868652344,-0.15684807300567627,0.15713246166706085,0.17078295350074768,0.15670780837535858,0.045965466648340225,0.002527290489524603,0.1260102242231369,0.23272399604320526,0.3061507046222687,0.3076063394546509,0.17308145761489868,0.09309577941894531,-0.07853681594133377,-0.39832133054733276,-0.7941998839378357,-1.0287883281707764,-1.1423076391220093,-0.9942589998245239,-0.336175799369812,0.21579860150814056,0.5058444142341614,0.560218870639801,0.5209178328514099,0.5643987059593201,0.9661068916320801,1.2417718172073364,1.3944988250732422,1.4997475147247314,0.8990665674209595,0.038700003176927567,0.20577552914619446,0.7759066820144653,0.435146689414978,0.0037321667186915874,-0.41389933228492737,-0.703454315662384,-0.514609694480896,-0.8013739585876465,-0.6492319703102112
-0.466561883687973,-0.49836939573287964,-0.43830591440200806,-0.39912688732147217,-0.3971705734729767,-0.29916179180145264,-0.33110734820365906,-0.47636616230010986,-0.483885258436203,-0.009967389516532421,0.4426771104335785,0.4462246596813202,0.20676323771476746,-0.019536422565579414,-0.1343657225370407,-0.2347954511642456,-0.4618186354637146,-0.8399908542633057,-1.1491634845733643,-1.2795531749725342,-1.066198468208313,-0.41957834362983704,0.14944274723529816,0.5936802625656128,0.6133531332015991,0.5974336266517639,0.5150915384292603,0.7584104537963867,1.057591199874878,1.165195107460022,1.3764281272888184,0.6857045888900757,-0.2525828182697296,0.28370368480682373,0.8107008934020996,0.5760592222213745,0.08744178712368011,-0.07370230555534363,-0.683350145816803,-0.7680394649505615,-0.8045482039451599,-0.9250746965408325
