demo/sfcwind/1030-wind-surface-level-gfs-1.0.json
{"header": {"productDefinitionTemplate": 0, "surface1Type": 103, "productStatus": 0, "disciplineName": "Meteorological products", "subDivisions": 0, "winds": "true", "parameterNumberName": "V-component_of_wind", "discipline": 0, "surface2Value": 0, "significanceOfRTName": "Start of forecast", "surface2TypeName": "Missing", "surface2Type": 255, "productTypeName": "Forecast products", "dx": 0.024617210030555725, "dy": 0.01798853650689125, "numberPoints": 65160, "productStatusName": "Operational products", "gribEdition": 2, "parameterUnit": "m.s-1", "forecastTime": 0, "refTime": "2020-09-30T08:30:00.000Z", "productType": 1, "genProcessTypeName": "Forecast", "scanMode": 0, "genProcessType": 2, "gribLength": 11338.0, "significanceOfRT": 1, "productDefinitionTemplateName": "Analysis/forecast at horizontal level/layer at a point in time", "centerName": "WRF OUTPUT", "la1": 43.66691207885742, "la2": 42.426788330078125, "lo2": 13.70867919921875, "gridUnits": "degrees", "surface1Value": 10, "shapeName": "Earth spherical with radius of 6,371,229.0 m", "surface1TypeName": "Specified height level above ground", "nx": 70.0, "ny": 70.0, "lo1": 12.008544921875, "basicAngle": 0, "gridDefinitionTemplate": 0, "shape": 6, "parameterNumber": 3, "subcenter": 0, "parameterCategoryName": "Momentum", "parameterCategory": 2, "center": 0, "gridDefinitionTemplateName": "Latitude_Longitude", "resolution": 48}, "data":
[rows 0 to 18 of 70, columns 0 to 41 of 70]
1.3137507438659668,1.237446904182434,1.5141087770462036,1.3939656019210815,1.1497173309326172,1.036123514175415,1.0468945503234863,0.9002437591552734,0.6352963447570801,0.6442422866821289,0.2499920278787613,0.44984516501426697,0.6808373332023621,0.6533339619636536,0.5919197201728821,0.6533101201057434,0.6282552480697632,0.6711291074752808,0.3016154170036316,-0.10094495117664337,-0.3898151218891144,-0.3818081021308899,-0.22880373895168304,-0.1795215755701065,-0.14683502912521362,-0.10498210042715073,0.06145204231142998,0.16044944524765015,0.05494069680571556,-0.12208877503871918,-0.42301085591316223,-0.5795834064483643,-0.7472266554832458,-0.8970155715942383,-0.9249961376190186,-1.0400769710540771,-1.1079235076904297,-1.0639288425445557,-1.0579653978347778,-0.9662503004074097,-0.9047181606292725,-0.836026132106781
1.2813078165054321,1.1956387758255005,1.4783285856246948,1.3366397619247437,1.055991530418396,0.884949803352356,0.8324040174484253,0.691227912902832,0.3614196181297302,0.3722626566886902,0.030534528195858,0.35987618565559387,0.7049001455307007,0.7053008079528809,0.6614599823951721,0.7570850849151611,0.7488205432891846,0.840149462223053,0.4591462314128876,0.038375433534383774,-0.2814032733440399,-0.2637544572353363,-0.05681796371936798,0.014433251693844795,0.06923800706863403,0.1412292867898941,0.3345454931259155,0.45017606019973755,0.3267786502838135,0.12033390253782272,-0.2829698622226715,-0.4836949408054352,-0.6788030862808228,-0.8200341463088989,-0.8213350772857666,-0.8842751383781433,-0.9288128614425659,-0.8656393885612488,-0.8561559915542603,-0.790273904800415,-0.767886757850647,-0.728882908821106
1.268319010734558,1.315007209777832,1.337461233139038,1.2666140794754028,1.1896125078201294,1.125276803970337,1.017188310623169,0.9838200211524963,0.8533449172973633,0.8213385939598083,0.8579263091087341,0.9854625463485718,1.0729023218154907,0.9938268065452576,0.9002053141593933,0.8341445922851562,0.7892518043518066,0.7626523971557617,0.731309175491333,0.6614782214164734,0.6162602305412292,0.5538714528083801,0.5520873069763184,0.514224112033844,0.47475165128707886,0.5314913392066956,0.5353850722312927,0.5462278127670288,0.4508759081363678,0.26657116413116455,-0.154113307595253,-0.42425769567489624,-0.6380822062492371,-0.7353918552398682,-0.7614936232566833,-0.7722216844558716,-0.7667403221130371,-0.7439029812812805,-0.732511043548584,-0.7387235164642334,-0.7032515406608582,-0.6869765520095825
1.313260555267334,1.2763702869415283,1.2595295906066895,1.1502021551132202,0.92011958360672,0.8287316560745239,0.8630331754684448,0.8093836307525635,0.7154816389083862,0.6667402982711792,0.6844643950462341,0.7548491358757019,0.865362286567688,0.7827786803245544,0.8316120505332947,0.8448667526245117,0.7595294713973999,0.7991103529930115,0.9203970432281494,1.0266337394714355,1.1840507984161377,0.9355511665344238,0.7004683017730713,0.25102168321609497,-0.2546250522136688,-0.3566592335700989,-0.11445986479520798,0.12133082002401352,0.07977629452943802,-0.07867392897605896,-0.5059197545051575,-0.7643325328826904,-0.871004581451416,-0.8405240178108215,-0.7469700574874878,-0.7265188097953796,-0.7259184718132019,-0.6901803016662598,-0.7401726841926575,-0.8278986811637878,-0.999487042427063,-1.1737109422683716
1.2511231899261475,1.1797140836715698,1.1806427240371704,1.087148666381836,0.7329036593437195,0.7647223472595215,0.8864720463752747,1.0206866264343262,1.1606409549713135,1.0283044576644897,0.8920961618423462,0.9114183783531189,0.9525265097618103,0.7634153962135315,0.786472499370575,0.5978758931159973,0.8347657322883606,1.021052598953247,1.2226479053497314,1.4465150833129883,1.5298435688018799,1.1278902292251587,0.8086763024330139,0.3396395146846771,0.3236274719238281,0.34952473640441895,0.5341927409172058,0.8973006010055542,0.7944293022155762,0.39131101965904236,-0.11317026615142822,-0.6921911835670471,-0.9128092527389526,-0.8654443621635437,-0.6941936016082764,-0.5245546102523804,-0.4059904217720032,-0.2771991789340973,-0.31367725133895874,-0.43886294960975647,-0.6759735941886902,-0.9237506985664368
1.0785874128341675,0.9917645454406738,0.9859023690223694,0.9080025553703308,0.4845464825630188,0.6299613118171692,1.1565951108932495,1.1277772188186646,1.2524877786636353,1.279455542564392,1.3664613962173462,1.340606927871704,1.2794233560562134,1.0257186889648438,0.8734511733055115,0.9709984064102173,1.5893425941467285,1.5386639833450317,1.5177950859069824,1.5317047834396362,1.597582221031189,1.2234573364257812,1.0087146759033203,1.0780348777770996,1.8288772106170654,1.8800667524337769,1.8330886363983154,1.9330123662948608,1.5966274738311768,0.9104518890380859,0.36521950364112854,-0.24763084948062897,-0.6209797263145447,-0.4028046727180481,-0.07922304421663284,0.031064851209521294,0.08641975373029709,0.12459167093038559,0.11650579422712326,0.017755502834916115,-0.18480990827083588,-0.3312748074531555
0.8253024220466614,0.7262092232704163,0.7304906845092773,0.6671322584152222,0.296320378780365,0.48259785771369934,0.8937315344810486,1.0943241119384766,0.8698626160621643,0.7501246929168701,1.0679339170455933,1.340578556060791,1.2856210470199585,1.1634573936462402,1.1437652111053467,1.5526665449142456,1.7682340145111084,1.5614573955535889,1.4447228908538818,1.5267949104309082,1.6512787342071533,1.832427978515625,2.01881742477417,2.2990286350250244,2.360441207885742,1.8489958047866821,1.74732506275177,1.5677303075790405,1.1762733459472656,0.7430276274681091,0.4528578519821167,0.19462266564369202,0.0657157450914383,0.16229701042175293,0.24711669981479645,0.23786526918411255,0.30424511432647705,0.25880002975463867,0.03186184540390968,-0.19860051572322845,-0.46945780515670776,-0.6424115896224976
0.42735007405281067,0.3419581651687622,0.3670696020126343,0.3605773150920868,0.16424421966075897,0.5291562676429749,0.6364544630050659,0.9344894289970398,1.1287815570831299,0.7256672382354736,0.9283760786056519,1.2641111612319946,1.1445080041885376,1.1636576652526855,1.3887648582458496,1.5070956945419312,1.4308011531829834,1.37407386302948,1.463749885559082,1.8195276260375977,1.8447246551513672,2.2750039100646973,2.7941713333129883,2.8327813148498535,2.542630195617676,2.046262264251709,2.078376293182373,1.6265710592269897,1.050394892692566,0.9393126368522644,0.5614982843399048,-0.08519302308559418,-0.29856422543525696,-0.21694670617580414,-0.055617403239011765,0.3516598045825958,0.6670511960983276,0.34356436133384705,-0.26547500491142273,-0.6236035227775574,-0.599615216255188,-0.5587690472602844
0.05533822625875473,-0.036866217851638794,0.02324439026415348,0.0489816814661026,-0.09596526622772217,0.32880255579948425,0.5574195981025696,0.5795157551765442,0.7658342719078064,0.7257816791534424,0.7590280771255493,0.7374244928359985,0.6934716701507568,1.077102780342102,1.3282402753829956,1.4756602048873901,1.539246916770935,1.5077461004257202,1.7404870986938477,1.9149471521377563,1.8383665084838867,1.6755658388137817,1.8974008560180664,1.7090580463409424,2.0577750205993652,2.4374208450317383,2.65881085395813,1.4565221071243286,0.18721814453601837,-0.23077130317687988,-0.4386596977710724,-0.718047022819519,-0.7938298583030701,-0.8037254214286804,-0.4850776195526123,0.6334404945373535,0.9026528000831604,0.44419896602630615,-0.012920723296701908,-0.24173684418201447,-0.3135557174682617,-0.4238196313381195
-0.15976019203662872,-0.23175671696662903,-0.20334020256996155,-0.17436765134334564,-0.16448602080345154,0.07575073838233948,0.057645294815301895,0.2846149206161499,0.38285595178604126,0.584078848361969,0.7106142640113831,0.4329990744590759,0.2762579321861267,0.875626266002655,1.1539076566696167,1.2983299493789673,1.3396766185760498,1.6276582479476929,1.8235794305801392,1.6731067895889282,1.5156265497207642,1.3959769010543823,0.7744942903518677,0.40765732526779175,1.6153790950775146,2.5027496814727783,2.9593234062194824,1.2848601341247559,-0.8582951426506042,-0.5889599323272705,-0.8831297159194946,0.04608898237347603,0.44039392471313477,0.3598267436027527,0.2687316834926605,0.9689981341362,1.064610481262207,1.1315802335739136,1.03071129322052,0.34182533621788025,-0.6685725450515747,-0.7911755442619324
-0.2488769143819809,-0.29331836104393005,-0.27931496500968933,-0.2736778259277344,-0.28407374024391174,-0.1288129985332489,-0.2050798237323761,-0.1059095710515976,0.006175240967422724,0.21055717766284943,0.4926004111766815,0.11904527246952057,0.09494975209236145,0.4553319215774536,0.6581829786300659,0.6635153889656067,0.9484395384788513,1.5866448879241943,1.865539312362671,1.503951072692871,1.2276524305343628,1.4155960083007812,1.1060495376586914,0.2685853838920593,0.6507472991943359,1.1738959550857544,2.1274478435516357,2.0663957595825195,-0.6543986797332764,-0.9152635335922241,-0.6495649814605713,0.04811929166316986,0.44761401414871216,1.2509119510650635,1.254206895828247,1.2650429010391235,1.4155676364898682,1.6007084846496582,1.4745172262191772,0.6419421434402466,-0.7540572881698608,-1.3556278944015503
-0.24927090108394623,-0.2517554759979248,-0.22019505500793457,-0.1872752606868744,-0.09906593710184097,-0.26112887263298035,-0.5207535624504089,-0.5611146688461304,-0.7554979920387268,-0.5280492901802063,-0.2626284658908844,-0.08226577192544937,0.22827990353107452,0.2571914792060852,0.22654037177562714,0.6367360353469849,1.1832796335220337,1.5532749891281128,1.6950849294662476,1.3993723392486572,1.2838078737258911,1.6337660551071167,1.728896141052246,1.2431782484054565,-0.1450338512659073,0.10820349305868149,1.238863468170166,1.9290692806243896,0.8509565591812134,-1.1420416831970215,-0.9494145512580872,-1.1612982749938965,-0.6282662749290466,0.8949512243270874,1.00912606716156,1.2970168590545654,1.7266573905944824,1.7009148597717285,1.6251989603042603,1.181456446647644,0.2151155322790146,-0.787110447883606
-0.20596961677074432,-0.1732332557439804,-0.16171936690807343,-0.13091306388378143,-0.19279184937477112,-0.5404887199401855,-0.46993377804756165,-0.5587084889411926,-0.5421984195709229,-0.5221908092498779,-0.4432571828365326,-0.09111575037240982,0.036006808280944824,-0.02591034397482872,0.32204028964042664,1.2277287244796753,1.546849250793457,1.476995825767517,1.3325306177139282,1.4518346786499023,1.500739574432373,1.8246244192123413,1.6228764057159424,1.5279138088226318,0.8445143103599548,0.019457750022411346,0.40320029854774475,0.6882375478744507,1.0708242654800415,0.8099461793899536,0.7155332565307617,0.5087190866470337,0.38586893677711487,1.0392957925796509,1.0250487327575684,0.9451181292533875,1.4971485137939453,1.8184409141540527,1.724307894706726,1.2244820594787598,0.7060443162918091,0.47277361154556274
-0.08322126418352127,-0.011497830040752888,-0.023815404623746872,0.02715430222451687,0.1501224786043167,-0.13390962779521942,0.0916636660695076,0.48055315017700195,0.493793785572052,0.20290765166282654,-0.12771020829677582,-0.11091765016317368,0.07777604460716248,0.5897432565689087,1.155584454536438,1.565173864364624,1.4542323350906372,1.181822657585144,1.2246137857437134,1.493482232093811,1.5957585573196411,1.529482126235962,1.36946702003479,1.1673274040222168,1.2927619218826294,0.4237281084060669,0.637898325920105,0.7818425297737122,0.7656039595603943,1.4571257829666138,1.7350356578826904,1.6354577541351318,1.683477759361267,1.6391644477844238,1.634801983833313,0.8353314995765686,0.8076209425926208,1.6263844966888428,1.5437572002410889,0.9584149718284607,1.0555636882781982,1.042938470840454
0.09786799550056458,0.20868061482906342,0.17678211629390717,0.21964122354984283,0.4532587230205536,0.39278754591941833,0.6102401614189148,0.6658852696418762,0.6945911645889282,0.39009028673171997,0.14698398113250732,0.24044321477413177,0.6481882333755493,1.223771333694458,1.3115915060043335,1.2773441076278687,1.0848987102508545,0.9889883995056152,1.3260548114776611,1.491842269897461,1.4670066833496094,1.3553316593170166,1.042423963546753,1.1321128606796265,0.9316041469573975,1.0536288022994995,1.581763744354248,1.5747720003128052,1.4450863599777222,1.0436409711837769,0.23915299773216248,0.1710994839668274,0.7890992760658264,1.3589141368865967,1.8634525537490845,1.3891010284423828,0.9026278257369995,1.6300867795944214,1.2641130685806274,0.8957198262214661,1.259939432144165,0.6167125701904297
0.32424288988113403,0.4522787630558014,0.4139944911003113,0.4129948616027832,0.5412579774856567,0.3390352129936218,0.5229244828224182,0.45848822593688965,0.3357878625392914,0.07642395049333572,0.04702277481555939,0.28753048181533813,0.6877807378768921,0.8484280705451965,0.9904299378395081,0.8795253038406372,0.5427822470664978,0.6264916062355042,1.178894281387329,1.2193655967712402,1.2690614461898804,1.2373390197753906,1.2425450086593628,1.2791787385940552,1.1827527284622192,1.275611400604248,1.7222375869750977,1.602323055267334,1.5544058084487915,1.7135542631149292,0.1426144689321518,-0.6419391632080078,0.12395739555358887,0.9157088398933411,1.4611010551452637,1.598768949508667,1.462565541267395,1.9079763889312744,1.3852473497390747,1.4723654985427856,1.6583398580551147,0.5201675891876221
0.5792012214660645,0.6604664921760559,0.6517857909202576,0.6196045279502869,0.6113132238388062,0.356458842754364,0.31182295083999634,0.32422924041748047,0.30608877539634705,0.18100100755691528,0.159665048122406,0.4008913040161133,0.5252332091331482,0.646525502204895,0.9757320284843445,0.6104811429977417,0.06873802095651627,0.6233018636703491,1.2301360368728638,0.6969886422157288,0.5452601313591003,1.1192207336425781,1.5952954292297363,1.3767712116241455,1.2814350128173828,1.3071850538253784,1.3302006721496582,1.1789052486419678,1.3744549751281738,1.5498669147491455,1.080315113067627,-0.7644835114479065,0.04681113734841347,0.8513996601104736,0.918082058429718,1.222238302230835,1.3524552583694458,1.6270757913589478,1.5781058073043823,1.5609970092773438,1.7415720224380493,1.316251277923584
0.8957602381706238,0.9177462458610535,0.9224000573158264,0.8285481929779053,0.6425902247428894,0.40494459867477417,0.35506731271743774,0.01840822771191597,-0.1901785284280777,-0.16985481977462769,-0.40618300437927246,-0.21005934476852417,0.2657648026943207,0.4511829912662506,0.6169373989105225,0.6330533027648926,0.8664807677268982,1.3341282606124878,1.1010609865188599,0.13507649302482605,-0.14688847959041595,0.7276608347892761,1.18149733543396,1.135129690170288,1.0616002082824707,1.1980743408203125,0.9221022129058838,0.7998086810112,0.9781634211540222,1.0240808725357056,1.4177443981170654,0.6751296520233154,-0.03632252663373947,0.06655258685350418,0.2946290969848633,0.4084585905075073,0.6874092221260071,1.0084471702575684,1.4127904176712036,1.2552086114883423,1.1448231935501099,1.308180809020996
1.1947760581970215,1.1786247491836548,1.1764235496520996,1.0482951402664185,0.8997164368629456,0.5540353655815125,0.2723581790924072,-0.062068015336990356,-0.5174449682235718,-0.8388538956642151,-0.9981248378753662,-0.7078576683998108,-0.2859574854373932,0.2888692617416382,0.49053341150283813,0.7097391486167908,1.3310025930404663,1.1146149635314941,0.44605186581611633,0.01335403323173523,-0.4193510413169861,-0.08745554834604263,0.4269852042198181,0.9075074195861816,1.1494097709655762,1.1983935832977295,1.0739004611968994,0.5980746150016785,0.3849817216396332,0.8224522471427917,1.0919946432113647,1.342099905014038,0.8399431705474854,0.13150939345359802,-0.5781012773513794,-0.6099621653556824,-0.15897028148174286,0.2684076726436615,0.5732877850532532,0.6585349440574646,0.774881899356842,0.8448764085769653
