demo/sfcwind/1030-wind-surface-level-gfs-1.0.json
{"header": {"productDefinitionTemplate": 0, "surface1Type": 103, "productStatus": 0, "disciplineName": "Meteorological products", "subDivisions": 0, "winds": "true", "parameterNumberName": "U-component_of_wind", "discipline": 0, "surface2Value": 0, "significanceOfRTName": "Start of forecast", "surface2TypeName": "Missing", "surface2Type": 255, "productTypeName": "Forecast products", "dx": 0.024617210030555725, "dy": 0.01798853650689125, "numberPoints": 65160, "productStatusName": "Operational products", "gribEdition": 2, "parameterUnit": "m.s-1", "forecastTime": 0, "refTime": "2020-09-30T08:30:00.000Z", "productType": 1, "genProcessTypeName": "Forecast", "scanMode": 0, "genProcessType": 2, "gribLength": 11338.0, "significanceOfRT": 1, "productDefinitionTemplateName": "Analysis/forecast at horizontal level/layer at a point in time", "centerName": "WRF OUTPUT", "la1": 43.66691207885742, "la2": 42.426788330078125, "lo2": 13.70867919921875, "gridUnits": "degrees", "surface1Value": 10, "shapeName": "Earth spherical with radius of 6,371,229.0 m", "surface1TypeName": "Specified height level above ground", "nx": 70.0, "ny": 70.0, "lo1": 12.008544921875, "basicAngle": 0, "gridDefinitionTemplate": 0, "shape": 6, "parameterNumber": 2, "subcenter": 0, "parameterCategoryName": "Momentum", "parameterCategory": 2, "center": 0, "gridDefinitionTemplateName": "Latitude_Longitude", "resolution": 48}, "data":
[rows 0 to 18 of 70, columns 0 to 41 of 70]
0.34074458479881287,0.5693016052246094,0.916412353515625,1.2575136423110962,1.4700952768325806,1.6022727489471436,1.6075791120529175,1.5249963998794556,1.3271889686584473,1.0878782272338867,0.8431780934333801,0.6038017868995667,0.36127403378486633,0.16858482360839844,0.041890986263751984,-0.010557608678936958,-0.007841501384973526,0.06962312012910843,0.18728290498256683,0.28681567311286926,0.3862154483795166,0.48433980345726013,0.5875619649887085,0.6864123344421387,0.7727752327919006,0.829969584941864,0.8516201376914978,0.8683606386184692,0.8949485421180725,0.8935660123825073,0.8905825018882751,0.9262968897819519,0.870514988899231,0.7442657947540283,0.6683229804039001,0.6304445862770081,0.6062222719192505,0.6094639897346497,0.6203157901763916,0.5944151878356934,0.5565630197525024,0.5057046413421631
0.7046926617622375,1.0431760549545288,0.920211911201477,1.1640911102294922,1.3726069927215576,1.4952142238616943,1.5013214349746704,1.4404054880142212,1.34795081615448,1.2094452381134033,1.1272073984146118,1.028146743774414,0.842507541179657,0.6512351632118225,0.542905330657959,0.5232504606246948,0.5133069157600403,0.5238038897514343,0.5653051137924194,0.6216424703598022,0.670213520526886,0.7047733068466187,0.7428411841392517,0.7755929231643677,0.7968595027923584,0.8303762078285217,0.8640391230583191,0.8878125548362732,0.8964375257492065,0.894233763217926,0.8903950452804565,0.8761447668075562,0.7529256939888,0.6205756664276123,0.525521993637085,0.47142842411994934,0.4489426016807556,0.45627960562705994,0.4706316590309143,0.4483529329299927,0.4308343529701233,0.42645132541656494
0.6243054270744324,1.008267879486084,0.8844687342643738,1.1277689933776855,1.3685810565948486,1.4730916023254395,1.497145652770996,1.4334938526153564,1.3621745109558105,1.263269305229187,1.2175426483154297,1.1710470914840698,1.0827231407165527,0.9703308343887329,0.9047468900680542,0.8738514184951782,0.8663634061813354,0.8539094924926758,0.8890740275382996,0.9226133823394775,0.943026602268219,0.9366587996482849,0.9361022710800171,0.9237593412399292,0.8859609961509705,0.867250382900238,0.8657982349395752,0.8854191303253174,0.8964025378227234,0.9240286946296692,0.8874527215957642,0.781183660030365,0.599888026714325,0.4296520948410034,0.3177587687969208,0.2636975944042206,0.25569674372673035,0.28787699341773987,0.3402259647846222,0.35390812158584595,0.36230120062828064,0.3851122558116913
0.6187306642532349,0.9817500710487366,0.7098978161811829,0.8897593021392822,1.0636820793151855,1.1223113536834717,1.1450034379959106,1.189191222190857,1.2054548263549805,1.2061530351638794,1.2289565801620483,1.2727959156036377,1.306700587272644,1.2854734659194946,1.2621341943740845,1.2665032148361206,1.2487125396728516,1.2699906826019287,1.2854474782943726,1.3558869361877441,1.3862297534942627,1.377772331237793,1.3363711833953857,1.2487801313400269,1.069192886352539,0.9178894758224487,0.8644474744796753,0.8870428800582886,0.9314536452293396,0.9647535681724548,0.9034644961357117,0.7205613851547241,0.4861563742160797,0.29464972019195557,0.17933382093906403,0.12421213835477829,0.1306847482919693,0.19354088604450226,0.2872547209262848,0.32992881536483765,0.3600674271583557,0.39691004157066345
0.45636749267578125,0.7794550061225891,0.5225324034690857,0.7005748152732849,0.7312638163566589,0.5416870713233948,0.6156705617904663,0.8165401220321655,0.9408039450645447,1.0327974557876587,1.1123311519622803,1.2578133344650269,1.4518436193466187,1.6924937963485718,1.9279186725616455,1.948498010635376,1.8346669673919678,1.7911375761032104,1.7391564846038818,1.9449313879013062,2.167668342590332,2.2646515369415283,2.390019655227661,2.1043756008148193,1.3290287256240845,0.9293825030326843,0.9357925057411194,1.1876507997512817,1.484278678894043,1.7951422929763794,1.9323103427886963,1.652544379234314,1.2481027841567993,0.9707642197608948,0.7842947244644165,0.6332104802131653,0.5392372608184814,0.5665227174758911,0.6818668246269226,0.7153785824775696,0.7263138294219971,0.7046979069709778
0.4880068302154541,0.6821090579032898,0.21057792007923126,0.6324954032897949,0.6369493007659912,0.40989187359809875,0.495021790266037,0.5452210307121277,0.8716021180152893,1.0540329217910767,1.144562005996704,1.322128415107727,1.558790683746338,1.7304351329803467,1.6730659008026123,1.662410020828247,1.714213490486145,1.5941734313964844,1.476237177848816,1.5750800371170044,1.8760359287261963,2.0903170108795166,1.7752288579940796,1.3258860111236572,1.2990541458129883,1.4079248905181885,1.371811866760254,1.8065787553787231,2.3344171047210693,2.3069992065429688,2.178161859512329,1.8796252012252808,1.1704721450805664,0.5889629125595093,0.27060896158218384,0.2712979018688202,0.34211063385009766,0.5117939114570618,0.7558639049530029,0.8655798435211182,0.9022517204284668,0.9123919010162354
0.16015051305294037,0.27273526787757874,-0.028109148144721985,0.4333162307739258,0.53758704662323,-0.030318284407258034,0.0821174904704094,0.42212578654289246,0.4457530677318573,0.636526346206665,0.9619154334068298,1.0634829998016357,1.2805155515670776,1.5601590871810913,1.5776325464248657,1.6392052173614502,1.699588418006897,1.6453051567077637,1.5763695240020752,1.6841238737106323,2.0078976154327393,1.8819234371185303,1.5149273872375488,1.2855852842330933,1.362682819366455,1.4523701667785645,1.561650037765503,2.0368974208831787,2.2011899948120117,1.7898342609405518,1.2443751096725464,0.4918868839740753,-0.3156353533267975,-0.5691655278205872,-0.2021111398935318,0.16766990721225739,0.31204256415367126,0.5372512936592102,0.785523533821106,0.9576690793037415,0.934466540813446,0.8223890066146851
-0.028661346063017845,-0.008977273479104042,-0.3167720139026642,0.1808854043483734,0.040036946535110474,-0.293399840593338,-0.12614737451076508,0.03567669913172722,0.3604564666748047,0.5044342279434204,0.7773066759109497,0.864598274230957,1.0883508920669556,1.3072360754013062,1.4615641832351685,1.4228264093399048,1.4325754642486572,1.4323112964630127,1.4923615455627441,1.5755983591079712,1.410832405090332,1.3571367263793945,1.525396466255188,1.3961031436920166,1.669031023979187,1.7273184061050415,1.6467477083206177,1.7019413709640503,0.7574189305305481,-0.25990229845046997,-0.5141240954399109,-0.8473547101020813,-1.018208384513855,-0.8251369595527649,-0.4969501793384552,-0.1626189798116684,0.2558582127094269,0.7540254592895508,0.925781786441803,0.8301961421966553,0.5004516243934631,0.23280483484268188
-0.5668466091156006,-0.6827998757362366,-0.592742919921875,-0.1266746073961258,-0.34399232268333435,-0.521997332572937,-0.12834371626377106,-0.22296789288520813,-0.021288249641656876,0.3081786334514618,0.4737597703933716,0.44633200764656067,0.6728169918060303,1.1909536123275757,1.3436747789382935,1.382711410522461,1.537648320198059,1.5077807903289795,1.3958613872528076,1.5023006200790405,1.2998813390731812,1.2501147985458374,0.9698577523231506,0.7200804352760315,1.2941136360168457,1.4445594549179077,1.7177414894104004,1.3560880422592163,-0.45462891459465027,-1.220064640045166,-0.93881756067276,-1.1995645761489868,-1.3490376472473145,-1.206115961074829,-0.9675083160400391,-0.4742186367511749,0.37500855326652527,0.852502167224884,0.45858946442604065,-0.28850242495536804,-0.7006374001502991,-0.3753903806209564
-0.9591369032859802,-1.168236494064331,-0.814339280128479,-0.4201480746269226,-0.6627140045166016,-0.6392828226089478,-0.23304753005504608,-0.2810826301574707,-0.2515738308429718,0.17521153390407562,0.630439043045044,0.5826526880264282,0.7986024022102356,1.1896958351135254,1.2568771839141846,1.4834309816360474,1.8051388263702393,1.4299535751342773,1.2356733083724976,1.481216311454773,1.3576312065124512,1.4320018291473389,0.7058143615722656,-0.2448769360780716,0.036603301763534546,0.5917633771896362,1.769446849822998,1.3398946523666382,-0.7728853821754456,-1.4112738370895386,-1.4124441146850586,-1.551737904548645,-1.1062060594558716,-0.6277611255645752,-0.7998193502426147,-0.7107954621315002,0.23765692114830017,0.6438082456588745,0.39018669724464417,-0.2932445704936981,-0.7603763341903687,-0.35715726017951965
-1.4016181230545044,-1.5564231872558594,-1.0054817199707031,-1.0169029235839844,-1.0045735836029053,-0.5365649461746216,-0.30157607793807983,-0.41046810150146484,-0.4256734251976013,-0.12178920954465866,0.3279378414154053,0.8437145948410034,1.0196053981781006,0.9709187746047974,1.2488168478012085,1.680233120918274,1.4295895099639893,0.7365216016769409,1.1405186653137207,1.4577093124389648,1.3092166185379028,1.7053899765014648,1.4160689115524292,-0.47659608721733093,-1.3612961769104004,-0.39468517899513245,1.2023522853851318,1.4409829378128052,-0.6765507459640503,-1.456961750984192,-1.4631284475326538,-1.6835334300994873,-1.0975315570831299,-0.6530184149742126,-0.47480857372283936,-0.4737391471862793,-0.13518598675727844,0.29414892196655273,0.7307014465332031,0.35694393515586853,-0.40888968110084534,-0.19677764177322388
-1.5164755582809448,-1.7175660133361816,-1.1026477813720703,-1.0997339487075806,-1.0078344345092773,-0.4919351637363434,-0.2499191015958786,-0.16320767998695374,-0.29343241453170776,-0.4449602961540222,0.36372819542884827,1.1443827152252197,1.1382864713668823,1.065056324005127,1.365968108177185,1.5623176097869873,0.9059044122695923,0.5236731171607971,1.219338059425354,1.4994380474090576,1.4103505611419678,1.3388876914978027,1.6448919773101807,0.5341616868972778,-1.2498902082443237,-1.0204745531082153,-0.05773136019706726,1.4197826385498047,1.1293318271636963,-0.8836979866027832,-1.4219125509262085,-1.2110815048217773,-1.5745755434036255,-1.4718559980392456,-0.8034622669219971,-0.7225896716117859,-0.5603154897689819,0.07618331164121628,0.46524491906166077,0.6194404363632202,0.30049315094947815,-0.2354484647512436
-1.5275638103485107,-1.7470107078552246,-1.1098030805587769,-1.1976817846298218,-1.0563689470291138,-0.45451247692108154,-0.14075088500976562,0.09163429588079453,-0.35444551706314087,-0.9916384816169739,-0.07642461359500885,1.1347028017044067,1.3301516771316528,1.2554690837860107,1.3858274221420288,1.0545012950897217,0.7663153409957886,0.9716206789016724,1.0161850452423096,1.1670382022857666,1.2044304609298706,1.3304531574249268,1.2979774475097656,1.5021872520446777,0.4589022397994995,-1.0838079452514648,-0.48423466086387634,0.6398588418960571,1.963550090789795,1.5136590003967285,0.3761967420578003,1.118466854095459,-0.4612482786178589,-2.0188183784484863,-0.9651309847831726,-1.0189006328582764,-1.0247249603271484,-0.30821770429611206,0.2323991358280182,0.8364866375923157,0.837094783782959,0.13033469021320343
-1.3694418668746948,-1.597725749015808,-1.029157042503357,-1.1421363353729248,-0.9953852891921997,-0.7054383158683777,-0.36168673634529114,-0.13540557026863098,-0.7878206372261047,-1.1850175857543945,-0.15431834757328033,1.1284370422363281,1.2615203857421875,1.0728429555892944,0.6318085193634033,0.29574766755104065,0.9033263325691223,1.2712055444717407,0.8066664338111877,0.6626647114753723,1.0157279968261719,1.3062100410461426,1.6916438341140747,1.4067493677139282,1.1819459199905396,0.4814533591270447,-0.2378910928964615,0.6124744415283203,1.585892677307129,2.1562650203704834,2.291656255722046,3.046945333480835,1.9677097797393799,-0.8273859620094299,-0.7402493357658386,-0.47676822543144226,-1.2189151048660278,-0.7582562565803528,0.4238802194595337,1.093400478363037,1.1581259965896606,1.140021800994873
-0.9122927188873291,-1.1501102447509766,-0.8563793897628784,-1.0661191940307617,-1.028550148010254,-0.6848239898681641,-0.5487315654754639,-0.6198535561561584,-0.8299539685249329,-0.8255597352981567,0.005330387968569994,1.101556658744812,0.9920598268508911,0.8058615922927856,0.5033947229385376,0.21909740567207336,1.0441703796386719,1.3791934251785278,0.5469288229942322,0.1591784656047821,0.8712223172187805,1.6492211818695068,1.6446689367294312,0.9641518592834473,1.2026089429855347,1.0348546504974365,-0.06079291179776192,0.2260863184928894,1.4185137748718262,2.2571940422058105,2.5808539390563965,2.8126659393310547,1.4397934675216675,-0.5848737359046936,-0.5011066794395447,0.21127639710903168,-0.39489686489105225,-0.6715755462646484,0.7092863917350769,1.0719058513641357,1.1874737739562988,1.92801034450531
0.04243249073624611,-0.18689808249473572,-0.5662837028503418,-0.8528815507888794,-0.8919482827186584,-0.8624221682548523,-0.6728318929672241,-0.7533656358718872,-0.8044148087501526,-0.6572442054748535,-0.05924628674983978,0.8405702114105225,0.7671301364898682,0.7764612436294556,0.7217922806739807,0.4620504379272461,1.1452652215957642,1.3277151584625244,0.24920004606246948,-0.18015189468860626,0.6619997024536133,1.3851399421691895,1.236169457435608,0.7985859513282776,1.0757050514221191,0.670110821723938,-0.6915841102600098,-0.39379647374153137,1.1298907995224,2.4516220092773438,1.7451239824295044,0.0966147929430008,-0.7919087409973145,-1.2850843667984009,-0.8054043650627136,-0.2892554700374603,-0.22099509835243225,-0.1325128674507141,0.5761722922325134,0.5597636103630066,1.0645440816879272,1.8607547283172607
0.5469244718551636,0.39138472080230713,-0.29579854011535645,-0.7384065389633179,-0.9179964661598206,-0.7928541898727417,-0.7927966713905334,-0.8973453044891357,-0.6223755478858948,-0.574048638343811,-0.19523932039737701,0.5865747332572937,0.7104367613792419,0.7946361899375916,0.9253073334693909,1.0595883131027222,1.4078398942947388,0.8981878757476807,0.13234509527683258,-0.17562077939510345,0.1062690019607544,0.8959186673164368,1.1014431715011597,0.8137892484664917,0.9732235670089722,0.6193243861198425,-0.8761748671531677,-0.8952794075012207,0.3116098940372467,1.8702195882797241,1.2092008590698242,-0.9747450351715088,-1.4799307584762573,-1.3478353023529053,-1.180637001991272,-0.9309205412864685,-0.6298589706420898,-0.35926422476768494,-0.16610020399093628,-0.1011657565832138,0.7727925777435303,1.0874181985855103
0.7872496247291565,0.6584191918373108,-0.13154855370521545,-0.4087006747722626,-0.6693100929260254,-0.8884307742118835,-0.8103758692741394,-0.8511264324188232,-0.6522983312606812,-0.5096352100372314,-0.19066670536994934,0.33446449041366577,0.5344361662864685,0.6787280440330505,0.9371605515480042,1.2962212562561035,0.8568490743637085,0.2308695912361145,0.6402257680892944,0.4536241590976715,-0.49860402941703796,-0.2122398018836975,0.4071531593799591,0.5882325172424316,0.8198340535163879,0.9614531993865967,-0.30348631739616394,-1.2593563795089722,-0.1788102388381958,1.1431113481521606,2.067075729370117,1.3307764530181885,-0.9329612255096436,-1.6854883432388306,-1.5720317363739014,-1.6579997539520264,-1.174017071723938,-0.9177020192146301,-0.958040714263916,-0.5801609754562378,0.17212256789207458,1.206955075263977
0.8708093166351318,0.7741320133209229,-0.044238220900297165,-0.28143757581710815,-0.5252783298492432,-0.7777864336967468,-0.8219264149665833,-0.6908589005470276,-0.44114306569099426,-0.20774447917938232,-0.13215653598308563,-0.3586760461330414,-0.08027627319097519,0.6005669236183167,0.9099169969558716,0.8761875629425049,0.7868228554725647,0.7819883823394775,1.2771106958389282,1.1146758794784546,-0.5447176694869995,-1.0599123239517212,-0.3211025595664978,0.2221500128507614,0.6547660231590271,1.1569666862487793,0.42066648602485657,-1.1666975021362305,-0.7893641591072083,0.5639926195144653,1.4381088018417358,2.2851123809814453,1.8889483213424683,-0.03894800320267677,-1.1902610063552856,-1.9026575088500977,-2.0052926540374756,-1.6557223796844482,-1.5190495252609253,-0.8943133354187012,0.02526429481804371,1.3739056587219238
