demo/sfcwind/1030-wind-surface-level-gfs-1.0.json
{"header": {"productDefinitionTemplate": 0, "surface1Type": 103, "productStatus": 0, "disciplineName": "Meteorological products", "subDivisions": 0, "winds": "true", "parameterNumberName": "U-component_of_wind", "discipline": 0, "surface2Value": 0, "significanceOfRTName": "Start of forecast", "surface2TypeName": "Missing", "surface2Type": 255, "productTypeName": "Forecast products", "dx": 0.024617210030555725, "dy": 0.01798853650689125, "numberPoints": 65160, "productStatusName": "Operational products", "gribEdition": 2, "parameterUnit": "m.s-1", "forecastTime": 0, "refTime": "2020-09-30T08:30:00.000Z", "productType": 1, "genProcessTypeName": "Forecast", "scanMode": 0, "genProcessType": 2, "gribLength": 11338.0, "significanceOfRT": 1, "productDefinitionTemplateName": "Analysis/forecast at horizontal level/layer at a point in time", "centerName": "WRF OUTPUT", "la1": 43.66691207885742, "la2": 42.426788330078125, "lo2": 13.70867919921875, "gridUnits": "degrees", "surface1Value": 10, "shapeName": "Earth spherical with radius of 6,371,229.0 m", "surface1TypeName": "Specified height level above ground", "nx": 70.0, "ny": 70.0, "lo1": 12.008544921875, "basicAngle": 0, "gridDefinitionTemplate": 0, "shape": 6, "parameterNumber": 2, "subcenter": 0, "parameterCategoryName": "Momentum", "parameterCategory": 2, "center": 0, "gridDefinitionTemplateName": "Latitude_Longitude", "resolution": 48}, "data":
[rows 19 to 37 of 70, columns 0 to 41 of 70]
0.7753708362579346,0.6688646674156189,-0.02436600998044014,-0.21392692625522614,-0.4791904091835022,-0.7652530074119568,-0.7436468005180359,-0.4953081011772156,-0.1774921715259552,-0.07794586569070816,-0.5472313165664673,-0.7956517338752747,-0.5386461019515991,0.08904953300952911,0.8524097800254822,0.9134870171546936,1.028376817703247,1.293502926826477,1.2225884199142456,1.4583263397216797,0.417805552482605,-1.053268313407898,-0.9822180271148682,-0.5598992109298706,0.13430115580558777,0.7529420852661133,0.8149429559707642,-0.30826708674430847,-1.0775713920593262,-0.15501940250396729,0.911838710308075,1.9544527530670166,2.721193313598633,2.5253264904022217,1.8306399583816528,0.9360368847846985,-0.7623909711837769,-1.7541732788085938,-1.5439743995666504,-1.027505874633789,-0.12377441674470901,1.0644676685333252
0.4333633482456207,0.36990296840667725,-0.031779833137989044,-0.11244457215070724,-0.2848833203315735,-0.5671023726463318,-0.7807344198226929,-0.6176831126213074,-0.4357934892177582,-0.6754460334777832,-0.5625703930854797,-0.5695262551307678,-0.8229460120201111,-0.2724032998085022,0.5098443031311035,0.8697693347930908,1.1877142190933228,1.27937650680542,1.0778478384017944,1.4483976364135742,1.2720979452133179,-0.7117201685905457,-1.2562212944030762,-0.8151265382766724,-0.5213486552238464,0.17136093974113464,0.7131726741790771,0.3313712477684021,-0.7680836915969849,-0.44679099321365356,0.6333815455436707,1.6227418184280396,2.505669116973877,2.927844762802124,2.4586007595062256,2.2335450649261475,1.0263690948486328,-1.0285617113113403,-1.4208372831344604,-0.9331963062286377,-0.308987021446228,0.5024164915084839
0.22191978991031647,0.19174319505691528,-0.025520475581288338,0.011406566016376019,0.004060215316712856,-0.357656329870224,-0.8037691116333008,-0.6948843598365784,-0.5176968574523926,-0.5779169797897339,-0.24767309427261353,-0.4668837785720825,-0.865855872631073,-0.4783877432346344,-0.05573367327451706,0.5112552642822266,1.1651337146759033,1.1810710430145264,1.1758294105529785,1.475839376449585,1.199761152267456,-0.5091807246208191,-1.236906886100769,-0.9324226975440979,-1.009947657585144,-0.547136127948761,0.17171840369701385,0.4640941619873047,-0.45027226209640503,-0.613041341304779,0.5614442229270935,1.536285400390625,2.346391201019287,2.6777610778808594,2.2960567474365234,2.331249952316284,0.889758825302124,-1.1133465766906738,-1.447670817375183,-0.9359521269798279,-0.5266305208206177,0.19162873923778534
0.07296105474233627,0.08280830830335617,-0.022622425109148026,-0.06836000829935074,0.046918872743844986,-0.42210912704467773,-0.8528546094894409,-0.4881229102611542,-0.1933261901140213,0.00201584049500525,0.06303145736455917,-0.30517151951789856,-0.7863657474517822,-0.7368488311767578,-0.5598121881484985,-0.04389335587620735,0.8284685611724854,1.2907720804214478,1.425614356994629,1.1002106666564941,1.1672704219818115,0.9152164459228516,-0.11707723140716553,-0.6727845668792725,-0.9078295826911926,-0.8054394125938416,-0.3652905523777008,0.3064022958278656,0.28708145022392273,-0.22077475488185883,0.3145008981227875,1.2222216129302979,2.2389798164367676,2.5483081340789795,1.6854565143585205,1.1609766483306885,-0.17229270935058594,-1.5049314498901367,-1.4571411609649658,-1.0855761766433716,-0.6480171084403992,-0.18294356763362885
-0.038465067744255066,-0.030675549060106277,-0.12120937556028366,-0.10866595059633255,-0.04342140629887581,-0.5882877111434937,-0.5907245874404907,-0.26825636625289917,0.04093555361032486,1.1643164157867432,0.44418865442276,-0.9585316181182861,-0.8855258226394653,-0.7401625514030457,-0.8918986320495605,-0.6972654461860657,0.18492335081100464,1.014257550239563,1.070814609527588,1.0001341104507446,0.9839919209480286,1.0522921085357666,0.48829570412635803,-0.5892003774642944,-0.7002374529838562,-0.4574686288833618,-0.2987373173236847,0.4061308801174164,0.9593607187271118,-0.013809412717819214,-0.5238130688667297,0.3331100642681122,1.474534034729004,1.9648923873901367,0.45407482981681824,-0.3553197383880615,-0.4924415647983551,-1.4552580118179321,-1.625401258468628,-1.3684805631637573,-0.9343235492706299,-0.4917849600315094
-0.1568695455789566,-0.14786198735237122,-0.21900451183319092,-0.06623893976211548,0.03742772713303566,-0.21111680567264557,-0.4930562376976013,-0.41076409816741943,0.13983388245105743,1.377013921737671,0.613381028175354,-1.1735838651657104,-0.696666419506073,-0.43880170583724976,-0.9404731392860413,-1.04047691822052,-0.3353847861289978,0.6432161331176758,0.995063066482544,1.0723975896835327,0.9867810010910034,1.1656771898269653,0.3178791403770447,-0.9027530550956726,-0.4657638967037201,-0.15163035690784454,-0.15802696347236633,0.5096728205680847,1.2424486875534058,0.3395864963531494,-0.7435036897659302,0.07230406254529953,1.7553727626800537,2.2405781745910645,-0.4372662901878357,-0.8827714323997498,0.6585757732391357,-0.5301626920700073,-1.4946472644805908,-1.5774297714233398,-1.3942606449127197,-0.7961814999580383
-0.10031970590353012,-0.14935491979122162,-0.43213319778442383,-0.1736057549715042,0.06647700071334839,-0.11724770069122314,0.05495462194085121,-0.21617543697357178,0.11606642603874207,1.3258203268051147,0.34607750177383423,-1.100196123123169,-0.6131239533424377,0.06157447770237923,-0.5429844856262207,-1.3103212118148804,-0.7140374183654785,0.22828665375709534,0.779167652130127,1.0131317377090454,1.020402193069458,1.2847363948822021,0.6856550574302673,-0.802891731262207,-0.27246057987213135,0.25538018345832825,-0.3331286609172821,0.234940305352211,1.2690798044204712,0.9386772513389587,-0.5667011141777039,-0.25779902935028076,1.496347188949585,2.1477723121643066,-0.2063744068145752,-0.9886466264724731,0.8358504772186279,0.5837457776069641,0.8071039319038391,-0.07382524013519287,-1.685454249382019,-1.0314512252807617
-0.21814896166324615,-0.2801448702812195,-0.5829262733459473,-0.383269339799881,-0.2866910696029663,-0.16147026419639587,0.028949791565537453,-0.04015977308154106,0.37939178943634033,0.45493680238723755,-0.09750257432460785,-0.7782565355300903,-0.5834053158760071,1.0078188180923462,0.7588356733322144,-1.1501381397247314,-1.0880451202392578,-0.07075213640928268,0.4427714943885803,0.8953707814216614,1.07851243019104,1.4270089864730835,0.7654160261154175,-0.7847095131874084,-0.18439915776252747,1.02939772605896,0.1433710753917694,-0.08222577720880508,1.048642635345459,1.0323256254196167,-0.5886088013648987,-0.5974761843681335,1.1657195091247559,2.5371737480163574,2.0172042846679688,0.6836729645729065,0.9456948041915894,1.008575201034546,1.5671740770339966,1.682039737701416,-0.791978120803833,-1.5459126234054565
-0.3335370719432831,-0.4113968312740326,-0.7171808481216431,-0.5014244318008423,-0.7766352295875549,-1.0318177938461304,-0.6542673110961914,-0.2552274763584137,-0.1551181972026825,-0.3666880130767822,-0.5688486099243164,-0.9648304581642151,-0.3449937403202057,0.8823056817054749,0.7063919901847839,-0.8812614679336548,-1.2760056257247925,-0.5718715786933899,0.14265015721321106,0.8336746692657471,0.9201681613922119,1.282312035560608,0.9034087061882019,-0.558499276638031,-0.39316844940185547,1.1470838785171509,1.4479094743728638,0.680543839931488,0.7235132455825806,0.9714529514312744,-0.5208961963653564,-0.7165272831916809,0.9759270548820496,2.0650243759155273,2.4762682914733887,1.9655077457427979,1.7814801931381226,1.7791558504104614,1.4406205415725708,1.6482772827148438,-0.18716883659362793,-1.841493010520935
-0.5510227084159851,-0.6516574025154114,-0.8454994559288025,-0.8165153861045837,-1.243863582611084,-1.4796826839447021,-1.139193058013916,-0.76508629322052,-0.5737824440002441,-0.6263235211372375,-0.6757454872131348,-0.7599253058433533,0.011079758405685425,0.4542694091796875,0.0016350405057892203,-0.6906610727310181,-0.9872874021530151,-0.8390817642211914,-0.20541781187057495,0.5797089338302612,0.8699519038200378,1.0525850057601929,1.107629418373108,0.11666731536388397,-0.07099900394678116,1.0712172985076904,1.6062012910842896,1.6197158098220825,1.0386381149291992,0.21646089851856232,-0.7087541222572327,-0.526716947555542,0.8703209161758423,1.9922646284103394,2.4819741249084473,2.1083550453186035,2.1250011920928955,2.0447142124176025,1.1631892919540405,0.935271143913269,-0.38581785559654236,-1.8404384851455688
-0.712368369102478,-0.835292637348175,-1.0069397687911987,-1.2176645994186401,-1.715856671333313,-1.7773456573486328,-1.3934216499328613,-1.1538474559783936,-1.042035698890686,-0.8730970621109009,-0.34577199816703796,0.18776850402355194,0.684850811958313,-0.033845171332359314,-0.6466886401176453,-0.7218040823936462,-1.0956225395202637,-0.9477654099464417,-0.3960017263889313,0.14341869950294495,0.7273884415626526,0.7484738826751709,0.9131622910499573,1.1729003190994263,0.7273964285850525,0.8852761387825012,1.2515510320663452,1.5585283041000366,1.2293130159378052,-0.1420355588197708,-1.0104176998138428,-0.5530348420143127,0.7043241858482361,1.9148714542388916,1.9422246217727661,1.2861061096191406,1.7745733261108398,2.2365055084228516,0.6371182203292847,-0.09615069627761841,-0.9402409791946411,-1.920037031173706
-0.8109720945358276,-0.8947744965553284,-1.138181447982788,-1.5937469005584717,-1.9870160818099976,-1.8405135869979858,-1.5371155738830566,-1.284617304801941,-1.2370258569717407,-1.131273865699768,-0.28515028953552246,0.5154566168785095,0.7834952473640442,-0.26411300897598267,-0.9214494824409485,-0.5597438812255859,-0.7661121487617493,-0.8165699243545532,-0.3163989782333374,0.33725705742836,0.5968440175056458,0.5496947765350342,0.9148730039596558,1.5529203414916992,1.1308362483978271,0.9113582968711853,1.2194290161132812,1.0115270614624023,1.4579790830612183,0.7888426780700684,-1.0527622699737549,-0.838556706905365,0.7939544320106506,1.8566482067108154,1.808135986328125,1.3849754333496094,1.6460461616516113,2.081765651702881,0.753729522228241,-0.2754047214984894,-1.2466882467269897,-1.8252661228179932
-0.9019322991371155,-0.9654938578605652,-1.279068112373352,-1.9269156455993652,-2.1664023399353027,-1.7039122581481934,-1.4382961988449097,-1.2069085836410522,-1.290189266204834,-1.4026927947998047,-0.6619017720222473,0.06247459352016449,0.020918089896440506,-0.5284981727600098,-0.7570231556892395,-0.5982047319412231,-0.8472708463668823,-0.9750789403915405,-0.36522772908210754,0.2596527934074402,0.4118356704711914,0.5362706780433655,0.9526994228363037,1.280979871749878,1.017853856086731,0.8121100068092346,0.9812569618225098,0.7665602564811707,1.4613500833511353,1.1177701950073242,-0.8985280990600586,-0.7487388253211975,0.8137035369873047,1.5097301006317139,1.4072937965393066,1.6663047075271606,1.7813646793365479,1.1341509819030762,0.3687031865119934,-0.23695820569992065,-1.6841590404510498,-1.8629376888275146
-0.9309902787208557,-0.9709898829460144,-1.2474793195724487,-1.7346903085708618,-1.9098808765411377,-1.520742416381836,-1.1942545175552368,-1.2717522382736206,-1.3208872079849243,-1.3211497068405151,-1.0470671653747559,-0.6510033011436462,-0.46137765049934387,-0.6008697152137756,-0.6415507197380066,-0.7012509107589722,-1.0072956085205078,-0.8332545161247253,-0.4092622697353363,-0.07438398152589798,0.20029671490192413,0.5075992345809937,0.679360568523407,0.9512525796890259,1.1065585613250732,1.170615315437317,1.3945990800857544,1.0266540050506592,1.508622646331787,0.6944268345832825,-0.9034795761108398,-0.11826411634683609,0.9619213938713074,1.1714904308319092,1.2869666814804077,1.9154304265975952,1.9683492183685303,0.24586284160614014,-0.5265451669692993,0.0020270475652068853,-1.3349289894104004,-1.9786913394927979
-1.1027780771255493,-1.1151742935180664,-1.253889560699463,-1.2990407943725586,-1.1637606620788574,-1.0416994094848633,-1.1927597522735596,-1.5184720754623413,-1.260811686515808,-1.0886833667755127,-1.1236369609832764,-0.9194622039794922,-0.6733419895172119,-0.6558079719543457,-0.907200813293457,-1.0305652618408203,-1.0999441146850586,-0.7710217237472534,-0.23219001293182373,-0.3285401463508606,-0.29777947068214417,0.20640023052692413,0.3744807243347168,0.6879000067710876,0.9338119029998779,1.1704471111297607,1.4810333251953125,0.7831454873085022,-0.005359018221497536,-0.6450847387313843,-0.626457929611206,0.8493821620941162,1.504323959350586,0.8759964108467102,0.7755587100982666,1.5742992162704468,1.7944122552871704,1.2558364868164062,0.6292095184326172,0.7355403900146484,-0.15595293045043945,-1.7374480962753296
-1.156996250152588,-1.1496809720993042,-1.3667229413986206,-1.5654103755950928,-1.409220576286316,-1.419309377670288,-1.5407623052597046,-1.53216552734375,-1.356705665588379,-1.110545039176941,-1.077466368675232,-0.826520562171936,-0.8049818277359009,-0.9304805994033813,-0.9908966422080994,-1.0828943252563477,-0.9925147891044617,-0.46082860231399536,-0.2877097427845001,-0.6501176357269287,-0.4463980793952942,0.08459007740020752,0.2629861831665039,0.631659746170044,0.8073602318763733,1.0603160858154297,1.77320396900177,0.6945350766181946,-1.2618553638458252,-1.2849087715148926,-0.11681810766458511,1.0528836250305176,1.6975258588790894,1.2105529308319092,0.49217477440834045,0.9489218592643738,1.2229061126708984,0.8837164044380188,1.1416407823562622,1.6576002836227417,0.65574049949646,-1.4354982376098633
-1.172569990158081,-1.1226530075073242,-1.4970417022705078,-1.8774032592773438,-1.736226201057434,-1.643105149269104,-1.7711982727050781,-1.6338411569595337,-1.405828833580017,-1.2221177816390991,-1.1355632543563843,-0.8484374284744263,-0.8937238454818726,-1.0008130073547363,-0.9948903918266296,-1.021202802658081,-0.7548164129257202,-0.34179145097732544,-0.5149742960929871,-0.7459887266159058,-0.5189510583877563,-0.39727330207824707,-0.09434904903173447,0.4695509672164917,0.6427736282348633,0.733857274055481,1.4158252477645874,1.1930994987487793,-0.8382806777954102,-1.5137971639633179,-0.22953037917613983,0.66725754737854,1.550341248512268,1.720071792602539,0.5657114386558533,0.3129889667034149,0.6460103988647461,0.7539426684379578,1.3704320192337036,1.9479260444641113,0.6105577945709229,-1.4090074300765991
-1.1575554609298706,-1.0696223974227905,-1.407976508140564,-1.8397589921951294,-1.776553988456726,-1.699660301208496,-1.7624874114990234,-1.5999172925949097,-1.4915159940719604,-1.3372528553009033,-1.1739333868026733,-0.9556999802589417,-0.9846928119659424,-0.9899130463600159,-0.9695454835891724,-0.8283823132514954,-0.4180518090724945,-0.1215113177895546,-0.26647764444351196,-0.5295206904411316,-0.810153067111969,-0.9621355533599854,-0.557489275932312,0.09599809348583221,0.47767794132232666,0.5599058270454407,1.1332558393478394,1.5244061946868896,0.5947128534317017,-0.2569839060306549,0.2132730334997177,1.0828149318695068,1.6385679244995117,1.603766679763794,0.7641144394874573,0.46897977590560913,0.6986122131347656,0.9889307618141174,1.2973339557647705,1.7718414068222046,0.3784399628639221,-1.5325275659561157
-1.1798795461654663,-1.0928910970687866,-1.43931245803833,-1.962536334991455,-1.9690483808517456,-1.830104112625122,-1.8459186553955078,-1.654476284980774,-1.6908249855041504,-1.5934065580368042,-1.3083373308181763,-0.96995609998703,-0.8599267601966858,-0.8898292183876038,-0.9023244976997375,-0.6712946891784668,0.02315971627831459,0.6901531219482422,0.41534489393234253,-0.3513897657394409,-1.077839732170105,-1.428837537765503,-1.1138523817062378,-0.25573405623435974,0.24497473239898682,0.5113023519515991,0.8157316446304321,1.0648607015609741,1.3143023252487183,1.0614745616912842,1.0178699493408203,1.6203562021255493,1.4752718210220337,0.8431508541107178,0.6296122670173645,0.7347798347473145,0.7836120128631592,1.0694340467453003,1.5898042917251587,1.6183708906173706,-0.19179260730743408,-1.5434823036193848
