demo/sfcwind/1100-wind-surface-level-gfs-1.0.json
{"header": {"productDefinitionTemplate": 0, "surface1Type": 103, "productStatus": 0, "disciplineName": "Meteorological products", "subDivisions": 0, "winds": "true", "parameterNumberName": "U-component_of_wind", "discipline": 0, "surface2Value": 0, "significanceOfRTName": "Start of forecast", "surface2TypeName": "Missing", "surface2Type": 255, "productTypeName": "Forecast products", "dx": 0.024617210030555725, "dy": 0.01798853650689125, "numberPoints": 65160, "productStatusName": "Operational products", "gribEdition": 2, "parameterUnit": "m.s-1", "forecastTime": 0, "refTime": "2020-09-30T09:00:00.000Z", "productType": 1, "genProcessTypeName": "Forecast", "scanMode": 0, "genProcessType": 2, "gribLength": 11338.0, "significanceOfRT": 1, "productDefinitionTemplateName": "Analysis/forecast at horizontal level/layer at a point in time", "centerName": "WRF OUTPUT", "la1": 43.66691207885742, "la2": 42.426788330078125, "lo2": 13.70867919921875, "gridUnits": "degrees", "surface1Value": 10, "shapeName": "Earth spherical with radius of 6,371,229.0 m", "surface1TypeName": "Specified height level above ground", "nx": 70.0, "ny": 70.0, "lo1": 12.008544921875, "basicAngle": 0, "gridDefinitionTemplate": 0, "shape": 6, "parameterNumber": 2, "subcenter": 0, "parameterCategoryName": "Momentum", "parameterCategory": 2, "center": 0, "gridDefinitionTemplateName": "Latitude_Longitude", "resolution": 48}, "data":
[rows 38 to 56 of 70, columns 0 to 41 of 70]
-1.0236786603927612,-1.002407193183899,-1.4717130661010742,-2.0270347595214844,-1.8613098859786987,-1.7880548238754272,-1.955910325050354,-1.7418538331985474,-1.7101808786392212,-1.7846181392669678,-1.4979153871536255,-0.807754397392273,-0.6941839456558228,-0.9413647055625916,-0.9707080125808716,-0.6057776808738708,0.1841677874326706,0.9810997247695923,1.1410107612609863,0.42636793851852417,-0.7328888773918152,-1.4609366655349731,-1.4902691841125488,-0.8527292013168335,-0.05616901069879532,0.421705424785614,0.6362192034721375,0.9014116525650024,1.390480875968933,1.4594393968582153,1.5378135442733765,2.0100960731506348,2.011589527130127,1.4765894412994385,1.1730512380599976,1.4375927448272705,1.3304847478866577,1.322961449623108,1.980301022529602,1.5348865985870361,-0.4193013906478882,-1.0301432609558105
-1.0306862592697144,-1.0818159580230713,-1.3674360513687134,-1.6625232696533203,-1.5256834030151367,-1.4302057027816772,-1.4460499286651611,-1.3238526582717896,-1.4521931409835815,-1.7111114263534546,-1.5603132247924805,-0.5786000490188599,-0.433970183134079,-1.037449598312378,-1.0787283182144165,-0.45786625146865845,0.31474769115448,0.9762967228889465,1.2046456336975098,0.8637275695800781,0.39282873272895813,-0.8783472776412964,-1.697511911392212,-1.037307858467102,-0.25436583161354065,0.29566699266433716,0.4492010474205017,0.8071151375770569,0.8808826804161072,0.9056189656257629,1.4380457401275635,1.970278263092041,1.76871919631958,0.8333015441894531,0.5271099209785461,0.9650115370750427,1.3833004236221313,1.2398234605789185,1.3243156671524048,1.6410753726959229,0.8168120384216309,-0.6239064335823059
-0.7834917306900024,-0.9100308418273926,-1.1678358316421509,-1.3293362855911255,-1.1517163515090942,-1.339808464050293,-1.482065200805664,-1.3709558248519897,-1.480586051940918,-1.7022790908813477,-1.4748181104660034,-0.7901504635810852,-0.5400370359420776,-0.9757140874862671,-1.1116517782211304,-0.34577828645706177,0.37501242756843567,0.8532536029815674,0.7074506878852844,0.37409651279449463,0.9301316738128662,0.07838290929794312,-1.4658851623535156,-1.2147467136383057,-0.4296465814113617,0.07521368563175201,0.2592037618160248,0.5597682595252991,0.5841281414031982,0.9001724123954773,1.5600271224975586,1.860081672668457,1.6952508687973022,0.5493319034576416,-0.7808297872543335,-0.31758224964141846,1.1526800394058228,0.8695895671844482,0.6961492896080017,1.2436065673828125,0.9160740971565247,0.5374554991722107
-0.6634083986282349,-0.825141191482544,-1.1414477825164795,-1.4182450771331787,-1.5163657665252686,-1.6059751510620117,-1.5996267795562744,-1.548719048500061,-1.6845403909683228,-1.7845771312713623,-1.6700280904769897,-1.1989986896514893,-0.8025804758071899,-0.8183586597442627,-0.8147746920585632,-0.23210151493549347,0.42260199785232544,0.8520165085792542,0.641828715801239,0.08479396253824234,0.3186086118221283,0.12104064971208572,-0.997004508972168,-1.177478551864624,-0.525248110294342,-0.14345380663871765,-0.03952573984861374,0.04104181006550789,0.150050088763237,0.5724146366119385,1.3979495763778687,1.6405049562454224,1.7881176471710205,0.7037981748580933,-1.4027535915374756,-0.7177148461341858,0.4699138402938843,0.27663788199424744,0.39316174387931824,0.8257448673248291,0.5712236762046814,0.27634769678115845
-0.7467817068099976,-0.8790023922920227,-1.0099310874938965,-1.2955701351165771,-1.667781114578247,-1.6721307039260864,-1.7075190544128418,-1.9315184354782104,-1.8999849557876587,-1.7725878953933716,-1.678824543952942,-1.299592137336731,-1.0631059408187866,-0.927034854888916,-0.46862900257110596,0.13531571626663208,0.5770648121833801,0.894929826259613,0.7045772075653076,-0.5243405103683472,-0.9863710403442383,-0.34368041157722473,-0.2633494734764099,-0.6529110670089722,-0.5861471891403198,-0.2398887425661087,-0.41070154309272766,-0.6165605783462524,-0.32660263776779175,0.34426942467689514,1.1968603134155273,1.5018154382705688,2.011165142059326,0.9283824563026428,-1.325210452079773,-0.8366023898124695,-0.2465667426586151,-0.16894493997097015,0.514895498752594,0.6217619180679321,-0.06904566287994385,-0.2914874851703644
-0.914843738079071,-1.0502235889434814,-0.8977670669555664,-0.8297006487846375,-1.2670769691467285,-1.6687664985656738,-1.5179082155227661,-1.666661024093628,-1.8742114305496216,-2.024829864501953,-1.8059990406036377,-1.2261070013046265,-1.293876051902771,-1.3979907035827637,-0.5716838836669922,0.40700238943099976,0.870451033115387,1.0960142612457275,0.7107964754104614,-0.569894552230835,-1.2238386869430542,-0.9391796588897705,-0.345577597618103,-0.07684445381164551,-0.22468529641628265,-0.2992144227027893,-0.6288362741470337,-0.8861603736877441,-0.4492018222808838,0.19686533510684967,1.1111531257629395,1.8074404001235962,2.0069639682769775,0.7105875611305237,-1.4427034854888916,-1.2067784070968628,-0.7861550450325012,-0.25055304169654846,0.8695539236068726,0.34559860825538635,-0.7642927765846252,-0.17888875305652618
-0.8510614037513733,-0.9006412625312805,-0.7445453405380249,-0.4595958888530731,-0.7293770909309387,-1.119324803352356,-1.0545231103897095,-1.1211299896240234,-1.6021382808685303,-2.181563138961792,-1.8985496759414673,-1.306397795677185,-1.3547097444534302,-1.5377610921859741,-1.0122767686843872,-0.00021216385357547551,0.7763727307319641,1.1566985845565796,1.3051490783691406,0.36683663725852966,-1.0502314567565918,-1.191759705543518,-0.5832681059837341,-0.2687886655330658,-0.2937544584274292,-0.4163983464241028,-0.6107024550437927,-0.7363060116767883,-0.3675076961517334,0.07293083518743515,0.9658588171005249,2.0091352462768555,1.9604829549789429,0.4096698760986328,-1.3756704330444336,-1.4774272441864014,-1.1227869987487793,-0.34330296516418457,1.1590485572814941,0.2553147077560425,-1.0301789045333862,-0.0666721910238266
-0.743277370929718,-0.5696235299110413,-0.535020112991333,-0.15957950055599213,-0.1285967081785202,-0.5442640781402588,-0.5207029581069946,-0.577690601348877,-1.1102440357208252,-1.7585026025772095,-1.8230665922164917,-1.3664501905441284,-1.4102295637130737,-1.4841241836547852,-1.2776392698287964,-0.4882236421108246,0.47181880474090576,0.8877929449081421,1.1659042835235596,1.3051090240478516,-0.3591179847717285,-1.2008967399597168,-0.4408228099346161,-0.43658074736595154,-0.7030722498893738,-0.9116925001144409,-0.8701078295707703,-0.7729867696762085,-0.27336111664772034,0.029343295842409134,0.6964682340621948,2.0646164417266846,1.7260332107543945,0.696014940738678,0.05732540413737297,-1.0297505855560303,-1.5435091257095337,-0.539262592792511,1.1924726963043213,0.9798266887664795,-0.06892602145671844,0.47816476225852966
-0.9291955232620239,-0.7077299952507019,-0.5333642959594727,-0.23892758786678314,0.10103684663772583,0.06721016764640808,0.008493843488395214,-0.10413571447134018,-0.5975303649902344,-1.4246621131896973,-1.884784460067749,-1.6003292798995972,-1.3911935091018677,-1.372499704360962,-1.4105952978134155,-0.7930628061294556,0.13400253653526306,0.6961090564727783,0.917677640914917,1.3813469409942627,0.9378864765167236,-0.13926665484905243,-0.47493284940719604,-0.6870365142822266,-1.210300326347351,-1.437995433807373,-1.125148892402649,-0.8886324167251587,-0.43974369764328003,-0.18855400383472443,0.4703686833381653,1.7661665678024292,1.5736466646194458,1.1376433372497559,1.431962013244629,-0.2930310368537903,-1.7378077507019043,-0.5638842582702637,1.0183556079864502,1.6797674894332886,1.0407910346984863,0.5910252332687378
-1.1477112770080566,-0.922551155090332,-0.6136108040809631,-0.3518581986427307,-0.21333937346935272,0.22902847826480865,0.3957105875015259,-0.18351583182811737,-0.7522976398468018,-1.4406816959381104,-1.9824013710021973,-1.7426788806915283,-1.4978501796722412,-1.5994844436645508,-1.6888443231582642,-1.053049087524414,-0.10349368304014206,0.4827166795730591,0.7763068079948425,1.113574504852295,1.2271639108657837,1.2278574705123901,0.41617557406425476,-0.8413221836090088,-1.5173370838165283,-1.4776495695114136,-1.0316898822784424,-0.8008072972297668,-0.5187705755233765,-0.26285338401794434,0.22810733318328857,1.2951048612594604,1.7243859767913818,2.026876449584961,1.8951256275177002,-0.37236708402633667,-1.4310129880905151,-0.18417541682720184,1.2844939231872559,1.697998285293579,1.1439858675003052,0.6830251216888428
-1.329068660736084,-1.1092348098754883,-0.7855108380317688,-0.627687931060791,-0.49232110381126404,0.046754322946071625,0.28932446241378784,-0.43602004647254944,-1.067249059677124,-1.4907547235488892,-1.7464299201965332,-1.4377564191818237,-1.3773738145828247,-1.6617406606674194,-1.6861389875411987,-1.109890341758728,-0.27851760387420654,0.3043500483036041,0.6388781070709229,1.0735936164855957,1.2910575866699219,1.519838809967041,1.2712321281433105,-0.6391483545303345,-1.9673569202423096,-1.439192533493042,-1.0053679943084717,-0.731818675994873,-0.5550516843795776,-0.356548547744751,0.10232239216566086,0.8951764702796936,1.4304356575012207,2.0596117973327637,0.9054086208343506,-1.1114253997802734,-0.9021600484848022,0.34713685512542725,1.2679864168167114,0.885644257068634,0.3195919394493103,0.6108783483505249
-1.4103789329528809,-1.1984837055206299,-0.9910696744918823,-0.9700153470039368,-0.7782288789749146,-0.17336076498031616,-0.2806314527988434,-1.30858314037323,-1.604758381843567,-1.2980129718780518,-1.2603482007980347,-1.3133121728897095,-1.4913904666900635,-1.607096552848816,-1.5046402215957642,-0.9807068109512329,-0.15855896472930908,0.123806893825531,0.2985546886920929,0.7937737703323364,1.0318320989608765,0.9534746408462524,1.5836833715438843,0.2779143452644348,-1.9345157146453857,-1.5771821737289429,-0.8796014189720154,-0.8073593974113464,-0.6961364150047302,-0.4226178228855133,0.03310048207640648,0.5158529877662659,1.47348153591156,1.7701330184936523,-0.48112547397613525,-1.1611332893371582,0.26810893416404724,0.7733311653137207,0.11439868807792664,-0.6405311822891235,-0.42937740683555603,0.26832446455955505
-1.490981101989746,-1.366084098815918,-1.3345410823822021,-1.4111398458480835,-1.1112816333770752,-0.57150799036026,-0.5389183163642883,-1.227290153503418,-1.8358839750289917,-1.578977346420288,-1.2547142505645752,-1.398618459701538,-1.78951096534729,-1.6475266218185425,-1.1969517469406128,-0.739070475101471,-0.17008201777935028,-0.1018340066075325,0.006833473686128855,0.4675421714782715,0.6211037039756775,0.6475478410720825,1.7921315431594849,1.205003023147583,-1.5228840112686157,-1.864916443824768,-0.8819655179977417,-0.7146914005279541,-0.7113648653030396,-0.6742842197418213,-0.0612114854156971,0.48402345180511475,1.5753487348556519,1.1418894529342651,-0.7484918832778931,0.08363820612430573,1.616707444190979,0.5064774751663208,-0.2676822543144226,-0.5883932113647461,-1.3564589023590088,-0.24688635766506195
-1.6927268505096436,-1.5403165817260742,-1.4395469427108765,-1.5160393714904785,-1.4072157144546509,-1.092393159866333,-1.008061170578003,-1.4017746448516846,-1.8099007606506348,-1.8228683471679688,-1.7309433221817017,-1.8663601875305176,-1.795349359512329,-1.3840065002441406,-1.1289186477661133,-0.9501399993896484,-0.7623936533927917,-0.4597558379173279,-0.02760276198387146,0.25149041414260864,0.2325148731470108,0.4369626045227051,1.5148894786834717,1.5065265893936157,-0.9425914287567139,-2.034355401992798,-0.9404211640357971,-0.4255537986755371,-0.4221467971801758,-0.46569904685020447,0.05081302300095558,0.7981327772140503,1.6514238119125366,0.5200332403182983,-0.4620409905910492,1.1730413436889648,1.9689345359802246,0.12499302625656128,0.12438277155160904,0.20712220668792725,-1.5134906768798828,-0.5408089756965637
-1.745757818222046,-1.5735318660736084,-1.603684663772583,-1.8625303506851196,-1.612916350364685,-1.2015942335128784,-1.3730143308639526,-1.6451733112335205,-1.7258988618850708,-1.6613054275512695,-1.617065191268921,-1.7663536071777344,-1.7067415714263916,-1.1413089036941528,-0.9692727327346802,-1.435741662979126,-1.2504565715789795,-0.7325911521911621,-0.4793069660663605,-0.23712684214115143,-0.18857942521572113,0.2737732529640198,1.0458863973617554,1.7573226690292358,0.1506187915802002,-1.5618088245391846,-0.9218574166297913,0.1621793955564499,0.2663588225841522,0.001077332184650004,0.3193044066429138,1.190209984779358,0.9220455288887024,-0.9020485877990723,-0.5179831385612488,1.91923189163208,1.9319835901260376,-0.6574561595916748,-0.5425636768341064,-0.34631747007369995,-1.6030004024505615,-0.6156638264656067
-1.9246047735214233,-1.7742328643798828,-1.699671745300293,-1.8904837369918823,-1.7137075662612915,-1.5829030275344849,-1.7833147048950195,-1.62712824344635,-1.4047904014587402,-0.9275478720664978,-0.40344110131263733,-0.7160284519195557,-1.2348921298980713,-1.2139986753463745,-1.2774080038070679,-1.6100910902023315,-1.150956392288208,-0.7688527703285217,-0.8358278274536133,-0.7016952633857727,-0.4135059118270874,0.16837307810783386,0.8085527420043945,1.6959530115127563,0.4346356987953186,-1.0607209205627441,-0.4374968707561493,0.6438471674919128,0.5400164723396301,0.08706770837306976,0.863431453704834,0.9956105351448059,-0.4286741614341736,-1.0749642848968506,0.028364522382616997,2.0010695457458496,1.9192177057266235,-1.1080920696258545,-1.2801218032836914,-0.48573487997055054,-1.1453142166137695,-0.6712183356285095
-2.125169277191162,-1.9973191022872925,-1.7566133737564087,-1.941949725151062,-1.8586057424545288,-1.8359789848327637,-1.876286506652832,-1.334691047668457,-0.42913681268692017,0.02407415583729744,0.7083145976066589,1.4410918951034546,0.12927645444869995,-1.4895126819610596,-1.4806524515151978,-0.6985999345779419,-0.4997570812702179,-0.7725869417190552,-0.9359889626502991,-0.8318920731544495,-0.5963312983512878,-0.1452944576740265,0.8753380179405212,1.4908215999603271,-0.0555117130279541,-0.8197844624519348,0.08501777052879333,0.7133431434631348,0.4436938166618347,0.023692166432738304,1.3768678903579712,0.5834022164344788,-1.2944198846817017,-0.30117174983024597,1.3190014362335205,2.125802993774414,2.063699960708618,-0.2621578574180603,-1.495263695716858,-0.42091262340545654,-0.24545803666114807,-0.5607094764709473
-2.382798910140991,-2.2253170013427734,-1.6434324979782104,-1.649073839187622,-1.7728545665740967,-1.7732182741165161,-1.610569953918457,-1.1585562229156494,-0.18672387301921844,0.5473512411117554,0.9046643376350403,1.70333731174469,1.156562089920044,-1.4502410888671875,-2.0215888023376465,-0.18929070234298706,0.21576109528541565,-0.5328660011291504,-0.5594295859336853,-0.5187927484512329,-0.4735930860042572,-0.32435786724090576,0.6195229887962341,1.6428532600402832,-0.1656641960144043,-0.8530282378196716,0.7862792015075684,0.9391767978668213,-0.3097292482852936,-0.44565996527671814,1.1078336238861084,0.15054810047149658,-1.5287736654281616,-0.5666331648826599,1.4305754899978638,2.4895148277282715,1.7261741161346436,-0.5550827980041504,-1.4447072744369507,-0.18585465848445892,0.9210028648376465,0.35397449135780334
-2.4421019554138184,-2.284738779067993,-1.7576040029525757,-1.618254542350769,-1.6293047666549683,-1.5743931531906128,-1.488126516342163,-1.1494816541671753,-0.37966951727867126,0.4840329587459564,0.9420909881591797,1.5607879161834717,1.8237802982330322,-0.8674196600914001,-1.9060012102127075,-0.5208398103713989,-0.2722542881965637,-0.35324928164482117,-0.10058906674385071,-0.18605738878250122,-0.3665810823440552,-0.1391753852367401,0.6905342936515808,1.629616379737854,-0.48109424114227295,-1.4710949659347534,0.7830074429512024,0.9700472354888916,-0.969886302947998,-1.2864346504211426,0.14667129516601562,0.48119014501571655,-0.27028900384902954,-0.3063046336174011,1.1255841255187988,2.5163776874542236,1.9795869588851929,-0.8658382892608643,-1.5909018516540527,-0.19128626585006714,1.1932103633880615,1.6988751888275146
