demo/sfcwind/1100-wind-surface-level-gfs-1.0.json
{"header": {"productDefinitionTemplate": 0, "surface1Type": 103, "productStatus": 0, "disciplineName": "Meteorological products", "subDivisions": 0, "winds": "true", "parameterNumberName": "U-component_of_wind", "discipline": 0, "surface2Value": 0, "significanceOfRTName": "Start of forecast", "surface2TypeName": "Missing", "surface2Type": 255, "productTypeName": "Forecast products", "dx": 0.024617210030555725, "dy": 0.01798853650689125, "numberPoints": 65160, "productStatusName": "Operational products", "gribEdition": 2, "parameterUnit": "m.s-1", "forecastTime": 0, "refTime": "2020-09-30T09:00:00.000Z", "productType": 1, "genProcessTypeName": "Forecast", "scanMode": 0, "genProcessType": 2, "gribLength": 11338.0, "significanceOfRT": 1, "productDefinitionTemplateName": "Analysis/forecast at horizontal level/layer at a point in time", "centerName": "WRF OUTPUT", "la1": 43.66691207885742, "la2": 42.426788330078125, "lo2": 13.70867919921875, "gridUnits": "degrees", "surface1Value": 10, "shapeName": "Earth spherical with radius of 6,371,229.0 m", "surface1TypeName": "Specified height level above ground", "nx": 70.0, "ny": 70.0, "lo1": 12.008544921875, "basicAngle": 0, "gridDefinitionTemplate": 0, "shape": 6, "parameterNumber": 2, "subcenter": 0, "parameterCategoryName": "Momentum", "parameterCategory": 2, "center": 0, "gridDefinitionTemplateName": "Latitude_Longitude", "resolution": 48}, "data":
[rows 19 to 37 of 70, columns 0 to 41 of 70]
1.060634732246399,0.7999763488769531,0.44985154271125793,0.3309023082256317,0.03769085183739662,-0.532982587814331,-0.7868109345436096,-0.5934135913848877,-0.2289126217365265,-0.1067713052034378,-0.4641055166721344,-0.7448642253875732,-0.7724449634552002,-0.1704588383436203,0.6980972290039062,0.8493465185165405,1.0602563619613647,1.5252033472061157,1.433105230331421,1.7481167316436768,1.0785000324249268,-0.7522506713867188,-0.86380934715271,-0.3707696199417114,0.35077011585235596,1.073704481124878,1.403635025024414,0.4721757769584656,-0.859627366065979,-0.3223983645439148,1.0135939121246338,2.154082775115967,2.5586068630218506,2.3587400913238525,1.8383708000183105,0.9320225119590759,-0.5707542896270752,-1.4254692792892456,-1.37021803855896,-1.0843701362609863,-0.32060977816581726,1.23646080493927
0.7714279294013977,0.701906681060791,0.5080294609069824,0.42103311419487,0.35920241475105286,-0.04646174982190132,-0.7174681425094604,-0.6175528764724731,-0.19505980610847473,-0.5110142230987549,-0.13489164412021637,-0.19886396825313568,-0.9211996793746948,-0.3634764552116394,0.29278677701950073,0.6923258304595947,1.2616362571716309,1.4402613639831543,1.2696926593780518,1.585256576538086,1.6042245626449585,-0.3435205817222595,-1.1228318214416504,-0.714424729347229,-0.3998384475708008,0.3428276479244232,0.988272488117218,1.1285150051116943,-0.1478205770254135,-0.4906390905380249,0.6678909659385681,1.8210268020629883,2.4850335121154785,2.5886800289154053,2.1633894443511963,2.0432488918304443,0.9956796169281006,-0.9410058856010437,-1.3582183122634888,-1.0641154050827026,-0.4757922887802124,0.5295291543006897
0.6116307973861694,0.6314776539802551,0.514698326587677,0.38730379939079285,0.5794217586517334,0.35155272483825684,-0.46176695823669434,-0.4667849540710449,-0.0021100451704114676,-0.10550002008676529,0.15764255821704865,-0.09113787859678268,-0.8971534967422485,-0.6074202656745911,-0.3225238025188446,0.27642253041267395,1.1203948259353638,1.2424908876419067,1.3499618768692017,1.6136552095413208,1.4679911136627197,0.04265585541725159,-1.0004754066467285,-0.9392663240432739,-0.9091747999191284,-0.5328846573829651,0.1762625128030777,1.0315272808074951,0.4477327764034271,-0.32228344678878784,0.49173885583877563,1.713234782218933,2.4372735023498535,2.4655165672302246,2.1061782836914062,2.317847728729248,1.0403978824615479,-1.0880897045135498,-1.4980278015136719,-0.9782788157463074,-0.6069824695587158,0.23029328882694244
0.4393233358860016,0.526670515537262,0.4862009584903717,0.37137570977211,0.6657508015632629,0.21006175875663757,-0.432372123003006,-0.23169951140880585,0.3170482814311981,0.8649594783782959,0.584661602973938,-0.15058429539203644,-0.7571635246276855,-0.8374420404434204,-0.8159729242324829,-0.38510221242904663,0.5320764780044556,1.2791815996170044,1.5186262130737305,1.2885630130767822,1.3036830425262451,1.253949522972107,0.4785099923610687,-0.42983072996139526,-0.7702537775039673,-0.5983433723449707,-0.27809134125709534,0.5577284693717957,1.1007909774780273,0.42137354612350464,0.37860724329948425,1.3656291961669922,2.4441769123077393,2.5135531425476074,1.6709563732147217,1.4188807010650635,-0.03229844570159912,-1.6383616924285889,-1.552933931350708,-0.9825593829154968,-0.5613056421279907,0.0427248440682888
0.245992973446846,0.35762345790863037,0.3363473415374756,0.3856920003890991,0.627879798412323,0.13123665750026703,-0.20333820581436157,-0.22543099522590637,0.11908542364835739,1.6966568231582642,1.131204605102539,-0.732134222984314,-0.6042295694351196,-0.3825893998146057,-0.8973564505577087,-0.9690610766410828,-0.14010222256183624,0.9620062708854675,1.0709530115127563,1.0790404081344604,1.1393275260925293,1.2196464538574219,1.1293678283691406,-0.007719764485955238,-0.39665669202804565,0.023696044459939003,0.021018408238887787,0.5386165976524353,1.5120689868927002,0.7807681560516357,-0.2689651548862457,0.30172884464263916,1.6898441314697266,2.0349807739257812,0.3456408679485321,-0.5075827240943909,-0.8726306557655334,-1.6465556621551514,-1.6621407270431519,-1.2505812644958496,-0.6006316542625427,-0.09143038839101791
0.06950677931308746,0.18149469792842865,0.14422579109668732,0.30415767431259155,0.4998960793018341,0.5488237738609314,0.20502759516239166,-0.2154485285282135,0.09046998620033264,1.5157239437103271,1.0032570362091064,-0.9861650466918945,-0.4834340214729309,0.22382456064224243,-0.5812650918960571,-1.2088165283203125,-0.5431056022644043,0.4815554916858673,0.8774257898330688,1.1146868467330933,1.0503133535385132,1.364441990852356,1.0740715265274048,-0.48298075795173645,-0.25037291646003723,0.4786277115345001,0.29119405150413513,0.6273723244667053,1.5074964761734009,1.0523955821990967,-0.44796323776245117,-0.21432511508464813,1.8919851779937744,2.281543016433716,-0.8503157496452332,-0.8819800019264221,0.1825898438692093,-1.3165254592895508,-1.7212778329849243,-1.4391467571258545,-0.9350770711898804,-0.287322998046875
-0.010152860544621944,0.031761590391397476,-0.16432784497737885,-0.0577876977622509,0.377081036567688,0.32719236612319946,0.49529141187667847,0.28937292098999023,0.19466137886047363,1.3494454622268677,0.6464389562606812,-0.8366510272026062,-0.5156686902046204,0.6448962092399597,0.09029227495193481,-1.3815237283706665,-0.9854384064674377,0.03613947704434395,0.5675653219223022,0.9304996728897095,1.0008400678634644,1.3012216091156006,1.3823832273483276,-0.3065592348575592,-0.2928379774093628,0.9350728392601013,0.34815776348114014,0.27509787678718567,1.285853624343872,1.6882771253585815,0.15300436317920685,-0.3928743302822113,1.6768016815185547,2.166759490966797,-0.843031644821167,-1.026421308517456,1.0117288827896118,0.2646350562572479,0.03905918076634407,-0.8338571786880493,-1.7875356674194336,-0.690733015537262
-0.1819884330034256,-0.163938507437706,-0.4203995168209076,-0.4912632703781128,-0.2771903872489929,-0.04209767282009125,0.0004248558543622494,0.3188002109527588,0.49860554933547974,0.40579700469970703,0.2564980387687683,-0.41790273785591125,-0.47755035758018494,1.189310908317566,1.2465429306030273,-1.0133079290390015,-1.315932035446167,-0.3479725420475006,0.10536403954029083,0.7339022755622864,1.0192546844482422,1.3794918060302734,1.4200705289840698,-0.06652316451072693,-0.4202963709831238,1.310012936592102,1.2266769409179688,0.42382529377937317,1.0230895280838013,1.553889513015747,0.03869438171386719,-0.6392477750778198,1.153987169265747,2.6904664039611816,1.9004768133163452,0.578639805316925,0.9570978879928589,0.7532066106796265,1.7104681730270386,1.1704814434051514,-1.687922716140747,-1.357375144958496
-0.37963947653770447,-0.3867858946323395,-0.6613779067993164,-0.8589033484458923,-1.0738829374313354,-0.9455631375312805,-0.5536180138587952,0.10265868157148361,-0.04205438122153282,-0.28987082839012146,-0.15090273320674896,-0.5945600867271423,-0.15926416218280792,1.0021823644638062,1.310347318649292,-0.3247359097003937,-1.3857818841934204,-0.998020589351654,-0.23630297183990479,0.6368119120597839,0.86018967628479,1.2181669473648071,1.4735549688339233,0.3004681468009949,-0.22564905881881714,1.0297480821609497,1.836034893989563,1.458312749862671,1.0819090604782104,1.3355162143707275,-0.1541871428489685,-0.8807362914085388,0.86566561460495,2.1415750980377197,2.3835272789001465,1.7965928316116333,1.688974380493164,1.4985777139663696,1.4193021059036255,1.3095134496688843,-0.9607280492782593,-1.765582799911499
-0.7617926001548767,-0.7992547154426575,-0.9196360111236572,-1.3012490272521973,-1.4333540201187134,-1.1746560335159302,-0.8250442743301392,-0.3785535991191864,-0.5162327289581299,-0.5212618708610535,-0.15824580192565918,-0.16884908080101013,0.4184839725494385,0.8244614601135254,0.660861074924469,-0.008802470751106739,-0.9562162756919861,-1.3109617233276367,-0.5887492895126343,0.3095252513885498,0.7700379490852356,1.0490580797195435,1.3831076622009277,1.0510432720184326,0.5444856882095337,1.0865278244018555,1.7854841947555542,2.0624141693115234,1.4570724964141846,0.8442618250846863,-0.24073222279548645,-0.7278991341590881,0.7454797029495239,2.061170816421509,2.497870683670044,2.1210060119628906,2.2484235763549805,1.9959545135498047,1.126715898513794,0.7670928835868835,-0.8648629188537598,-1.9199609756469727
-0.6648649573326111,-0.6883682012557983,-1.099111795425415,-1.681402564048767,-1.7258018255233765,-1.361214518547058,-1.0857956409454346,-0.8213880658149719,-1.017972707748413,-0.786349892616272,-0.09180505573749542,0.4656487703323364,1.1142319440841675,0.5179778933525085,-0.2199358195066452,-0.4446028769016266,-1.0266079902648926,-1.198062777519226,-0.6536557674407959,0.005133464466780424,0.6701286435127258,0.8452821969985962,0.9584566950798035,1.4560035467147827,1.2883232831954956,1.1674151420593262,1.4847208261489868,1.8576613664627075,1.6191620826721191,0.43250197172164917,-0.7104948163032532,-0.7204101085662842,0.5576388835906982,1.9436442852020264,2.009378433227539,1.3889166116714478,2.0422465801239014,2.304395914077759,0.5699027180671692,-0.24967549741268158,-1.3091076612472534,-2.06916880607605
-0.7901759743690491,-0.761542558670044,-1.2424182891845703,-2.0131611824035645,-1.878905177116394,-1.4023782014846802,-1.2699010372161865,-0.9500171542167664,-1.2131245136260986,-1.1286299228668213,-0.23777063190937042,0.5591756105422974,0.9207202792167664,-0.0251157283782959,-0.7476658225059509,-0.501145601272583,-0.895182728767395,-1.0834171772003174,-0.48211556673049927,0.24694807827472687,0.5421980619430542,0.6087937951087952,0.9969657063484192,1.6867687702178955,1.4307301044464111,1.2242345809936523,1.506417155265808,1.34589421749115,1.7716728448867798,1.073848009109497,-0.9466314911842346,-1.0930324792861938,0.6076034307479858,1.9886984825134277,2.1308562755584717,1.539675235748291,1.8171135187149048,2.114222288131714,0.3435412049293518,-0.6749994158744812,-1.5422625541687012,-1.951424241065979
-1.0073918104171753,-0.9788506031036377,-1.38566255569458,-2.166497230529785,-1.8900554180145264,-1.3488017320632935,-1.335233449935913,-1.0502920150756836,-1.1950044631958008,-1.2836718559265137,-0.6976512670516968,-0.00529255298897624,0.03884851187467575,-0.36693692207336426,-0.6956137418746948,-0.5680568814277649,-0.9395657777786255,-1.2592014074325562,-0.5521902441978455,0.11522359400987625,0.34892919659614563,0.5963534116744995,1.0555392503738403,1.4455881118774414,1.257162094116211,1.107032060623169,1.382805347442627,1.2384742498397827,1.7763930559158325,1.5377708673477173,-0.7355481386184692,-1.1111420392990112,0.6485913395881653,1.696980595588684,1.734792709350586,1.8725687265396118,1.9320908784866333,1.0893733501434326,0.0311861801892519,-0.5649138689041138,-1.927950143814087,-1.9392163753509521
-1.2698180675506592,-1.2654039859771729,-1.3733991384506226,-1.923681378364563,-1.834801435470581,-1.5039037466049194,-1.2666046619415283,-1.2834511995315552,-1.3016406297683716,-1.1892911195755005,-1.0530023574829102,-0.64410001039505,-0.4616793692111969,-0.5259390473365784,-0.6212239265441895,-0.7291134595870972,-1.0545361042022705,-1.0273373126983643,-0.5800912380218506,-0.20929114520549774,0.1214732974767685,0.5481194853782654,0.8016415238380432,1.1521004438400269,1.4088020324707031,1.4717235565185547,1.7357734441757202,1.394421100616455,1.886164665222168,1.321183204650879,-0.6539627909660339,-0.3791804313659668,0.9098958373069763,1.3813713788986206,1.516306757926941,2.227454662322998,2.2412734031677246,0.3573251962661743,-0.3814902901649475,-0.23799772560596466,-1.7483842372894287,-2.031257152557373
-1.3401081562042236,-1.3326520919799805,-1.3930429220199585,-1.5165066719055176,-1.2343339920043945,-1.0411131381988525,-1.2458603382110596,-1.535374641418457,-1.3714252710342407,-1.0465788841247559,-1.017801284790039,-0.8778923749923706,-0.6827642321586609,-0.6977965831756592,-0.9320587515830994,-1.1107078790664673,-1.2436171770095825,-0.8858487606048584,-0.2694534957408905,-0.4119822084903717,-0.3573538661003113,0.2656950354576111,0.46275967359542847,0.8413926959037781,1.10965096950531,1.2567600011825562,1.7256274223327637,1.2962782382965088,0.5783324837684631,-0.2897602319717407,-0.6735852956771851,0.8335252404212952,1.750188946723938,1.1327846050262451,1.0215636491775513,1.8656636476516724,2.0566887855529785,1.3647127151489258,0.6952738761901855,0.4132309854030609,-0.9043794274330139,-1.8912253379821777
-1.3221746683120728,-1.3308546543121338,-1.495060920715332,-1.779449224472046,-1.6168643236160278,-1.5286567211151123,-1.566576600074768,-1.5811785459518433,-1.4799858331680298,-1.0946485996246338,-1.0187629461288452,-0.8314567804336548,-0.8564274311065674,-0.9768865704536438,-1.0464036464691162,-1.2003554105758667,-1.0999560356140137,-0.5239971280097961,-0.29488661885261536,-0.6941214799880981,-0.5482170581817627,0.08779355883598328,0.38606321811676025,0.7641661167144775,0.93766188621521,1.1642518043518066,2.025717258453369,1.0051536560058594,-1.3893702030181885,-1.449611783027649,-0.13655146956443787,1.0126789808273315,1.9390838146209717,1.648911714553833,1.0142133235931396,1.3842726945877075,1.553386926651001,1.043543815612793,1.378214955329895,1.4390952587127686,-0.5253213047981262,-1.9315590858459473
-1.1784025430679321,-1.186388373374939,-1.607349157333374,-2.132040500640869,-1.9273124933242798,-1.754350185394287,-1.948790192604065,-1.801169991493225,-1.4958924055099487,-1.2325917482376099,-1.1384458541870117,-0.894709587097168,-0.9349925518035889,-1.0547730922698975,-1.095691204071045,-1.1049472093582153,-0.8122473359107971,-0.3269107937812805,-0.4598458409309387,-0.7708618640899658,-0.6225568652153015,-0.4671284854412079,-0.07684367150068283,0.6198930144309998,0.7683843374252319,0.8087008595466614,1.6552354097366333,1.6382322311401367,-0.4725554585456848,-1.376835823059082,-0.14919409155845642,0.7892042994499207,1.7301933765411377,2.231562614440918,1.383277416229248,0.8281801342964172,0.9500377774238586,0.9069815278053284,1.6956814527511597,1.931929111480713,-0.2734052538871765,-1.883081316947937
-1.1189322471618652,-1.0762879848480225,-1.4570525884628296,-2.0516786575317383,-2.0761067867279053,-1.9621152877807617,-2.0223562717437744,-1.8302700519561768,-1.5661436319351196,-1.3434672355651855,-1.2202188968658447,-1.0064810514450073,-1.0125762224197388,-1.0492252111434937,-1.0447471141815186,-0.8305545449256897,-0.38237589597702026,-0.0660216361284256,-0.24536246061325073,-0.5167276263237,-0.7520229816436768,-0.988318920135498,-0.6288177967071533,0.14611998200416565,0.5847412943840027,0.5736158490180969,1.2742831707000732,2.0003340244293213,1.3796151876449585,0.5089797377586365,0.6286648511886597,1.401715636253357,1.969018816947937,2.297703266143799,1.7596619129180908,1.0800670385360718,1.0591881275177002,1.221842885017395,1.5978983640670776,1.782416820526123,-0.3502614498138428,-1.8434823751449585
-1.109312891960144,-1.0598710775375366,-1.4724254608154297,-2.1577882766723633,-2.271170139312744,-2.1191136837005615,-2.105248212814331,-1.8627183437347412,-1.791433334350586,-1.643315315246582,-1.33750581741333,-1.008374571800232,-0.9199014902114868,-0.9435999989509583,-0.9641451239585876,-0.6960694789886475,-0.016765592619776726,0.6805118918418884,0.4301071763038635,-0.35578760504722595,-0.9915584921836853,-1.4236690998077393,-1.2216765880584717,-0.322872132062912,0.24410896003246307,0.503368616104126,1.002906084060669,1.4118529558181763,1.6359703540802002,1.3673933744430542,1.3033469915390015,1.8058443069458008,2.0594797134399414,2.120677947998047,1.728547215461731,1.3343846797943115,1.257012128829956,1.4342329502105713,1.884169578552246,1.5790339708328247,-0.7093898057937622,-1.6929534673690796
