demo/sfcwind/1100-wind-surface-level-gfs-1.0.json
{"header": {"productDefinitionTemplate": 0, "surface1Type": 103, "productStatus": 0, "disciplineName": "Meteorological products", "subDivisions": 0, "winds": "true", "parameterNumberName": "V-component_of_wind", "discipline": 0, "surface2Value": 0, "significanceOfRTName": "Start of forecast", "surface2TypeName": "Missing", "surface2Type": 255, "productTypeName": "Forecast products", "dx": 0.024617210030555725, "dy": 0.01798853650689125, "numberPoints": 65160, "productStatusName": "Operational products", "gribEdition": 2, "parameterUnit": "m.s-1", "forecastTime": 0, "refTime": "2020-09-30T09:00:00.000Z", "productType": 1, "genProcessTypeName": "Forecast", "scanMode": 0, "genProcessType": 2, "gribLength": 11338.0, "significanceOfRT": 1, "productDefinitionTemplateName": "Analysis/forecast at horizontal level/layer at a point in time", "centerName": "WRF OUTPUT", "la1": 43.66691207885742, "la2": 42.426788330078125, "lo2": 13.70867919921875, "gridUnits": "degrees", "surface1Value": 10, "shapeName": "Earth spherical with radius of 6,371,229.0 m", "surface1TypeName": "Specified height level above ground", "nx": 70.0, "ny": 70.0, "lo1": 12.008544921875, "basicAngle": 0, "gridDefinitionTemplate": 0, "shape": 6, "parameterNumber": 3, "subcenter": 0, "parameterCategoryName": "Momentum", "parameterCategory": 2, "center": 0, "gridDefinitionTemplateName": "Latitude_Longitude", "resolution": 48}, "data":
[rows 19 to 37 of 70, columns 0 to 41 of 70]
1.6573001146316528,1.6159964799880981,1.5852071046829224,1.4853119850158691,1.2102971076965332,0.8053298592567444,0.30099570751190186,0.1681268811225891,-0.1369352638721466,-0.22029675543308258,0.2531961500644684,-0.2591206431388855,-0.34664642810821533,0.18599972128868103,0.5546091198921204,0.869472861289978,0.7515152096748352,0.3021578788757324,0.13131017982959747,0.5742249488830566,0.11587415635585785,-0.7409787774085999,-0.34342479705810547,0.054466765373945236,0.5682296752929688,0.9223774671554565,1.194617748260498,1.0967886447906494,0.337100088596344,0.1131434291601181,0.32627052068710327,0.6231264472007751,1.0718423128128052,1.164370059967041,0.556929349899292,-0.0482524074614048,-0.5263036489486694,-0.23123016953468323,0.002203186508268118,-0.1882178634405136,-0.0063602011650800705,0.34790921211242676
1.7516303062438965,1.704530119895935,1.7119150161743164,1.5972555875778198,1.353755235671997,0.9045289754867554,0.4374561607837677,0.6570726633071899,0.7040736079216003,0.8366257548332214,0.7183770537376404,-0.04273177683353424,-0.3088373839855194,-0.37795642018318176,-0.1222279816865921,0.4404640793800354,0.40958845615386963,0.440833181142807,0.580707311630249,0.5487672090530396,0.19552242755889893,-0.33464786410331726,-0.28444626927375793,-0.353920578956604,-0.3295513987541199,0.23423197865486145,0.7835169434547424,1.1033296585083008,0.7784748673439026,0.32253098487854004,0.26375970244407654,0.46379491686820984,0.4440983235836029,0.4158801734447479,0.20174850523471832,-0.004941945895552635,-0.8273614048957825,-0.3669285178184509,0.2332712858915329,-0.04270312190055847,-0.23178619146347046,0.036268964409828186
1.744672417640686,1.7462691068649292,1.7539067268371582,1.5879780054092407,1.4074212312698364,1.2301867008209229,1.1177380084991455,1.057063341140747,0.9227856397628784,0.3609849214553833,-0.6383919715881348,-0.8215143084526062,-0.8849676847457886,-0.8768535852432251,-0.6751515865325928,0.010652641765773296,0.4908345937728882,0.8961539268493652,0.7832649350166321,0.5789826512336731,0.6557844877243042,0.4149678945541382,-0.38484320044517517,-0.5533469915390015,-0.4246080219745636,-0.03111267276108265,0.46298420429229736,0.9488442540168762,1.0250149965286255,0.27933594584465027,0.0409008152782917,0.028772862628102303,0.24238763749599457,0.08038879185914993,-0.8342083692550659,-1.4618791341781616,-1.4650821685791016,-0.7642605900764465,0.08572190254926682,0.019457194954156876,-0.24092042446136475,-0.2537919878959656
1.7039340734481812,1.754321813583374,1.7664275169372559,1.5329385995864868,1.3753119707107544,1.20753014087677,1.1168662309646606,0.4115006625652313,0.24657759070396423,-0.12343346327543259,-1.1289124488830566,-0.8823127746582031,-0.11071151494979858,-0.49966689944267273,-0.7138922214508057,-0.23404937982559204,0.7720406651496887,1.1286232471466064,0.8799256086349487,0.9484652876853943,1.2280281782150269,0.9360406398773193,0.7473379373550415,0.5923892259597778,0.623410165309906,0.5169757604598999,0.3456335961818695,0.4903431236743927,0.5154035687446594,-0.5134593844413757,-0.8999689817428589,-0.03271559625864029,0.6237267851829529,0.6509817242622375,-0.6142185926437378,-1.5640829801559448,-1.4300611019134521,-0.887779712677002,-0.544533908367157,-0.49735233187675476,-0.4767223298549652,-0.5702928304672241
1.6991305351257324,1.7469321489334106,1.6923551559448242,1.4791637659072876,1.264466404914856,1.1764966249465942,0.47845080494880676,0.17464680969715118,0.19855059683322906,0.18084919452667236,-0.25398579239845276,0.48503607511520386,0.9537381529808044,0.46365445852279663,-0.1786430925130844,0.09359187632799149,0.8439122438430786,1.0801106691360474,1.0921494960784912,1.1134004592895508,1.0220787525177002,1.128404974937439,1.5330301523208618,1.6084575653076172,1.3423670530319214,0.8382573127746582,0.43082383275032043,0.170583114027977,-0.08691564202308655,-0.6924141645431519,-0.9519362449645996,-0.07206974178552628,0.517148494720459,0.5973300337791443,-0.04485189914703369,-0.19718162715435028,-1.0529893636703491,-1.0175652503967285,-0.6673021912574768,-0.45403966307640076,-0.5438394546508789,-0.6376160979270935
1.6846648454666138,1.6998916864395142,1.6598093509674072,1.5093427896499634,1.4308680295944214,1.3334155082702637,0.8583954572677612,0.3230515420436859,0.16950081288814545,0.4061618745326996,0.5126558542251587,0.621126115322113,0.21632440388202667,0.277228981256485,-0.1951061487197876,-0.03494909778237343,0.28405338525772095,0.654557466506958,0.9005944132804871,0.9261032938957214,1.0807766914367676,1.1691056489944458,0.9689141511917114,0.8109654784202576,0.7420526742935181,0.18643483519554138,-0.13421203196048737,-0.17111264169216156,0.01086475234478712,-0.09001491963863373,-0.6560525298118591,-0.6253088712692261,-0.12483517825603485,0.06312799453735352,-0.10420548915863037,0.5976030826568604,-0.3570801019668579,-0.5947120785713196,-1.0261316299438477,-1.258946180343628,-0.661653459072113,-0.2854815721511841
1.6174957752227783,1.6185024976730347,1.596914529800415,1.590537667274475,1.7145931720733643,1.4147489070892334,1.2305192947387695,0.759269654750824,0.20994454622268677,0.35901567339897156,0.960069477558136,0.8753374814987183,0.9182276129722595,0.7211287021636963,-0.38763922452926636,-0.4555482864379883,-0.14762596786022186,0.40910637378692627,0.6463257670402527,0.869448721408844,0.9444607496261597,0.7502985596656799,0.8246719837188721,0.7226030826568604,0.529046893119812,0.10073971748352051,-0.7236250638961792,-0.7865906357765198,-0.22536270320415497,-0.13871389627456665,-0.8720869421958923,-0.8431799411773682,-0.30566924810409546,0.0758696049451828,0.11793123185634613,0.7275363206863403,1.1486119031906128,1.1694329977035522,0.7398082613945007,-1.2718641757965088,-0.905059278011322,-0.13601571321487427
1.4912395477294922,1.49935781955719,1.5347728729248047,1.5597965717315674,1.643236517906189,1.7390071153640747,1.7953426837921143,1.8503748178482056,1.1774057149887085,1.2989535331726074,1.543876051902771,1.5689822435379028,1.9073132276535034,1.5595029592514038,0.8606460690498352,0.18493038415908813,0.02710743620991707,0.48994874954223633,0.9274677634239197,0.9010855555534363,0.8617209792137146,0.8233495354652405,0.8226653337478638,0.9677855968475342,0.6547772884368896,0.505925178527832,-0.010458290576934814,-0.9799813032150269,-0.9604620337486267,-0.7284227609634399,-1.07968008518219,-0.9760481119155884,-0.5628940463066101,0.048713479191064835,0.9095035195350647,1.8099110126495361,2.1625306606292725,1.8412034511566162,1.4936596155166626,0.5942558646202087,-0.48409324884414673,-0.6699122786521912
1.36311674118042,1.4010976552963257,1.4362363815307617,1.4318342208862305,1.3013280630111694,1.530835747718811,1.85631263256073,1.7470779418945312,1.426533818244934,1.8752658367156982,1.6587709188461304,1.5227546691894531,1.260709285736084,0.9281046986579895,1.3490502834320068,0.872639536857605,0.08057752996683121,0.35066843032836914,0.9558269381523132,0.9988313317298889,0.9392276406288147,1.0150151252746582,0.9355769753456116,1.1325591802597046,0.7528824806213379,0.40063372254371643,0.36676692962646484,-0.45911920070648193,-1.1969071626663208,-0.9619726538658142,-0.68571537733078,-0.6694868803024292,-0.532681405544281,0.03407241031527519,1.0003858804702759,1.634942889213562,1.2590105533599854,0.20282869040966034,-0.7872294783592224,0.22649678587913513,-0.11829426884651184,-0.9089027643203735
1.1831789016723633,1.2241287231445312,1.2688589096069336,1.2376669645309448,1.0595325231552124,1.1327615976333618,1.274660587310791,1.3349360227584839,1.1561517715454102,1.4933927059173584,1.5047180652618408,1.3843631744384766,0.663518488407135,0.0702943503856659,0.43076106905937195,0.8766380548477173,0.3537771701812744,0.24038027226924896,0.550246000289917,0.858730673789978,0.9266842007637024,0.9291359186172485,1.143093466758728,1.2772167921066284,0.6226489543914795,0.2531028091907501,0.1725354790687561,0.13163043558597565,-0.6423065662384033,-1.2638462781906128,-0.7347989678382874,-0.6992877125740051,-0.6705578565597534,-0.31068408489227295,0.04986383765935898,-0.01825597509741783,-0.23353523015975952,-0.7025627493858337,-1.5818053483963013,-1.5756546258926392,-0.7698991298675537,-0.59806227684021
0.9798523187637329,0.968596339225769,1.0000898838043213,1.0297198295593262,1.0150045156478882,1.131122350692749,1.1929595470428467,1.1361976861953735,1.0450680255889893,1.2120825052261353,1.3954977989196777,1.2070724964141846,0.40406256914138794,-0.36976704001426697,0.256468266248703,0.7766408324241638,0.9155882596969604,0.7878074049949646,0.7640533447265625,0.9187732338905334,0.8400098085403442,0.9991437792778015,1.171679973602295,0.9534218311309814,-0.06063975393772125,-0.6047996282577515,-0.6268226504325867,-0.5517206788063049,-0.19818812608718872,-0.9608906507492065,-0.9364721775054932,-0.7571472525596619,-0.7212146520614624,-0.5619672536849976,-0.3304116427898407,-0.49176982045173645,-0.49858734011650085,-0.2582430839538574,-1.059370994567871,-1.3931472301483154,-0.907164454460144,-0.2635962963104248
0.7616899609565735,0.7098758816719055,0.7445880770683289,0.7625097632408142,0.6741073131561279,0.6284818649291992,0.5776137113571167,0.6468709111213684,0.5640502572059631,0.6817843914031982,1.0270060300827026,1.143425703048706,0.990919291973114,0.5908503532409668,0.6470739245414734,0.758945643901825,0.6452667713165283,0.8405230641365051,0.8879684805870056,0.9234206080436707,0.9029069542884827,1.0475102663040161,0.9329246282577515,0.6957116723060608,0.20980282127857208,-0.42799603939056396,-0.6775671243667603,-0.03138303756713867,0.6692360639572144,0.14605572819709778,-0.31395572423934937,-0.285214364528656,-0.3479941785335541,-0.07726621627807617,0.4287962317466736,0.3797403573989868,-0.41877567768096924,-0.2635754346847534,-0.8891180157661438,-1.752887487411499,-0.9392728805541992,-0.30119630694389343
0.5363707542419434,0.4876841604709625,0.5105595588684082,0.43451905250549316,0.1272033452987671,0.05176810920238495,0.1073271632194519,0.46514561772346497,0.8479853272438049,0.6736233234405518,1.0063716173171997,1.3546496629714966,1.647907018661499,1.3456355333328247,0.8156958222389221,0.5629906058311462,0.3516989052295685,0.38393884897232056,0.4539376199245453,0.6375883221626282,0.8502212166786194,0.7987011671066284,0.7490648627281189,0.821110188961029,0.8475842475891113,0.8740491271018982,0.6040552854537964,1.13004469871521,0.9126381278038025,0.27292466163635254,0.18013836443424225,-0.16851969063282013,-0.524937093257904,-0.2283671647310257,0.320986807346344,0.3526000678539276,-0.5986388921737671,-0.9206609725952148,-0.9913488030433655,-1.4349507093429565,-0.773762047290802,-0.8886520266532898
0.2904469072818756,0.2668227255344391,0.26417556405067444,-0.024074645712971687,-1.0448986291885376,-0.6135901212692261,-0.14984112977981567,0.589892566204071,1.1263707876205444,0.8954817056655884,0.8076127171516418,1.1340924501419067,1.309414029121399,1.1218788623809814,0.8843650221824646,0.7279847264289856,0.7207489609718323,0.4892377257347107,0.1849919557571411,0.1224985420703888,0.42824864387512207,0.5728888511657715,0.652390718460083,0.8171755075454712,0.9279943108558655,1.2429273128509521,0.6738959550857544,-0.32181257009506226,-0.7773851156234741,-0.35246217250823975,0.49381694197654724,-0.06850772351026535,-1.1038769483566284,-1.251981258392334,-0.830832839012146,-0.34996166825294495,0.04522204399108887,0.3976980745792389,0.707170307636261,0.9696769714355469,0.39542675018310547,-1.0927413702011108
0.056653428822755814,0.07241008430719376,0.08814282715320587,-0.044870004057884216,-0.606098473072052,0.021198444068431854,0.26281023025512695,0.6227230429649353,0.9991565346717834,1.038029432296753,0.8064810037612915,0.811678946018219,0.7680307030677795,0.7467439770698547,0.734832763671875,0.695983350276947,0.6090395450592041,0.24432900547981262,-0.26032403111457825,-0.18067918717861176,0.21304303407669067,0.3769111931324005,0.4111000895500183,0.4853385090827942,0.7880203723907471,0.9597004055976868,0.31521114706993103,-1.5320404767990112,-1.8075720071792603,-0.024611249566078186,0.7717853784561157,0.07993818819522858,-0.8546640872955322,-1.4147992134094238,-1.5606058835983276,-0.7136884927749634,0.6070446968078613,1.8291312456130981,1.9865742921829224,1.0484071969985962,0.258258193731308,-0.6804566383361816
-0.13727180659770966,-0.09687241911888123,-0.043098606169223785,0.1631261110305786,0.6817062497138977,0.8748985528945923,0.8451291918754578,0.5884353518486023,0.6344396471977234,0.7137616276741028,0.7928802967071533,0.7560151219367981,0.6201688647270203,0.5374324321746826,0.5467756390571594,0.42285341024398804,0.18505434691905975,-0.27567756175994873,-0.378000408411026,0.06129372864961624,0.04304904863238335,0.054695263504981995,0.24284575879573822,0.2656168043613434,0.3692871630191803,0.6827656030654907,0.5906952023506165,-0.3532218337059021,-0.8604410886764526,0.3976518213748932,0.8580774068832397,0.5171327590942383,0.40155017375946045,-0.10969617962837219,-1.0739734172821045,-0.5358999371528625,0.6423431038856506,1.4793708324432373,1.3121997117996216,0.03492216020822525,-0.7294284701347351,-0.7264927625656128
-0.2736176550388336,-0.25080713629722595,-0.18442462384700775,0.027955733239650726,0.45325225591659546,0.5143189430236816,0.6336057186126709,0.4861944317817688,0.25080999732017517,0.28866392374038696,0.4050825536251068,0.4810062348842621,0.5573023557662964,0.5510467886924744,0.47236698865890503,0.28313204646110535,-0.12508529424667358,-0.48114582896232605,-0.38056832551956177,-0.3631284236907959,-0.5731632113456726,-0.328856498003006,0.11871305853128433,0.2076950967311859,0.2509206235408783,0.3596574366092682,0.6390273571014404,0.8951782584190369,0.8091754913330078,1.302471399307251,1.5866502523422241,1.355936884880066,0.9564723372459412,0.6776259541511536,0.20104873180389404,0.22507630288600922,0.4768826365470886,0.224482923746109,-0.006802149582654238,-0.0605948343873024,-0.7567781209945679,-0.7350360751152039
-0.32240670919418335,-0.3482005298137665,-0.29009759426116943,-0.08495617657899857,0.27361172437667847,0.23772601783275604,0.25396081805229187,0.13000160455703735,0.09978670626878738,0.24146497249603271,0.3455052375793457,0.3785765469074249,0.3685079514980316,0.2515316605567932,0.1650274693965912,-0.007436107844114304,-0.3352181911468506,-0.7424578070640564,-0.991245448589325,-1.1285984516143799,-1.0601580142974854,-0.6092735528945923,-0.06856469810009003,0.287368506193161,0.3585661053657532,0.24307310581207275,0.312417209148407,0.9095197916030884,1.4093248844146729,1.8475326299667358,2.051825761795044,1.496710181236267,0.42032942175865173,0.03460051491856575,0.3355608284473419,0.24746081233024597,-0.071892648935318,-0.6109448075294495,-1.0007044076919556,-0.7189523577690125,-1.0214240550994873,-0.8135474324226379
-0.3227296769618988,-0.38074445724487305,-0.35318389534950256,-0.31146034598350525,-0.345600426197052,-0.28674569725990295,-0.3862251043319702,-0.5322855114936829,-0.3874439597129822,0.12636375427246094,0.5196900963783264,0.5067084431648254,0.25483328104019165,0.0559985376894474,-0.041108474135398865,-0.12246842682361603,-0.3607228696346283,-0.7545444369316101,-1.2043794393539429,-1.422499656677246,-1.2747867107391357,-0.6901397705078125,-0.23148703575134277,0.29770344495773315,0.42025795578956604,0.36983415484428406,0.2032097429037094,0.6377992033958435,1.064267873764038,1.3398891687393188,1.6447080373764038,0.9687988758087158,0.05495811626315117,-0.3056727945804596,0.18777358531951904,0.13145580887794495,-0.30188122391700745,-0.39741069078445435,-0.9740134477615356,-0.9857056140899658,-0.9042787551879883,-1.0881544351577759
