demo/sfcwind/1100-wind-surface-level-gfs-1.0.json
{"header": {"productDefinitionTemplate": 0, "surface1Type": 103, "productStatus": 0, "disciplineName": "Meteorological products", "subDivisions": 0, "winds": "true", "parameterNumberName": "V-component_of_wind", "discipline": 0, "surface2Value": 0, "significanceOfRTName": "Start of forecast", "surface2TypeName": "Missing", "surface2Type": 255, "productTypeName": "Forecast products", "dx": 0.024617210030555725, "dy": 0.01798853650689125, "numberPoints": 65160, "productStatusName": "Operational products", "gribEdition": 2, "parameterUnit": "m.s-1", "forecastTime": 0, "refTime": "2020-09-30T09:00:00.000Z", "productType": 1, "genProcessTypeName": "Forecast", "scanMode": 0, "genProcessType": 2, "gribLength": 11338.0, "significanceOfRT": 1, "productDefinitionTemplateName": "Analysis/forecast at horizontal level/layer at a point in time", "centerName": "WRF OUTPUT", "la1": 43.66691207885742, "la2": 42.426788330078125, "lo2": 13.70867919921875, "gridUnits": "degrees", "surface1Value": 10, "shapeName": "Earth spherical with radius of 6,371,229.0 m", "surface1TypeName": "Specified height level above ground", "nx": 70.0, "ny": 70.0, "lo1": 12.008544921875, "basicAngle": 0, "gridDefinitionTemplate": 0, "shape": 6, "parameterNumber": 3, "subcenter": 0, "parameterCategoryName": "Momentum", "parameterCategory": 2, "center": 0, "gridDefinitionTemplateName": "Latitude_Longitude", "resolution": 48}, "data":
[rows 0 to 18 of 70, columns 0 to 41 of 70]
1.5097843408584595,1.7265114784240723,1.730568528175354,1.6376794576644897,1.3478032350540161,1.2731053829193115,1.263818621635437,1.138782262802124,0.87376469373703,0.8185319900512695,0.31876933574676514,0.41349107027053833,0.5187946557998657,0.42823684215545654,0.2721982002258301,0.31254270672798157,0.478666216135025,-0.0717235654592514,-0.4340704381465912,-0.72538822889328,-0.9825056791305542,-0.9696745872497559,-0.8948823809623718,-0.8006981015205383,-0.7184715867042542,-0.6145310997962952,-0.3946835696697235,-0.0234138835221529,-0.18268413841724396,-0.4367656409740448,-1.0290541648864746,-1.0834957361221313,-1.3637586832046509,-1.4999661445617676,-1.5055700540542603,-1.4871190786361694,-1.4966833591461182,-1.477344274520874,-1.386696457862854,-1.2288013696670532,-1.1342592239379883,-1.0716776847839355
1.485588788986206,1.6928107738494873,1.691735863685608,1.5616364479064941,1.2506214380264282,1.1371208429336548,1.0540692806243896,0.9349742531776428,0.5950806736946106,0.5610218644142151,0.16368138790130615,0.37102314829826355,0.5836660265922546,0.5349575877189636,0.40199944376945496,0.46672070026397705,0.6860533356666565,0.10679532587528229,-0.29459574818611145,-0.6064497232437134,-0.8706356287002563,-0.8436189889907837,-0.747282862663269,-0.6347286105155945,-0.5313506126403809,-0.3596899211406708,-0.08175380527973175,0.33851322531700134,0.18272767961025238,-0.08748355507850647,-0.7718749046325684,-0.836488664150238,-1.1282416582107544,-1.2640882730484009,-1.2747492790222168,-1.2106767892837524,-1.2378777265548706,-1.232378602027893,-1.1845005750656128,-1.0934779644012451,-1.0435503721237183,-1.0625165700912476
1.4691821336746216,1.5669729709625244,1.598665475845337,1.4926060438156128,1.428221583366394,1.4089183807373047,1.3114393949508667,1.247118353843689,1.0268511772155762,0.9447486400604248,0.9616278409957886,1.012754201889038,0.9944015145301819,0.8672314286231995,0.7339296340942383,0.6175529956817627,0.5693368911743164,0.43383684754371643,0.3317367732524872,0.23649218678474426,0.19479312002658844,0.1556042730808258,0.12541261315345764,0.12687243521213531,0.13705553114414215,0.2989007234573364,0.3585876226425171,0.4360108971595764,0.34375569224357605,0.13430508971214294,-0.39287713170051575,-0.6810021996498108,-0.9286554455757141,-1.0526189804077148,-1.0790445804595947,-0.977741539478302,-1.0102641582489014,-1.04813814163208,-1.0876132249832153,-1.1395522356033325,-1.1698473691940308,-1.1836528778076172
1.5068464279174805,1.5092711448669434,1.4963467121124268,1.3547018766403198,1.1032001972198486,1.0435525178909302,1.081629991531372,1.0275843143463135,0.9094567894935608,0.8278207182884216,0.7740729451179504,0.7695220708847046,0.7765411734580994,0.6193250417709351,0.6353693604469299,0.6204521059989929,0.5475899577140808,0.55918288230896,0.6416618227958679,0.6945512890815735,0.8568928241729736,0.7203329205513,0.5678963661193848,0.20890499651432037,-0.2733236849308014,-0.4502811133861542,-0.3152579069137573,-0.1388397514820099,-0.11565887928009033,-0.198907732963562,-0.5773183107376099,-0.9040964245796204,-1.1107792854309082,-1.1003425121307373,-1.1129577159881592,-1.1997323036193848,-1.3042128086090088,-1.3854267597198486,-1.5076181888580322,-1.620097279548645,-1.8230633735656738,-1.8868430852890015
1.4875049591064453,1.423388957977295,1.4150832891464233,1.2990034818649292,0.8850951790809631,0.9312142133712769,1.1139038801193237,1.1746007204055786,1.2957590818405151,1.1542831659317017,0.9904244542121887,0.9842153191566467,0.9874083995819092,0.7179172039031982,0.695472002029419,0.4542200267314911,0.5967064499855042,0.7764372229576111,0.9744444489479065,1.1495304107666016,1.2352015972137451,0.9418160319328308,0.6799240112304688,0.2276577651500702,0.17245584726333618,0.23671585321426392,0.3727473020553589,0.6623064279556274,0.663749635219574,0.3796924352645874,0.027313120663166046,-0.4841042459011078,-0.9666049480438232,-1.1757442951202393,-1.0419642925262451,-0.9475725293159485,-0.9487640857696533,-0.9258193969726562,-1.1070964336395264,-1.3519997596740723,-1.6734429597854614,-1.9319415092468262
1.332028865814209,1.2324862480163574,1.1984508037567139,1.1108914613723755,0.6400490403175354,0.7429855465888977,1.286195993423462,1.3159210681915283,1.408886194229126,1.390694260597229,1.4898349046707153,1.4352424144744873,1.3439559936523438,1.0194177627563477,0.7884370684623718,0.7903196811676025,1.3112787008285522,1.312833309173584,1.297729253768921,1.2760038375854492,1.2279616594314575,0.7778180241584778,0.5206457376480103,0.6422621011734009,1.4512779712677002,1.6629544496536255,1.6246254444122314,1.6749354600906372,1.43053138256073,0.9422509670257568,0.5651773810386658,0.07210191339254379,-0.4176255464553833,-0.3574238717556,0.017563452944159508,0.08086416125297546,-0.03542417660355568,-0.14928606152534485,-0.2801223695278168,-0.514308512210846,-0.8129003643989563,-1.019087791442871
1.0182751417160034,0.9165932536125183,0.8955286741256714,0.831817626953125,0.4726131558418274,0.6281008124351501,0.9669548273086548,1.263487458229065,1.177690029144287,1.0591989755630493,1.242830514907837,1.4028301239013672,1.246641755104065,1.0244807004928589,0.922684907913208,1.267727017402649,1.4615856409072876,1.2940219640731812,1.1601670980453491,1.1580449342727661,1.11839759349823,1.1860849857330322,1.3510148525238037,1.7774287462234497,1.9733809232711792,1.601086974143982,1.4724695682525635,1.2253150939941406,0.9805416464805603,0.8718755841255188,0.7337209582328796,0.4481106996536255,0.2878941297531128,0.3759576082229614,0.4013296067714691,0.19799521565437317,0.0665120854973793,-0.17672885954380035,-0.40723463892936707,-0.5382658839225769,-0.764922022819519,-0.8290618658065796
0.5023274421691895,0.4215334355831146,0.44154849648475647,0.4497174024581909,0.27855703234672546,0.6634687185287476,0.7702124118804932,0.9821783900260925,1.310293436050415,1.0173161029815674,1.1126519441604614,1.3951553106307983,1.1995596885681152,1.0855870246887207,1.2269208431243896,1.2798991203308105,1.1901087760925293,1.131842851638794,1.1806381940841675,1.411838173866272,1.4721049070358276,1.9320969581604004,2.4670281410217285,2.5156373977661133,2.0420684814453125,1.4300024509429932,1.5461336374282837,1.1963343620300293,0.7967456579208374,0.8877375721931458,0.6437711119651794,0.25521546602249146,0.13272374868392944,0.06413377821445465,-0.060660362243652344,0.10760463029146194,0.24469299614429474,-0.2138034552335739,-0.7815057635307312,-0.7833062410354614,-0.647614598274231,-0.6403490900993347
0.0209753829985857,-0.057924095541238785,0.010121482424438,0.0694478303194046,0.007741546258330345,0.44023439288139343,0.6335917115211487,0.6050872802734375,0.7811214327812195,0.8955947160720825,0.9733895659446716,0.9114566445350647,0.7496626377105713,0.9886381030082703,1.1749097108840942,1.2624311447143555,1.321323275566101,1.2165379524230957,1.4533348083496094,1.6828488111495972,1.730625033378601,1.5912114381790161,1.888729453086853,1.7584545612335205,1.8190339803695679,1.8935739994049072,2.0155091285705566,0.9000346660614014,-0.17101894319057465,-0.46778449416160583,-0.5674469470977783,-0.7560972571372986,-0.8923205733299255,-0.9694793224334717,-0.6762053966522217,0.2212655395269394,0.4071398377418518,-0.08871378749608994,-0.6788475513458252,-0.5799813866615295,-0.39173805713653564,-0.5405615568161011
-0.23559196293354034,-0.28509998321533203,-0.25788867473602295,-0.18475383520126343,-0.020665878430008888,0.19790920615196228,0.11870931088924408,0.37283745408058167,0.4695144295692444,0.7288230061531067,0.9675906300544739,0.6951157450675964,0.4330330193042755,0.834768533706665,1.081514835357666,1.2216684818267822,1.1334086656570435,1.2715390920639038,1.5896873474121094,1.611915111541748,1.538190245628357,1.2924354076385498,0.8847300410270691,0.4594642221927643,1.6630319356918335,2.4922425746917725,2.639603614807129,0.5972506403923035,-1.1362851858139038,-0.6808358430862427,-0.9813975095748901,-0.09987056255340576,0.0993141457438469,-0.09270747005939484,-0.08157438039779663,0.4937097132205963,0.594105064868927,0.7664470672607422,0.5333942770957947,-0.48685434460639954,-0.6981170773506165,-0.8880415558815002
-0.33756574988365173,-0.376099556684494,-0.35820329189300537,-0.30484649538993835,-0.20000191032886505,-0.019370201975107193,-0.15704280138015747,-0.0882495790719986,0.0006393098155967891,0.17829369008541107,0.5713501572608948,0.3298218548297882,0.2462129145860672,0.4416961073875427,0.6160327196121216,0.6021407246589661,0.7268249988555908,1.424417495727539,1.9043654203414917,1.5326231718063354,1.2871447801589966,1.4002176523208618,1.133256196975708,0.31649550795555115,0.6160367727279663,1.1610692739486694,1.931980848312378,1.8205366134643555,-1.138805627822876,-1.093341588973999,-0.8306423425674438,-0.01905483566224575,0.3365574777126312,1.1413967609405518,1.2228285074234009,1.0376653671264648,1.0205625295639038,1.1992061138153076,1.0687744617462158,-0.1189451590180397,-1.1874181032180786,-1.2204258441925049
-0.3379933536052704,-0.3594585657119751,-0.32074299454689026,-0.2446148544549942,-0.07778032124042511,-0.2457246631383896,-0.575113832950592,-0.6741296648979187,-0.9097433686256409,-0.5721853971481323,-0.16250014305114746,0.1712375283241272,0.3919481635093689,0.36621254682540894,0.29020601511001587,0.49509197473526,1.0144416093826294,1.6902544498443604,1.9447656869888306,1.4458963871002197,1.2404801845550537,1.6275150775909424,1.6973700523376465,1.3766765594482422,-0.03355884924530983,-0.11529034376144409,1.1453567743301392,2.1146233081817627,0.4974697232246399,-1.2313199043273926,-0.9582182168960571,-1.3666092157363892,-0.9983903765678406,0.7095070481300354,1.063935399055481,1.2328792810440063,1.4153516292572021,1.182386040687561,1.096138834953308,0.7733257412910461,-0.6617584824562073,-0.7160810232162476
-0.20173539221286774,-0.23912625014781952,-0.240196093916893,-0.1893686205148697,-0.2389272153377533,-0.5991250276565552,-0.44685208797454834,-0.49222061038017273,-0.4533330202102661,-0.2397031933069229,-0.0017424221150577068,0.2525380849838257,0.23119224607944489,0.11572954058647156,0.27602776885032654,1.1030583381652832,1.583151936531067,1.6678990125656128,1.476845145225525,1.5135469436645508,1.4923746585845947,1.7975897789001465,1.710169792175293,1.5350154638290405,1.078465223312378,0.08107621967792511,0.3061305582523346,0.6251296997070312,1.158718228340149,0.9770415425300598,0.7697620987892151,0.1974027454853058,0.05980348587036133,1.071571707725525,0.9304044842720032,0.9272819757461548,1.2025619745254517,1.4149013757705688,1.452446460723877,1.034134864807129,0.41835081577301025,0.2516137659549713
0.04517132788896561,-0.0025929678231477737,-0.060121577233076096,-0.020849138498306274,0.0941830649971962,0.009463068097829819,0.3894089162349701,0.7467391490936279,0.7749815583229065,0.6591208577156067,0.4594494104385376,0.2906918525695801,0.2776625454425812,0.6579331159591675,1.0938801765441895,1.6449408531188965,1.627247929573059,1.2473273277282715,1.1787447929382324,1.6144518852233887,1.725809097290039,1.5680372714996338,1.3784217834472656,1.1536571979522705,1.3421144485473633,0.5524568557739258,0.6496023535728455,0.8172088861465454,0.941510796546936,1.6519339084625244,1.7133740186691284,1.534449577331543,1.758294939994812,1.8081543445587158,1.3861974477767944,0.6553670167922974,0.3715406060218811,1.2660859823226929,1.3862706422805786,0.9062231779098511,1.0646162033081055,0.828610360622406
0.2809336185455322,0.261687695980072,0.18527978658676147,0.20881310105323792,0.41254931688308716,0.5119649171829224,0.7394693493843079,0.8020479679107666,0.9315106868743896,0.6744466423988342,0.5029016137123108,0.584524393081665,0.8546848297119141,1.2849938869476318,1.3771305084228516,1.482517123222351,1.1834146976470947,0.947260856628418,1.2480770349502563,1.6271169185638428,1.6375161409378052,1.3968892097473145,0.9843994379043579,1.1137877702713013,0.9236713647842407,0.9233551025390625,1.6628519296646118,1.7603896856307983,1.5577354431152344,0.9852074980735779,0.11304068565368652,0.23279525339603424,0.8838855624198914,1.2197868824005127,1.4123040437698364,0.9223428964614868,0.4127683937549591,1.1422020196914673,1.0034551620483398,0.6256512403488159,0.9503735303878784,0.3640730082988739
0.5564385652542114,0.555782675743103,0.4757266640663147,0.4562031328678131,0.4985951781272888,0.3151325285434723,0.5114073157310486,0.5649337768554688,0.5509876012802124,0.24815651774406433,0.23985187709331512,0.4967500567436218,0.8408554196357727,0.9805709719657898,1.084768533706665,1.134608268737793,0.693453311920166,0.5494903326034546,1.153417944908142,1.379452109336853,1.3356105089187622,1.1927971839904785,1.174215316772461,1.2341974973678589,1.1928564310073853,1.1908352375030518,1.7284213304519653,1.759443759918213,1.6290562152862549,1.5392000675201416,-0.18939177691936493,-0.8071378469467163,-0.017412232235074043,0.6517822742462158,1.0211865901947021,1.2610235214233398,1.193848967552185,1.5250219106674194,0.9607849717140198,0.8409147262573242,0.9896666407585144,0.0195930153131485
0.8440046906471252,0.8208773136138916,0.7634053826332092,0.740608274936676,0.724787175655365,0.4241669476032257,0.3885810971260071,0.4196450114250183,0.4845031797885895,0.3767423927783966,0.26330995559692383,0.5062872171401978,0.6596922874450684,0.8069877624511719,1.0975300073623657,0.8983350396156311,0.3038298189640045,0.615835964679718,1.399186611175537,1.0393404960632324,0.44838207960128784,0.9320552945137024,1.5741181373596191,1.3940069675445557,1.2628061771392822,1.2877843379974365,1.4126139879226685,1.3352450132369995,1.4220058917999268,1.6252305507659912,0.9111105799674988,-0.9624903202056885,-0.015776818618178368,0.6986702084541321,0.7349969744682312,1.2100884914398193,1.3763561248779297,1.456629753112793,1.2543671131134033,1.2713329792022705,1.342205286026001,1.1132605075836182
1.15736722946167,1.1141351461410522,1.0750794410705566,1.0028743743896484,0.8629935383796692,0.5873795747756958,0.4798203408718109,0.1073528379201889,-0.17944933474063873,-0.166063129901886,-0.4695986211299896,-0.2476305067539215,0.37079915404319763,0.6496877670288086,0.7788287401199341,0.727535605430603,0.9695632457733154,1.5222761631011963,1.424018383026123,0.6314701437950134,-0.3595721423625946,0.37919268012046814,0.9520003795623779,1.108239769935608,1.12317955493927,1.259817361831665,1.0374436378479004,0.9123034477233887,0.9151598215103149,1.1522303819656372,1.6009976863861084,0.6932816505432129,-0.1715565025806427,0.04087920859456062,0.38004258275032043,0.5186566114425659,0.7717338800430298,0.9532021284103394,1.2459744215011597,1.3406264781951904,1.1109346151351929,1.2820298671722412
1.4476277828216553,1.407081961631775,1.3713629245758057,1.2652721405029297,1.157046914100647,0.7892910838127136,0.4452742040157318,0.121445432305336,-0.5197323560714722,-0.9888932108879089,-1.0918899774551392,-0.7386707067489624,-0.19628699123859406,0.5249404907226562,0.710736095905304,0.8357093334197998,1.4162216186523438,1.2771153450012207,0.47394296526908875,0.41945600509643555,-0.4724145829677582,-0.4820576310157776,0.00669388473033905,0.6518756151199341,1.14645254611969,1.2444288730621338,1.1567816734313965,0.828883945941925,0.33267340064048767,0.6599019765853882,1.1955205202102661,1.4468026161193848,0.8454945087432861,0.561161458492279,0.09063716232776642,-0.5622869729995728,-0.2714361548423767,0.12361583858728409,0.40467166900634766,0.6275454759597778,0.7095633149147034,0.7117087244987488
