demo/sfcwind/1230-wind-surface-level-gfs-1.0.json
{"header": {"productDefinitionTemplate": 0, "surface1Type": 103, "productStatus": 0, "disciplineName": "Meteorological products", "subDivisions": 0, "winds": "true", "parameterNumberName": "U-component_of_wind", "discipline": 0, "surface2Value": 0, "significanceOfRTName": "Start of forecast", "surface2TypeName": "Missing", "surface2Type": 255, "productTypeName": "Forecast products", "dx": 0.024617210030555725, "dy": 0.01798853650689125, "numberPoints": 65160, "productStatusName": "Operational products", "gribEdition": 2, "parameterUnit": "m.s-1", "forecastTime": 0, "refTime": "2020-09-30T10:30:00.000Z", "productType": 1, "genProcessTypeName": "Forecast", "scanMode": 0, "genProcessType": 2, "gribLength": 11338.0, "significanceOfRT": 1, "productDefinitionTemplateName": "Analysis/forecast at horizontal level/layer at a point in time", "centerName": "WRF OUTPUT", "la1": 43.66691207885742, "la2": 42.426788330078125, "lo2": 13.70867919921875, "gridUnits": "degrees", "surface1Value": 10, "shapeName": "Earth spherical with radius of 6,371,229.0 m", "surface1TypeName": "Specified height level above ground", "nx": 70.0, "ny": 70.0, "lo1": 12.008544921875, "basicAngle": 0, "gridDefinitionTemplate": 0, "shape": 6, "parameterNumber": 2, "subcenter": 0, "parameterCategoryName": "Momentum", "parameterCategory": 2, "center": 0, "gridDefinitionTemplateName": "Latitude_Longitude", "resolution": 48}, "data":
[rows 19 to 37 of 70, columns 0 to 41 of 70]
1.6036118268966675,1.3681175708770752,0.9580208659172058,0.7028636932373047,0.6464385390281677,0.7747935056686401,0.518054187297821,-0.30876901745796204,0.19596491754055023,0.7158715724945068,0.3020603060722351,-0.2945404648780823,-0.8707406520843506,-0.4118342399597168,0.535205066204071,1.0850199460983276,1.3603135347366333,1.7977817058563232,1.9019783735275269,2.1366896629333496,2.0556392669677734,0.34515103697776794,-0.36508387327194214,0.14762623608112335,0.5471422672271729,1.2923263311386108,1.5095980167388916,1.5296878814697266,0.792650580406189,0.051943350583314896,1.0356239080429077,2.3841381072998047,2.493825912475586,1.9879711866378784,1.6513209342956543,1.4672383069992065,0.3682216703891754,-0.46733739972114563,-0.8163654208183289,-0.7326804995536804,-0.16208688914775848,1.226014494895935
1.3664034605026245,1.245758295059204,0.9256695508956909,0.7734071016311646,0.915144681930542,1.03184974193573,0.7658857107162476,0.21104268729686737,0.3969297409057617,0.4000574052333832,0.6360585689544678,1.200884461402893,-0.11849602311849594,-0.6247612237930298,0.23159144818782806,0.7052615880966187,1.448906660079956,1.7702763080596924,1.6807578802108765,1.8614423274993896,2.096026659011841,0.8502869009971619,-0.07968084514141083,-0.061680905520915985,-0.15875960886478424,0.25643616914749146,0.9698197245597839,1.4080240726470947,1.2336369752883911,0.9657549262046814,1.2498990297317505,2.116349697113037,2.4480388164520264,2.24524188041687,1.7382392883300781,1.8680616617202759,1.2618482112884521,-0.2665140926837921,-0.8123511672019958,-0.7659663558006287,-0.35531461238861084,0.4519127309322357
1.111007571220398,1.087853193283081,0.9219209551811218,0.7703249454498291,0.956853985786438,0.9874916672706604,0.7040215134620667,0.589326798915863,0.4952664375305176,0.6660100817680359,1.1032302379608154,1.0327582359313965,-0.2716900706291199,-0.6358475685119629,-0.32883983850479126,0.10903459042310715,1.1936627626419067,1.4818872213363647,1.5407721996307373,1.9058690071105957,1.7256758213043213,0.9867920875549316,0.23755516111850739,-0.31854474544525146,-0.6689459681510925,-0.6521368026733398,0.33057528734207153,1.104689359664917,1.122867226600647,1.3209401369094849,1.6111009120941162,2.2339110374450684,2.551898717880249,2.2857234477996826,1.9955896139144897,2.3603994846343994,1.3967688083648682,-0.6483115553855896,-0.8784416913986206,-0.45387741923332214,-0.4677993357181549,0.36300128698349
0.8846063613891602,0.9523665308952332,0.8603938817977905,0.743626594543457,0.8415619730949402,0.848463237285614,0.9912350177764893,1.1040056943893433,0.771095871925354,1.473263144493103,1.3555433750152588,0.07618565857410431,-0.3198632299900055,-0.592282772064209,-0.9236660599708557,-0.6115056872367859,0.28260523080825806,1.2981009483337402,1.7782142162322998,1.593653917312622,1.5977745056152344,1.4373846054077148,1.3237168788909912,0.8906259536743164,0.1634635180234909,0.16521157324314117,0.5286043882369995,0.808847188949585,1.3711785078048706,1.7691900730133057,1.6686128377914429,2.0170297622680664,2.8849096298217773,2.713322162628174,1.821185827255249,1.9290313720703125,0.8584779500961304,-1.1032565832138062,-0.877257227897644,-0.03703266754746437,-0.265389621257782,0.14136157929897308
0.5744444727897644,0.6499359011650085,0.660995364189148,0.5211179852485657,0.5112614631652832,0.8469588160514832,1.267985224723816,1.2129143476486206,1.007768988609314,1.9467843770980835,1.1031417846679688,-0.7445950508117676,-0.07711007446050644,0.764272928237915,-0.40599411725997925,-1.3203248977661133,-0.45473340153694153,0.809539258480072,1.3708631992340088,1.3454205989837646,1.4322402477264404,1.401214361190796,1.7202078104019165,1.3647897243499756,0.48078733682632446,0.6679374575614929,1.0899759531021118,1.2288545370101929,1.8067103624343872,1.972642421722412,1.4613399505615234,1.0580894947052002,2.149312973022461,2.468053102493286,0.6846442222595215,0.18377934396266937,-0.27396589517593384,-1.0059852600097656,-0.7218897342681885,-0.4770171046257019,-0.49935057759284973,-0.26697245240211487
0.22545331716537476,0.27679985761642456,0.41826337575912476,0.08197859674692154,0.18771682679653168,1.0406183004379272,1.3410099744796753,1.2204301357269287,1.2158364057540894,1.7685773372650146,1.0496485233306885,-0.5491998791694641,-0.6338995099067688,0.9260700941085815,0.7058256268501282,-1.3286839723587036,-0.8496055006980896,0.42498666048049927,1.0477385520935059,1.40995192527771,1.451717734336853,1.5069013833999634,1.8470958471298218,1.428144097328186,0.7116197347640991,1.049827218055725,1.4065085649490356,1.4841663837432861,1.7428070306777954,1.8815412521362305,1.2507401704788208,0.2087707221508026,1.9230116605758667,2.8231329917907715,-0.6381405591964722,-0.6987266540527344,0.16630421578884125,-0.8049442172050476,-0.7670698761940002,-0.8495070338249207,-0.5693577527999878,-0.26552432775497437
-0.12569870054721832,-0.13541066646575928,0.09166388213634491,-0.6409610509872437,-0.1798943430185318,1.0447379350662231,1.096940040588379,1.1043323278427124,1.284623622894287,1.8273625373840332,1.324979305267334,-0.057068005204200745,-0.29674583673477173,1.1443864107131958,0.8116170167922974,-1.5762077569961548,-1.291176199913025,-0.060535937547683716,0.4827664792537689,1.0348492860794067,1.2798805236816406,1.517552375793457,2.007899761199951,1.729029655456543,0.957541823387146,1.427039623260498,1.6852563619613647,1.699406385421753,1.8994693756103516,2.268707752227783,1.5885510444641113,0.010060925967991352,1.5995510816574097,2.676483154296875,-0.5716076493263245,-0.5358365774154663,1.3815488815307617,0.4122241735458374,0.21092422306537628,-0.7370344400405884,-1.6173473596572876,-0.6566613912582397
-0.42522263526916504,-0.4552437365055084,-0.34863191843032837,-1.5109694004058838,-0.9367749094963074,0.4586819112300873,0.603242814540863,1.381640911102295,1.7158589363098145,1.315530776977539,1.0316200256347656,0.12150705605745316,-0.3344447612762451,1.215684175491333,1.613746166229248,-0.7834956645965576,-1.6779677867889404,-0.6686168313026428,-0.019990164786577225,0.7246837019920349,1.2569693326950073,1.641068696975708,2.0156450271606445,1.8489651679992676,1.2295916080474854,1.5360366106033325,1.9868032932281494,2.1684086322784424,1.897199273109436,2.1347174644470215,1.5870400667190552,-0.013398540206253529,1.045218825340271,3.0639429092407227,1.868327021598816,0.65534907579422,1.3300411701202393,0.8508691787719727,1.6656748056411743,0.6850832104682922,-2.0539214611053467,-1.3639665842056274
-0.6123098731040955,-0.6699613928794861,-0.6683734059333801,-1.8244819641113281,-1.548322319984436,-0.47399836778640747,0.12201537936925888,1.6463913917541504,1.8638609647750854,1.115691900253296,0.8902020454406738,0.19311191141605377,0.1445987969636917,0.866280198097229,2.0070438385009766,1.105237364768982,-1.3067405223846436,-1.4035618305206299,-0.35725468397140503,0.49229151010513306,1.0463577508926392,1.5094397068023682,1.9711520671844482,1.758514404296875,1.423069953918457,1.7743771076202393,2.2664921283721924,2.450890302658081,2.0534026622772217,2.2301509380340576,1.5521562099456787,-0.1535094976425171,0.7549924850463867,2.3116750717163086,2.0681862831115723,1.3001956939697266,1.496160626411438,1.0482373237609863,1.272758960723877,1.1879223585128784,-1.3512039184570312,-1.7188336849212646
-0.8221313953399658,-0.8814105987548828,-0.9374291896820068,-2.140253782272339,-1.6723767518997192,-0.5902830362319946,-0.07447782903909683,1.580919623374939,1.5946519374847412,0.7291434407234192,0.739770770072937,0.5750835537910461,0.8729804754257202,1.2463395595550537,1.5085089206695557,1.3455493450164795,-0.24059009552001953,-1.3676878213882446,-0.8327789902687073,0.10007654875516891,0.9128724932670593,1.46211576461792,1.7761242389678955,1.7792820930480957,1.7991206645965576,2.037372350692749,2.335008144378662,2.5613081455230713,2.0624327659606934,1.7716248035430908,1.2282490730285645,0.019870033487677574,0.7487809658050537,2.2777059078216553,2.456246852874756,1.709829330444336,2.0968334674835205,1.7468478679656982,0.9075340628623962,0.8310372829437256,-0.9561964273452759,-1.9193652868270874
-0.9564703702926636,-1.029923677444458,-1.1857471466064453,-2.408740282058716,-1.9078388214111328,-0.6875877976417542,0.0037500052712857723,1.5929064750671387,1.2561185359954834,0.20221161842346191,0.2941724956035614,0.7497478127479553,1.6171379089355469,1.4435725212097168,0.9004437923431396,0.6854426860809326,-0.10571617633104324,-0.6677502393722534,-0.5519397258758545,-0.11796800047159195,0.8593086004257202,1.32926344871521,1.385136604309082,1.8357175588607788,2.1373510360717773,2.051098346710205,2.060272216796875,2.322270631790161,2.245020866394043,1.8738160133361816,0.6484261155128479,-0.39573290944099426,0.7632634043693542,2.3775267601013184,2.2381978034973145,1.3580080270767212,2.249101161956787,2.5367274284362793,0.7632514834403992,0.14509499073028564,-1.282461404800415,-2.1921730041503906
-1.1134470701217651,-1.1318222284317017,-1.3496510982513428,-2.558046340942383,-2.0176749229431152,-0.7888643741607666,-0.08933752775192261,1.4064364433288574,0.8702412247657776,-0.6173551082611084,-0.2752209007740021,0.8953350782394409,1.6365997791290283,1.042592167854309,0.006465594284236431,0.17851294577121735,-0.2410651594400406,-0.6888291835784912,-0.1576138287782669,0.18091578781604767,0.7717549800872803,1.0175895690917969,1.2698943614959717,2.1081061363220215,2.1225903034210205,1.9480477571487427,1.9737913608551025,1.8058967590332031,2.2275731563568115,1.935741662979126,-0.1926378607749939,-1.0151622295379639,0.9372134804725647,2.5384716987609863,2.5667262077331543,1.7475067377090454,2.0448198318481445,2.41007137298584,0.7798194289207458,-0.5525842905044556,-1.6390678882598877,-1.8572485446929932
-0.9994429349899292,-0.9500083327293396,-1.3618782758712769,-2.5473530292510986,-1.9795558452606201,-0.7869082689285278,-0.23065002262592316,0.7907648086547852,0.4252822697162628,-0.8299534320831299,-0.7129728198051453,0.41111990809440613,0.988325834274292,0.8845796585083008,0.38310256600379944,0.35279393196105957,-0.0693773627281189,-0.8432679176330566,-0.14846552908420563,0.30401962995529175,0.4188934564590454,0.8706130385398865,1.261479139328003,1.9471899271011353,1.916851282119751,1.659519910812378,1.7198988199234009,1.5769912004470825,2.0801808834075928,1.7689409255981445,-0.6192630529403687,-0.964389979839325,1.1721667051315308,2.248440742492676,2.1120951175689697,2.2213833332061768,2.152221441268921,1.1668001413345337,0.31430646777153015,-0.4783245623111725,-1.7493245601654053,-1.7869752645492554
-0.8555009365081787,-0.7128132581710815,-1.132168173789978,-2.234105110168457,-1.9236841201782227,-0.7728519439697266,-0.033078633248806,-0.45089641213417053,-0.6289361119270325,-0.33761584758758545,-0.6401637196540833,-0.235590398311615,0.295442134141922,0.7240210771560669,0.5838075876235962,0.37276625633239746,0.11529392004013062,-0.3446243107318878,0.07171279937028885,0.40335825085639954,0.3911541998386383,0.934887170791626,1.1520897150039673,1.568363904953003,1.9571880102157593,2.0602517127990723,2.1512579917907715,1.7464407682418823,2.0978262424468994,1.433278203010559,-0.4122992157936096,0.17480310797691345,1.6195732355117798,1.9967542886734009,1.9487929344177246,2.6531169414520264,2.7640771865844727,0.7193560600280762,-0.49634552001953125,-0.8211769461631775,-1.6778244972229004,-1.784618616104126
-0.8337668180465698,-0.6777136921882629,-1.0327293872833252,-1.6542259454727173,-1.2045364379882812,-0.4030235707759857,-0.32420584559440613,-1.0066295862197876,-1.0251035690307617,-0.2746542990207672,-0.4095274806022644,-0.340558260679245,0.11563524603843689,0.17778106033802032,0.11297640204429626,0.2416548728942871,-0.14097614586353302,-0.14651207625865936,0.6920945048332214,0.5560157299041748,0.16377559304237366,0.7697827219963074,0.8386102318763733,1.0797635316848755,1.5840057134628296,1.6969646215438843,2.2370593547821045,2.133519411087036,0.9981635808944702,-0.10448618233203888,-0.29590460658073425,1.1603987216949463,2.371114730834961,1.946569561958313,1.6528836488723755,2.4309921264648438,2.8016786575317383,1.9980595111846924,0.6426056623458862,-0.5262110829353333,-1.5454856157302856,-1.9128872156143188
-0.8154053688049316,-0.646827220916748,-0.9863103628158569,-1.5532646179199219,-1.1833144426345825,-0.8260049223899841,-0.7577056288719177,-0.9886937141418457,-1.1322834491729736,-0.6085230708122253,-0.5470070242881775,-0.20883068442344666,-0.10936129838228226,-0.09047336876392365,0.03058948554098606,-0.16117441654205322,-0.30547428131103516,0.1613200157880783,0.840857207775116,0.4366585612297058,-0.04120766371488571,0.5964263081550598,0.8511610627174377,1.1180886030197144,1.3049770593643188,1.3057860136032104,2.5376720428466797,1.9716140031814575,-1.0803521871566772,-1.6084764003753662,-0.02619791589677334,1.0446442365646362,1.9980008602142334,2.138218402862549,1.72824227809906,1.9882402420043945,2.4014716148376465,2.037388324737549,1.9726159572601318,0.43628114461898804,-1.8358919620513916,-2.0907506942749023
-0.8103819489479065,-0.6411586999893188,-1.011336088180542,-1.710148572921753,-1.5449576377868652,-1.2202260494232178,-1.337227463722229,-1.2656170129776,-1.1587680578231812,-0.8992083072662354,-0.7632911801338196,-0.3836776614189148,-0.23419837653636932,-0.2949121296405792,-0.1853807419538498,-0.16302677989006042,-0.17175646126270294,0.4580700695514679,0.767375111579895,0.3362250328063965,0.25528961420059204,0.5223636031150818,0.4579218924045563,0.905279815196991,1.1915451288223267,0.8756058812141418,1.8911564350128174,2.732370376586914,1.0090491771697998,-0.6703153252601624,-0.14409689605236053,0.814548909664154,1.8465163707733154,2.43162202835083,2.1251072883605957,1.7746306657791138,1.9525874853134155,1.7313343286514282,2.3746323585510254,1.4839590787887573,-1.5019283294677734,-2.1085612773895264
-0.7919507622718811,-0.6151826977729797,-0.9288031458854675,-1.6296354532241821,-1.6736961603164673,-1.4185059070587158,-1.5051227807998657,-1.4237210750579834,-1.3147443532943726,-1.0996617078781128,-0.8717966675758362,-0.5713528394699097,-0.4821264445781708,-0.40561071038246155,-0.3263522982597351,-0.12767933309078217,0.21106477081775665,0.7517716884613037,0.7625406980514526,0.28034186363220215,0.2351701855659485,0.17805203795433044,0.002427572151646018,0.3817956745624542,0.9825929403305054,0.5810718536376953,1.2094871997833252,2.7346224784851074,2.40907621383667,1.3370707035064697,0.9590516686439514,1.5125336647033691,2.2349963188171387,2.5979018211364746,2.5375921726226807,2.151794672012329,2.061772346496582,1.761002779006958,2.072951316833496,1.4689627885818481,-1.4370843172073364,-1.9998559951782227
-0.7962828278541565,-0.650178849697113,-0.9467117190361023,-1.5774950981140137,-1.794769048690796,-1.6268926858901978,-1.6821129322052002,-1.5640573501586914,-1.5399072170257568,-1.4590531587600708,-1.1240631341934204,-0.6803106069564819,-0.4712512493133545,-0.4258255660533905,-0.46101102232933044,-0.35929983854293823,0.2452896237373352,1.1793630123138428,1.1014882326126099,0.27821797132492065,-0.11559519171714783,-0.43348920345306396,-0.46069595217704773,-0.060511160641908646,0.5407654643058777,0.5808203816413879,0.8833106160163879,1.8676235675811768,2.3641788959503174,1.7783722877502441,1.3482555150985718,1.983413815498352,2.289358615875244,2.5330469608306885,2.715513229370117,2.3396551609039307,2.08910870552063,1.9213173389434814,2.266362190246582,1.5075185298919678,-1.1676892042160034,-1.5316307544708252
