demo/sfcwind/1230-wind-surface-level-gfs-1.0.json
{"header": {"productDefinitionTemplate": 0, "surface1Type": 103, "productStatus": 0, "disciplineName": "Meteorological products", "subDivisions": 0, "winds": "true", "parameterNumberName": "V-component_of_wind", "discipline": 0, "surface2Value": 0, "significanceOfRTName": "Start of forecast", "surface2TypeName": "Missing", "surface2Type": 255, "productTypeName": "Forecast products", "dx": 0.024617210030555725, "dy": 0.01798853650689125, "numberPoints": 65160, "productStatusName": "Operational products", "gribEdition": 2, "parameterUnit": "m.s-1", "forecastTime": 0, "refTime": "2020-09-30T10:30:00.000Z", "productType": 1, "genProcessTypeName": "Forecast", "scanMode": 0, "genProcessType": 2, "gribLength": 11338.0, "significanceOfRT": 1, "productDefinitionTemplateName": "Analysis/forecast at horizontal level/layer at a point in time", "centerName": "WRF OUTPUT", "la1": 43.66691207885742, "la2": 42.426788330078125, "lo2": 13.70867919921875, "gridUnits": "degrees", "surface1Value": 10, "shapeName": "Earth spherical with radius of 6,371,229.0 m", "surface1TypeName": "Specified height level above ground", "nx": 70.0, "ny": 70.0, "lo1": 12.008544921875, "basicAngle": 0, "gridDefinitionTemplate": 0, "shape": 6, "parameterNumber": 3, "subcenter": 0, "parameterCategoryName": "Momentum", "parameterCategory": 2, "center": 0, "gridDefinitionTemplateName": "Latitude_Longitude", "resolution": 48}, "data":
[rows 0 to 18 of 70, columns 0 to 41 of 70]
2.2580885887145996,2.2534470558166504,2.6724631786346436,2.1354832649230957,2.2286298274993896,1.8380390405654907,1.5831307172775269,1.949702501296997,2.4608747959136963,1.7772941589355469,0.49107667803764343,0.13581135869026184,-0.053627047687768936,-0.47960948944091797,-0.7419261336326599,-1.1282998323440552,-1.675868034362793,-1.9283801317214966,-1.9828863143920898,-2.021324634552002,-2.087632894515991,-2.1363418102264404,-2.101266384124756,-1.9593452215194702,-1.7754595279693604,-1.423278570175171,-1.231580138206482,-0.9870887994766235,-0.9189310669898987,-0.9780448079109192,-1.4102718830108643,-1.5034149885177612,-1.6269519329071045,-1.6826574802398682,-1.6600998640060425,-1.5093656778335571,-1.4408472776412964,-1.348623514175415,-1.1660776138305664,-0.6377497911453247,-0.5267690420150757,-1.1289268732070923
2.2504537105560303,2.215881586074829,2.6331374645233154,2.1276159286499023,2.19976806640625,1.7833658456802368,1.4440443515777588,1.8245718479156494,2.184004783630371,1.5837295055389404,0.5936874151229858,0.5238081812858582,0.464898020029068,0.01866437867283821,-0.3864980936050415,-0.9911927580833435,-1.6476906538009644,-1.8998242616653442,-1.905367374420166,-1.8985220193862915,-1.9003092050552368,-1.9443174600601196,-1.9144861698150635,-1.799963355064392,-1.613738775253296,-1.2881144285202026,-1.0457649230957031,-0.7301753163337708,-0.5976950526237488,-0.646697998046875,-1.0480064153671265,-1.1321496963500977,-1.268134593963623,-1.354110836982727,-1.3757370710372925,-1.3461759090423584,-1.3255102634429932,-1.3124479055404663,-1.1477458477020264,-0.5667223334312439,-0.47950053215026855,-1.2489675283432007
2.194279670715332,2.310781717300415,2.325821876525879,2.2243459224700928,2.0565898418426514,1.7878693342208862,1.4525773525238037,1.2946066856384277,0.9460517168045044,0.7741271257400513,0.7664077877998352,0.9006410241127014,0.827507734298706,0.5776765942573547,0.1977897435426712,-0.26388031244277954,-0.6116237044334412,-0.701290488243103,-0.7097342610359192,-0.707852840423584,-0.612723171710968,-0.6107150912284851,-0.6605486869812012,-0.7092995047569275,-0.7021190524101257,-0.6505417227745056,-0.5916032195091248,-0.5239307880401611,-0.506674587726593,-0.5884429812431335,-0.7395147681236267,-0.8530028462409973,-0.9934056401252747,-1.07802414894104,-1.1862001419067383,-1.3895186185836792,-1.4193336963653564,-1.5178756713867188,-1.5854452848434448,-1.5258889198303223,-1.4967647790908813,-1.666894793510437
2.2238662242889404,2.1256680488586426,2.052086591720581,1.844161033630371,1.4751343727111816,1.3051449060440063,1.1681513786315918,1.1775621175765991,1.1847050189971924,1.1074694395065308,1.0040075778961182,1.0053744316101074,0.8395740985870361,0.5227555632591248,0.31979453563690186,-0.12580928206443787,-0.4872209429740906,-0.5105401277542114,-0.44913312792778015,-0.30847078561782837,-0.07379337400197983,-0.042184457182884216,-0.03837436065077782,-0.3387320637702942,-0.4223790764808655,-0.4983295202255249,-0.5769170522689819,-0.651781439781189,-0.6503239870071411,-0.7623791694641113,-0.96302330493927,-1.234822392463684,-1.3396594524383545,-1.1545593738555908,-1.2135649919509888,-1.5616991519927979,-1.7279009819030762,-1.7159754037857056,-1.7667498588562012,-1.7979683876037598,-1.85005521774292,-1.96240234375
2.084672451019287,1.918887972831726,1.8631927967071533,1.733912706375122,1.2634690999984741,1.3030588626861572,1.507458209991455,1.3652901649475098,1.479777455329895,1.377298355102539,1.2712733745574951,1.301317811012268,1.1375887393951416,0.7140862941741943,0.5275026559829712,-0.031001055613160133,-0.05901666358113289,0.08614623546600342,0.26994505524635315,0.4791021943092346,0.6231159567832947,0.5485066771507263,0.3134186267852783,0.05271501839160919,-0.2223326563835144,-0.435260534286499,-0.5402512550354004,-0.21899664402008057,0.08158683776855469,0.17870929837226868,0.11760452389717102,-0.26472875475883484,-1.14427649974823,-1.45586097240448,-1.3495516777038574,-1.6155693531036377,-1.8425837755203247,-1.8090312480926514,-1.7219974994659424,-1.718896746635437,-1.851063847541809,-2.0006587505340576
1.768224835395813,1.6467294692993164,1.598732829093933,1.5294373035430908,1.2836781740188599,1.4623363018035889,1.7479088306427002,1.6197314262390137,1.5162537097930908,1.443708896636963,1.6422840356826782,1.5256714820861816,1.3362239599227905,0.9588137865066528,0.726910412311554,0.8173273801803589,1.3036246299743652,1.2198359966278076,1.1613997220993042,1.1228173971176147,0.9892699122428894,0.4313102066516876,-0.17766012251377106,-0.2003125101327896,-0.008609225042164326,0.2145456224679947,0.6178046464920044,1.0591554641723633,1.0218470096588135,0.8666334748268127,0.9038137793540955,0.4869881868362427,0.23577412962913513,0.19787479937076569,0.3467235267162323,0.0475485697388649,-0.655994713306427,-1.4818469285964966,-1.778676986694336,-1.763914704322815,-1.824454665184021,-1.9763034582138062
1.3711776733398438,1.2456625699996948,1.2406280040740967,1.2311363220214844,1.203012228012085,1.3218473196029663,1.3846386671066284,1.580896258354187,1.5097087621688843,1.3902734518051147,1.5514922142028809,1.5494334697723389,1.2369669675827026,0.9353972673416138,0.9158369302749634,1.294500708580017,1.3068060874938965,1.1021158695220947,0.9157968163490295,0.8920003771781921,0.5388736724853516,0.3320598900318146,0.2698282301425934,0.4921339750289917,0.9127327799797058,1.1517579555511475,1.1990536451339722,0.9033809304237366,0.5642942190170288,0.5740531086921692,0.6733918786048889,0.42068618535995483,0.39424216747283936,0.6541209816932678,0.8498715758323669,0.5831219553947449,0.4754406809806824,-0.5601217150688171,-1.1320748329162598,-1.6292153596878052,-1.8672908544540405,-1.97060227394104
0.7542136311531067,0.6626983880996704,0.7051921486854553,0.7666915655136108,0.7794972658157349,1.0891685485839844,1.1805598735809326,1.280102014541626,1.5785225629806519,1.4259381294250488,1.3875126838684082,1.581162691116333,1.3328181505203247,1.2112791538238525,1.3345447778701782,1.1856924295425415,1.0019724369049072,0.9539394378662109,0.9965255260467529,0.9601653814315796,0.9303795099258423,1.5128694772720337,2.1365292072296143,2.208409309387207,1.8232982158660889,0.8870298266410828,0.5993324518203735,0.26206356287002563,0.09816578030586243,0.47319886088371277,0.4435269832611084,0.6953132748603821,-0.191580668091774,-0.43065109848976135,-0.11484216153621674,-0.07879381626844406,0.7511984705924988,-0.23092840611934662,-0.4112793505191803,-1.067156195640564,-1.6161762475967407,-2.081674575805664
0.20139364898204803,0.12428160011768341,0.2091134786605835,0.32681021094322205,0.4659779667854309,0.7368893623352051,0.7987350225448608,0.9402968883514404,1.0394054651260376,1.3538349866867065,1.5261361598968506,1.4361934661865234,1.2858659029006958,1.4655301570892334,1.3387635946273804,1.1868501901626587,1.2567821741104126,1.049286961555481,1.0452746152877808,1.0687775611877441,1.4154915809631348,1.5138897895812988,1.90674889087677,1.8013180494308472,1.1857420206069946,1.0751680135726929,1.1677565574645996,0.4802210330963135,-0.25664034485816956,-0.5676616430282593,-0.741771399974823,-0.9493473768234253,-0.6777128577232361,-0.8523476719856262,-0.9686636328697205,-0.10620565712451935,0.7080259919166565,-0.6526113748550415,-0.9566745162010193,-0.5461908578872681,-0.8371936678886414,-1.346834421157837
-0.07807205617427826,-0.13396644592285156,-0.11092578619718552,-0.007899291813373566,0.24722561240196228,0.2825372517108917,0.2527150511741638,0.5848420262336731,0.786965012550354,0.8986564874649048,1.3219197988510132,1.2169779539108276,1.092136263847351,1.405604362487793,1.259871006011963,1.2237950563430786,1.0652871131896973,0.8474714159965515,0.9638572931289673,1.148077130317688,1.394034743309021,1.1857080459594727,0.8101447820663452,0.03682989627122879,0.9297058582305908,2.491956949234009,2.1637518405914307,0.3337708115577698,-0.8823213577270508,-0.7219992876052856,-1.55144202709198,-1.0491466522216797,0.6933577060699463,0.5335454940795898,-0.518017053604126,0.3694957196712494,0.7840004563331604,0.7303723096847534,-0.4888361692428589,-0.5775359272956848,-0.3486434519290924,-1.019553303718567
-0.1829085797071457,-0.26133647561073303,-0.24231547117233276,-0.2022104263305664,-0.19197137653827667,0.1648067682981491,-0.057271238416433334,0.055629804730415344,0.20211146771907806,0.12723836302757263,0.5982711911201477,0.6885551810264587,0.7024961113929749,0.7705137133598328,0.6736687421798706,0.5936365723609924,0.4200710356235504,0.8356984853744507,1.5245201587677002,1.3804810047149658,1.1994508504867554,1.2265410423278809,0.8420428037643433,-0.16039429605007172,0.41206109523773193,1.3328535556793213,1.3505414724349976,1.4981021881103516,-0.7163229584693909,-1.0481846332550049,-1.1691395044326782,0.17575305700302124,0.5183269381523132,1.2677215337753296,1.5329664945602417,1.5948621034622192,1.2259055376052856,1.307268738746643,1.0477534532546997,-0.5584171414375305,-0.9355627298355103,-1.3477451801300049
-0.1607750505208969,-0.2692665159702301,-0.22972752153873444,-0.13196945190429688,0.11184646189212799,0.09355399012565613,-0.49962466955184937,-0.4865122437477112,-0.7602001428604126,-0.15573479235172272,0.48940855264663696,0.8301092982292175,0.8451092839241028,0.5859909653663635,0.45384684205055237,0.3541829586029053,0.47204193472862244,1.350096583366394,1.8395123481750488,1.2948274612426758,1.0041064023971558,1.1772691011428833,1.4651055335998535,1.370479941368103,0.0012558639282360673,-0.6645131707191467,0.6028459668159485,2.2196452617645264,0.8205917477607727,-1.0333387851715088,-0.6507571935653687,-0.8215399384498596,-1.27005136013031,0.2940708100795746,1.171498417854309,1.4623533487319946,1.5015922784805298,1.007540225982666,1.2506779432296753,0.5626413822174072,-1.09166419506073,-0.49730655550956726
0.10320830345153809,-0.06995780766010284,-0.10853686183691025,-0.10856994241476059,-0.265423059463501,-0.5234876275062561,-0.46095404028892517,-0.5665289759635925,-0.3760720193386078,0.19072473049163818,0.6014587879180908,0.8782447576522827,0.6777839660644531,0.4703608453273773,0.2718404233455658,0.6823155283927917,1.2952054738998413,1.590256690979004,1.2987440824508667,1.1082639694213867,1.1869584321975708,1.5748722553253174,1.7401124238967896,1.5439023971557617,1.0079095363616943,0.34628015756607056,0.20296989381313324,0.5405634045600891,1.3466333150863647,1.2410497665405273,0.7809029221534729,-0.6220579743385315,-0.3140624165534973,1.0219630002975464,0.6515517234802246,0.738003134727478,0.9540664553642273,1.4014101028442383,1.6093600988388062,1.4646328687667847,0.057173073291778564,0.15884724259376526
0.4822222888469696,0.28910472989082336,0.16841411590576172,0.0696464404463768,-0.10867322981357574,-0.14232465624809265,0.10263212025165558,0.42539599537849426,0.8964298963546753,0.9137467741966248,0.6942973136901855,0.8901973962783813,0.8840621709823608,1.0979678630828857,1.0571078062057495,1.622909665107727,1.7710216045379639,1.313098669052124,1.0166159868240356,1.172316551208496,1.547069787979126,1.5796079635620117,1.2665718793869019,0.8568631410598755,1.200618028640747,0.7173758149147034,-0.18293410539627075,0.6662914156913757,1.4845640659332275,2.064824104309082,1.7220745086669922,1.1558752059936523,1.7394559383392334,1.817953109741211,1.0993969440460205,0.3920240104198456,-0.3143870234489441,0.9561976194381714,1.611323595046997,0.7510353922843933,0.9959080219268799,0.9419122338294983
0.7494820952415466,0.6213241815567017,0.4705643951892853,0.37586942315101624,0.3781939446926117,0.4645852744579315,0.507395327091217,0.5291987657546997,1.046339511871338,0.8624231815338135,0.6562109589576721,0.9013713002204895,1.1471045017242432,1.469425082206726,1.4193456172943115,1.7145311832427979,1.3874207735061646,1.113303542137146,1.058559775352478,1.2164342403411865,1.5895159244537354,1.28679621219635,0.7651839256286621,0.5539928078651428,0.5663454532623291,0.25500956177711487,0.7495366334915161,2.1243607997894287,2.0882997512817383,1.1431605815887451,0.24961070716381073,0.7521724700927734,1.3585336208343506,0.9814746379852295,0.9375900030136108,0.6585724353790283,-0.17566590011119843,0.7646873593330383,0.5909634828567505,0.06585648655891418,0.6442157626152039,0.21036261320114136
1.0414505004882812,0.9364359974861145,0.7509240508079529,0.608074963092804,0.506109356880188,0.3474394977092743,0.4832337200641632,0.4488706886768341,0.559099018573761,0.4179091453552246,0.4031338393688202,0.549996018409729,0.738710880279541,0.9180307984352112,1.0157161951065063,1.2496232986450195,1.00030517578125,0.7722027897834778,0.7581542730331421,1.1968668699264526,1.4908803701400757,1.2069298028945923,1.0480033159255981,0.9665828943252563,0.9359458088874817,1.015566349029541,1.6735901832580566,2.102320432662964,2.0416083335876465,1.6204944849014282,-0.20930761098861694,-0.9427922964096069,-0.44713249802589417,0.4397013187408447,0.7571846842765808,1.0901957750320435,1.2631540298461914,1.5315316915512085,0.7748906016349792,0.5453506708145142,0.6235226392745972,-0.821196436882019
1.3063889741897583,1.1601461172103882,0.9954075813293457,0.8778912425041199,0.9164590239524841,0.5802783370018005,0.37138861417770386,0.42385566234588623,0.38126829266548157,0.4235711693763733,0.3681321442127228,0.2909766435623169,0.3581352233886719,0.4330986738204956,0.9261638522148132,0.9889950156211853,0.3614043891429901,0.34617382287979126,1.050014615058899,1.3554826974868774,0.9459061026573181,0.9417158961296082,1.5775961875915527,1.5390729904174805,1.4046547412872314,1.4662283658981323,1.5970226526260376,1.531418800354004,1.851839542388916,2.082110643386841,1.2154403924942017,-0.8464157581329346,-0.5530585050582886,0.9011677503585815,1.216543436050415,1.2093530893325806,1.6994837522506714,1.59615159034729,1.4025566577911377,1.8594398498535156,1.7981340885162354,1.0275051593780518
1.5136456489562988,1.3727608919143677,1.2828466892242432,1.2055858373641968,1.1408541202545166,1.0339410305023193,0.779106080532074,0.3272818922996521,-0.06515146791934967,-0.22322595119476318,-0.5121563076972961,-0.48319193720817566,-0.14471100270748138,0.24776844680309296,0.6852214932441711,0.5033818483352661,0.5561114549636841,1.3192778825759888,1.521043062210083,1.1364108324050903,0.13188041746616364,-0.014481763355433941,0.7998044490814209,1.2609705924987793,1.4833548069000244,1.5724196434020996,1.425754189491272,1.218754768371582,1.1745511293411255,1.5603301525115967,2.212149143218994,1.3406647443771362,-0.0899372398853302,0.4505894184112549,1.3381725549697876,0.8634377717971802,0.835267961025238,0.7711848020553589,1.2863130569458008,1.9100377559661865,1.9960081577301025,1.9587221145629883
1.6948425769805908,1.6115031242370605,1.5752019882202148,1.5274651050567627,1.4415886402130127,1.319368839263916,1.0440866947174072,0.7965289354324341,0.4282465875148773,-0.48559439182281494,-0.8987510204315186,-0.8790735006332397,-0.5443740487098694,0.20477195084095,0.5067774653434753,0.6624811887741089,1.3495335578918457,1.3928104639053345,0.506813108921051,0.17114371061325073,0.03903931379318237,-0.7602041959762573,-0.49417492747306824,0.28278648853302,1.1375248432159424,1.432997465133667,1.3254847526550293,1.355661153793335,0.6749629378318787,0.6784301996231079,1.5362522602081299,1.8491166830062866,1.083947777748108,1.0366894006729126,1.185997486114502,0.6923454999923706,-0.2668781280517578,-0.19004440307617188,-0.10493439435958862,0.3090367317199707,1.0819332599639893,1.3626796007156372
