demo/sfcwind/1230-wind-surface-level-gfs-1.0.json
{"header": {"productDefinitionTemplate": 0, "surface1Type": 103, "productStatus": 0, "disciplineName": "Meteorological products", "subDivisions": 0, "winds": "true", "parameterNumberName": "U-component_of_wind", "discipline": 0, "surface2Value": 0, "significanceOfRTName": "Start of forecast", "surface2TypeName": "Missing", "surface2Type": 255, "productTypeName": "Forecast products", "dx": 0.024617210030555725, "dy": 0.01798853650689125, "numberPoints": 65160, "productStatusName": "Operational products", "gribEdition": 2, "parameterUnit": "m.s-1", "forecastTime": 0, "refTime": "2020-09-30T10:30:00.000Z", "productType": 1, "genProcessTypeName": "Forecast", "scanMode": 0, "genProcessType": 2, "gribLength": 11338.0, "significanceOfRT": 1, "productDefinitionTemplateName": "Analysis/forecast at horizontal level/layer at a point in time", "centerName": "WRF OUTPUT", "la1": 43.66691207885742, "la2": 42.426788330078125, "lo2": 13.70867919921875, "gridUnits": "degrees", "surface1Value": 10, "shapeName": "Earth spherical with radius of 6,371,229.0 m", "surface1TypeName": "Specified height level above ground", "nx": 70.0, "ny": 70.0, "lo1": 12.008544921875, "basicAngle": 0, "gridDefinitionTemplate": 0, "shape": 6, "parameterNumber": 2, "subcenter": 0, "parameterCategoryName": "Momentum", "parameterCategory": 2, "center": 0, "gridDefinitionTemplateName": "Latitude_Longitude", "resolution": 48}, "data":
[rows 38 to 56 of 70, columns 0 to 41 of 70]
-1.1346666812896729,-1.0151947736740112,-0.9747908115386963,-1.3465800285339355,-1.3527144193649292,-1.3500646352767944,-1.6014604568481445,-1.6043081283569336,-1.5444416999816895,-1.7552375793457031,-1.5349743366241455,-0.5809358358383179,-0.30715692043304443,-0.5031695365905762,-0.5819510817527771,-0.33252081274986267,0.35948726534843445,1.2730109691619873,1.5356351137161255,0.6254331469535828,-0.5147026181221008,-1.030921459197998,-0.9940654039382935,-0.632685661315918,-0.118571437895298,0.4776138365268707,0.9744884967803955,1.2699854373931885,1.8760019540786743,1.9345864057540894,1.80619215965271,2.249572992324829,2.3098666667938232,2.13677716255188,2.1304872035980225,2.3042972087860107,2.252694606781006,2.024184465408325,2.369086265563965,1.8464486598968506,-0.33191370964050293,-0.9381189346313477
-1.2370442152023315,-1.1927493810653687,-0.9739738702774048,-1.0435545444488525,-0.7771885991096497,-0.5351395606994629,-0.7073367238044739,-0.963486909866333,-1.2161165475845337,-1.7482688426971436,-1.7612115144729614,-0.5329616665840149,-0.09906616806983948,-0.6374315619468689,-0.8257731795310974,-0.2082601934671402,0.5357488989830017,1.2741180658340454,1.7414765357971191,1.2331581115722656,0.4196658134460449,-0.9286176562309265,-1.5801749229431152,-1.0221774578094482,-0.5031812191009521,0.3575761616230011,0.7668127417564392,1.0146675109863281,1.3950530290603638,1.2662118673324585,1.604879379272461,2.282794952392578,2.2599143981933594,1.7486670017242432,1.6726350784301758,2.2209115028381348,2.3105506896972656,1.957561731338501,2.0150578022003174,2.1602001190185547,1.3522562980651855,0.013365864753723145
-0.9844158887863159,-1.0050432682037354,-0.9843186736106873,-1.057705283164978,-0.30908042192459106,-0.3652680814266205,-0.8217206597328186,-0.6220040321350098,-1.0475696325302124,-1.660773754119873,-1.6220999956130981,-0.9342397451400757,-0.35813668370246887,-0.49589359760284424,-0.8105003833770752,-0.11456982791423798,0.7284454107284546,1.2916520833969116,1.2009376287460327,0.6583327651023865,1.340894341468811,0.5211098790168762,-1.545250654220581,-1.3103759288787842,-0.5236898064613342,0.08912096917629242,0.5535228848457336,0.8950573205947876,1.1741167306900024,1.017385482788086,1.6897077560424805,2.3323891162872314,2.415079116821289,1.9612176418304443,1.1324666738510132,1.2847870588302612,2.1340131759643555,1.8328347206115723,1.4745327234268188,1.7708468437194824,1.4683376550674438,1.0298230648040771
-0.9798809885978699,-1.02177894115448,-1.104544997215271,-1.459302306175232,-0.8556824922561646,-0.717312216758728,-1.1487329006195068,-1.0419801473617554,-1.3223066329956055,-1.5909639596939087,-1.6797983646392822,-1.3241448402404785,-0.8723605871200562,-0.4987730085849762,-0.44653230905532837,0.0707029402256012,0.7187012434005737,1.2233643531799316,1.06442129611969,0.552450954914093,1.0926166772842407,0.9109075665473938,-0.833949089050293,-1.4409321546554565,-0.8059105277061462,-0.19312909245491028,0.2930154800415039,0.6616113781929016,0.8466731309890747,0.6359760165214539,1.5330158472061157,2.281116485595703,2.2786295413970947,1.9276063442230225,0.21209123730659485,-0.036291543394327164,1.5246024131774902,1.424818754196167,0.7018469572067261,1.139804482460022,0.9159985184669495,0.49795210361480713
-1.0687848329544067,-1.0838792324066162,-1.022206425666809,-1.3737387657165527,-1.196115493774414,-0.6437889933586121,-0.7333987951278687,-1.2161434888839722,-1.3941272497177124,-1.4647374153137207,-1.6844983100891113,-1.4266891479492188,-1.3458712100982666,-1.0796855688095093,-0.26673176884651184,0.5636797547340393,0.9442420601844788,1.0930436849594116,1.093240737915039,0.7139781713485718,-0.23588263988494873,-0.09358871728181839,0.38726815581321716,-0.6285818815231323,-0.9095050096511841,-0.1801430583000183,0.007593416143208742,0.16225606203079224,0.16082002222537994,0.12069331109523773,1.1651129722595215,1.9332695007324219,2.4713637828826904,1.702832579612732,-0.9271655082702637,-0.39432069659233093,0.9999008774757385,0.19759255647659302,0.628243625164032,1.4698989391326904,0.3592527508735657,-0.4052168130874634
-1.0960693359375,-1.0916590690612793,-0.8998063206672668,-1.1101961135864258,-1.351428508758545,-0.8872711658477783,-0.49548807740211487,-0.9057835936546326,-1.0725458860397339,-1.6329450607299805,-1.8019055128097534,-1.2709442377090454,-1.7297909259796143,-1.7760837078094482,-0.6774938106536865,0.5048094391822815,1.206141471862793,1.203436017036438,1.2224806547164917,1.0404400825500488,-0.40361666679382324,-0.8646138310432434,0.018206344917416573,0.2539753019809723,-0.11997681856155396,-0.2083781510591507,-0.3061748743057251,-0.5560872554779053,-0.4595511257648468,-0.03405095264315605,0.9528104066848755,2.0288052558898926,2.4551148414611816,1.4443519115447998,-1.0255415439605713,-0.8683345913887024,-0.3438146710395813,-0.5287594795227051,1.4069857597351074,1.6827876567840576,-0.3754434585571289,-0.4291309416294098
-1.1707139015197754,-1.108982801437378,-0.7528413534164429,-0.5826426148414612,-1.0057138204574585,-1.0015798807144165,-0.6596051454544067,-0.6508148312568665,-0.8643491864204407,-1.6954174041748047,-1.797098159790039,-1.4176743030548096,-1.765463948249817,-1.903377890586853,-1.1911927461624146,0.013791627250611782,0.9599773287773132,1.3049976825714111,1.4688115119934082,1.2863231897354126,-0.2026425451040268,-1.1785261631011963,-0.6197360157966614,-0.012697814032435417,0.3042522966861725,0.030512196943163872,-0.7902631759643555,-1.0763827562332153,-0.7527782320976257,-0.27238529920578003,0.7899926900863647,2.279642105102539,2.3917646408081055,1.0748423337936401,-0.8727076053619385,-1.7890772819519043,-1.3323062658309937,-0.3779224157333374,1.5325778722763062,1.3955312967300415,-0.49279677867889404,-0.11397789418697357
-1.2136307954788208,-0.9966340065002441,-0.5608629584312439,-0.11396804451942444,-0.12927857041358948,-0.4762665033340454,-0.7483823299407959,-0.3454028367996216,-0.37144735455513,-1.2376785278320312,-1.8313984870910645,-1.7274529933929443,-1.7006158828735352,-1.8537795543670654,-1.3970308303833008,-0.35386401414871216,0.6936360001564026,1.1865649223327637,1.450904369354248,1.755365252494812,0.1798047423362732,-1.202539324760437,-0.6651298403739929,-0.23742026090621948,0.11792489141225815,-0.20181509852409363,-0.8111286759376526,-0.8137888312339783,-0.4957106411457062,-0.34110227227211,0.4885985851287842,2.310199737548828,2.471149206161499,1.392683744430542,0.9049569368362427,-0.6692905426025391,-1.9371289014816284,-0.5083901882171631,1.3593106269836426,1.792934536933899,1.1067379713058472,0.9108787775039673
-1.1671967506408691,-0.9098895788192749,-0.5284252762794495,-0.45519953966140747,0.033316027373075485,0.18072743713855743,-0.19104351103305817,0.3328721821308136,0.3630852699279785,-0.789508044719696,-1.8778434991836548,-1.9132791757583618,-1.701054334640503,-1.7877256870269775,-1.5230050086975098,-0.6035124063491821,0.5211882591247559,1.1252331733703613,1.3170384168624878,1.806525468826294,1.2538301944732666,-0.2685524821281433,-0.5774121880531311,-0.24791930615901947,-0.19284909963607788,-0.6057128310203552,-0.9629991054534912,-0.8355010747909546,-0.3465381860733032,-0.23248222470283508,0.2711476683616638,1.987245798110962,2.377471446990967,1.5342321395874023,2.088416337966919,0.9001695513725281,-1.7349555492401123,-0.9981862306594849,1.1616730690002441,2.3212332725524902,1.9650678634643555,1.3612732887268066
-1.054213523864746,-0.775331974029541,-0.5210539698600769,-0.6359120607376099,-0.2817874252796173,0.1715376228094101,0.4230400323867798,0.5648837685585022,-0.12283575534820557,-1.056384801864624,-1.925266146659851,-1.9646128416061401,-1.7975765466690063,-1.9820923805236816,-1.9464008808135986,-0.9866977334022522,0.4743201434612274,1.1576249599456787,1.2377132177352905,1.3749722242355347,1.4934004545211792,1.2893693447113037,0.18304607272148132,-0.763896107673645,-1.0502190589904785,-1.2395012378692627,-1.1429297924041748,-0.9815908074378967,-0.2986356019973755,0.016906365752220154,0.20981651544570923,1.4265327453613281,2.1646149158477783,2.2182528972625732,2.6381702423095703,1.1254470348358154,-0.9451605081558228,-0.21416305005550385,1.6755727529525757,2.5411078929901123,2.241131544113159,1.6340503692626953
-0.9812147617340088,-0.7416626811027527,-0.5882778763771057,-0.7635861039161682,-0.46776506304740906,-0.0424080528318882,0.4374423325061798,0.32514140009880066,-0.3774421215057373,-0.6467595100402832,-1.203904151916504,-1.453834891319275,-1.5660713911056519,-1.9150829315185547,-2.000213861465454,-1.182277798652649,0.17451438307762146,1.0202970504760742,1.1803404092788696,1.4221495389938354,1.497156023979187,1.734924077987671,1.253976821899414,-0.65728759765625,-1.7852357625961304,-1.3753342628479004,-0.985306441783905,-0.872927725315094,-0.23666119575500488,0.011997158639132977,0.20994582772254944,1.026946783065796,1.5937267541885376,2.257802963256836,2.0895209312438965,0.6743388175964355,0.2623116672039032,1.2980096340179443,2.174790620803833,2.0207533836364746,1.781001091003418,1.6805298328399658
-0.9516445398330688,-0.7778180837631226,-0.6857748031616211,-0.8636811971664429,-0.6918613910675049,-0.30404314398765564,0.15414442121982574,0.07301382720470428,-0.4713616371154785,-0.3269992768764496,-0.13279953598976135,-0.7571821212768555,-1.5030934810638428,-1.627150058746338,-1.5445507764816284,-0.9419718384742737,0.09529934823513031,0.724237859249115,0.9833880066871643,1.3362830877304077,1.3442130088806152,1.1440738439559937,1.7555515766143799,0.6313409209251404,-1.7929913997650146,-1.5688899755477905,-0.8133749961853027,-0.706122100353241,-0.22104132175445557,-0.14627604186534882,0.2492699772119522,0.8283439874649048,1.4658616781234741,2.4350719451904297,1.2557014226913452,0.02333690971136093,1.5728379487991333,2.339012384414673,1.8862800598144531,1.2980114221572876,0.8693729043006897,0.8518329858779907
-1.007939100265503,-0.9562912583351135,-0.8840584754943848,-1.03817617893219,-0.920133650302887,-0.6251292824745178,-0.1631811559200287,0.0036168943624943495,-0.5443252325057983,-0.9334798455238342,-0.4798614978790283,-0.5848655104637146,-1.6660966873168945,-1.6486341953277588,-1.1059701442718506,-0.7679499983787537,-0.21298420429229736,0.19844022393226624,0.6568394303321838,1.0089768171310425,0.8877633810043335,0.505034327507019,1.6948798894882202,1.5330334901809692,-1.4721572399139404,-1.8765223026275635,-0.8312869071960449,-0.5199048519134521,-0.4364280700683594,-0.5782702565193176,0.0493461936712265,0.6418330073356628,1.7527213096618652,2.3707242012023926,0.8805320262908936,0.5403415560722351,2.4817240238189697,2.174450159072876,1.6872526407241821,1.3668451309204102,-0.13968411087989807,-0.14041770994663239
-0.8003778457641602,-0.7972854971885681,-0.8773912787437439,-1.073595643043518,-1.2652462720870972,-1.1525429487228394,-0.6058242917060852,-0.31445422768592834,-0.3849687874317169,-0.8683379888534546,-0.6903566718101501,-0.6296141147613525,-1.3116717338562012,-1.1646848917007446,-0.9194241166114807,-0.9659785032272339,-0.9970844984054565,-0.5018777251243591,0.4151803255081177,0.8316155076026917,0.7706716060638428,0.45008814334869385,1.4444334506988525,2.140991687774658,-0.6133533120155334,-2.276862621307373,-1.1828296184539795,-0.6304416060447693,-0.6913126111030579,-0.5891784429550171,0.15659254789352417,0.7355043888092041,1.769199013710022,1.7351505756378174,0.5995444059371948,1.4622857570648193,2.779327869415283,1.8081187009811401,1.666233777999878,1.359891653060913,-1.01626455783844,-0.705634355545044
-0.5055294036865234,-0.5556245446205139,-0.9103811383247375,-1.296150803565979,-1.2603530883789062,-1.103243350982666,-0.9996365904808044,-0.8667812943458557,-0.8645681142807007,-0.5224186182022095,0.3063185214996338,0.0364798866212368,-0.9203488826751709,-0.9131007790565491,-0.8214649558067322,-1.443650722503662,-1.5770241022109985,-0.8489551544189453,-0.18901008367538452,0.37147676944732666,0.3509313762187958,0.6085832118988037,1.243916630744934,2.219728708267212,1.050875186920166,-1.6122260093688965,-1.328964352607727,-0.12241881340742111,-0.08977232128381729,-0.18342508375644684,0.3563527762889862,0.9648118019104004,1.5202186107635498,0.603794515132904,-0.1845107525587082,2.2149980068206787,3.1269192695617676,0.6312496066093445,0.6176947951316833,1.4530394077301025,-0.8058046698570251,-0.9521780014038086
-0.33390942215919495,-0.46350765228271484,-0.8772887587547302,-1.363247275352478,-1.354706048965454,-1.1286660432815552,-1.1091949939727783,-1.169602870941162,-1.3660120964050293,-0.5522231459617615,1.3239730596542358,1.9584333896636963,0.5035814046859741,-0.547213077545166,-0.9547579288482666,-1.5601543188095093,-1.3685888051986694,-0.7953556180000305,-0.6431025862693787,-0.4250119626522064,-0.21483859419822693,0.5926119685173035,1.2513113021850586,2.093088388442993,1.570358157157898,-0.9503979086875916,-0.9423647522926331,0.5140303373336792,0.28370803594589233,0.12245427817106247,0.7707066535949707,1.1667101383209229,0.334755003452301,-0.5380547046661377,0.3384757936000824,2.5401058197021484,2.892730951309204,-0.3619315028190613,-1.1497600078582764,1.2554147243499756,0.5703892707824707,-0.5135705471038818
-0.06271611154079437,-0.2593810558319092,-0.8269991874694824,-1.4194128513336182,-1.4754928350448608,-1.254487156867981,-1.149686336517334,-0.9263855814933777,-0.7660537958145142,-0.3763633072376251,0.7242312431335449,1.6277462244033813,1.4443961381912231,-0.09335869550704956,-1.023645043373108,-0.7443647384643555,-1.0152994394302368,-0.903135359287262,-0.7187284231185913,-0.5126543641090393,-0.4008633494377136,0.03349350392818451,1.047729253768921,1.8579789400100708,1.3382399082183838,-0.3661399781703949,-0.39006686210632324,0.5764061212539673,0.1836484968662262,0.1272137463092804,1.6499160528182983,1.117937445640564,-0.9518313407897949,-0.3819379508495331,1.5970990657806396,2.614483118057251,2.431953191757202,0.05655562877655029,-1.352649450302124,0.4231211245059967,1.2068332433700562,-0.0628095418214798
0.31419870257377625,0.06714935600757599,-0.6166130900382996,-1.3462437391281128,-1.5467489957809448,-1.393605351448059,-1.279520869255066,-0.9019227623939514,-0.6007888317108154,-0.20042096078395844,0.4129137694835663,1.1327543258666992,1.519737720489502,-0.3201755881309509,-1.8358967304229736,-0.6313105225563049,-0.2767760455608368,-0.7133035659790039,-0.41443976759910583,-0.25120389461517334,-0.2825845777988434,-0.04446711763739586,0.8459668159484863,2.120486259460449,1.5476243495941162,0.0088389553129673,0.5802825093269348,1.0238367319107056,-0.22167733311653137,-0.27233853936195374,1.259982705116272,0.38543200492858887,-1.2541821002960205,-0.5104373097419739,1.5784120559692383,2.855595111846924,2.048902750015259,0.01389599870890379,-1.1073694229125977,0.010957636870443821,1.6751866340637207,0.93845134973526
0.48013076186180115,0.19777743518352509,-0.5468513369560242,-1.2897306680679321,-1.508104681968689,-1.3907345533370972,-1.3774257898330688,-1.2241514921188354,-0.8669273257255554,-0.42214593291282654,0.25601446628570557,1.2426409721374512,1.849967122077942,0.21140801906585693,-1.6750165224075317,-1.4135675430297852,-0.784951388835907,-0.4719308018684387,-0.17274212837219238,-0.2776558995246887,-0.11721525341272354,0.21466000378131866,0.7183670997619629,2.0643694400787354,1.3108893632888794,-0.8284019827842712,0.3937797546386719,1.1289023160934448,-1.074663758277893,-1.4345378875732422,0.2801712155342102,0.7978990077972412,0.17473618686199188,-0.03862793371081352,1.3133718967437744,2.7952070236206055,2.591409683227539,0.3562895655632019,-0.9872816801071167,0.31838974356651306,2.0971715450286865,2.113767623901367
