demo/sfcwind/1230-wind-surface-level-gfs-1.0.json
{"header": {"productDefinitionTemplate": 0, "surface1Type": 103, "productStatus": 0, "disciplineName": "Meteorological products", "subDivisions": 0, "winds": "true", "parameterNumberName": "V-component_of_wind", "discipline": 0, "surface2Value": 0, "significanceOfRTName": "Start of forecast", "surface2TypeName": "Missing", "surface2Type": 255, "productTypeName": "Forecast products", "dx": 0.024617210030555725, "dy": 0.01798853650689125, "numberPoints": 65160, "productStatusName": "Operational products", "gribEdition": 2, "parameterUnit": "m.s-1", "forecastTime": 0, "refTime": "2020-09-30T10:30:00.000Z", "productType": 1, "genProcessTypeName": "Forecast", "scanMode": 0, "genProcessType": 2, "gribLength": 11338.0, "significanceOfRT": 1, "productDefinitionTemplateName": "Analysis/forecast at horizontal level/layer at a point in time", "centerName": "WRF OUTPUT", "la1": 43.66691207885742, "la2": 42.426788330078125, "lo2": 13.70867919921875, "gridUnits": "degrees", "surface1Value": 10, "shapeName": "Earth spherical with radius of 6,371,229.0 m", "surface1TypeName": "Specified height level above ground", "nx": 70.0, "ny": 70.0, "lo1": 12.008544921875, "basicAngle": 0, "gridDefinitionTemplate": 0, "shape": 6, "parameterNumber": 3, "subcenter": 0, "parameterCategoryName": "Momentum", "parameterCategory": 2, "center": 0, "gridDefinitionTemplateName": "Latitude_Longitude", "resolution": 48}, "data":
[rows 38 to 56 of 70, columns 0 to 41 of 70]
0.9274448156356812,0.8112136125564575,0.7361244559288025,0.4695586562156677,-0.4644015431404114,-0.7832269668579102,-1.1406198740005493,-1.1120972633361816,-0.6922022700309753,-0.04641610383987427,0.4814283549785614,0.4814532697200775,0.10561671108007431,0.01072982233017683,0.01176537573337555,-0.16127794981002808,-0.5950408577919006,-0.6483961343765259,-0.7644650936126709,-1.2215608358383179,-1.5079593658447266,-1.4940342903137207,-1.2096329927444458,-0.926156759262085,-0.5563711524009705,-0.2967359721660614,-0.5231706500053406,-0.30279746651649475,8.24401795398444e-05,0.4957421123981476,0.6174832582473755,0.16825255751609802,-0.20712041854858398,-0.367673397064209,-0.1635706126689911,-0.04527587816119194,-0.4561084806919098,-0.6639516353607178,-0.4944763481616974,-0.25554272532463074,-1.1716347932815552,-2.000739097595215
1.1323226690292358,0.9746822118759155,0.9099036455154419,0.7140232920646667,0.1422499269247055,-0.2711482048034668,0.12170792371034622,0.04327189549803734,0.19491270184516907,0.38154104351997375,0.34246769547462463,0.1152176558971405,0.22086800634860992,0.03521957993507385,0.007555848453193903,-0.224469855427742,-0.5979483723640442,-0.7104842066764832,-0.29605209827423096,0.4588203430175781,0.4395231604576111,-0.6377928256988525,-0.9163365960121155,-0.6063652634620667,-0.5928765535354614,-0.6309463977813721,-0.5585919618606567,-0.5478106737136841,-0.40986624360084534,0.21666467189788818,0.39766815304756165,-0.09507876634597778,-0.49403128027915955,-1.0189234018325806,-0.9626385569572449,-0.5227233171463013,-0.32351380586624146,-0.6508887410163879,-0.06469053775072098,0.501784086227417,0.06802618503570557,-0.928044855594635
1.2178549766540527,1.054897665977478,1.015211820602417,0.9445466995239258,0.9906222820281982,0.6334981918334961,1.1416404247283936,0.98529452085495,0.7828019857406616,0.46935147047042847,0.056415263563394547,-0.042999763041734695,0.49255236983299255,0.5276170969009399,0.11645390838384628,-0.19748340547084808,-0.4565514624118805,-0.42656660079956055,-0.07876446098089218,0.849352240562439,1.089492678642273,0.21576952934265137,-0.5053553581237793,-0.6049076914787292,-0.760658323764801,-0.6975520849227905,-0.6028721928596497,-0.6113675236701965,-0.37598586082458496,0.06939594447612762,0.13261258602142334,-0.052584338933229446,-0.13886381685733795,-1.0730843544006348,-1.8529454469680786,-1.2741053104400635,-0.36266201734542847,-0.06939820945262909,0.6405284404754639,1.1777005195617676,1.7281584739685059,1.730133295059204
1.2378326654434204,1.08671236038208,1.0019463300704956,0.8974432945251465,0.7553554773330688,0.9911962151527405,0.6073647737503052,0.3980761170387268,0.15832661092281342,-0.05269070342183113,-0.231500506401062,-0.16759899258613586,0.06985481083393097,0.5549746155738831,0.3509320318698883,-0.23369403183460236,-0.5315547585487366,-0.44785434007644653,-0.27484625577926636,-0.719831645488739,-0.42775958776474,1.0255080461502075,0.6497938632965088,-0.9175437092781067,-0.875822126865387,-0.9510062336921692,-0.9494674205780029,-0.7905532717704773,-0.46394750475883484,-0.02587462030351162,-0.04077955707907677,0.24800801277160645,0.21688079833984375,-0.30823761224746704,-1.5601794719696045,-1.0111267566680908,-0.35496461391448975,0.6451548933982849,1.3596711158752441,1.4722274541854858,1.750474452972412,2.2888240814208984
1.1061371564865112,1.0707767009735107,1.0021225214004517,0.7441389560699463,0.3247133791446686,1.0035221576690674,0.7075651288032532,0.15267588198184967,-0.32765987515449524,-0.41694945096969604,-0.4872097969055176,-0.862579882144928,-0.7341167330741882,-0.1323191076517105,0.25017592310905457,-0.22122134268283844,-0.564132571220398,-0.7796871662139893,-0.6569160223007202,-1.2629573345184326,-0.6886479258537292,0.6805509924888611,1.0717473030090332,0.10870561003684998,-1.0910652875900269,-1.2801564931869507,-1.3287544250488281,-1.163392424583435,-0.5979942083358765,-0.2078281044960022,-0.2134111523628235,0.16633780300617218,0.04892288148403168,-0.069467693567276,-0.7781649231910706,-0.20634771883487701,0.14920619130134583,1.2362935543060303,1.4193819761276245,0.8950262069702148,1.5747302770614624,1.8654764890670776
0.9862104654312134,1.0509074926376343,0.9984560012817383,0.6758977174758911,0.09040045738220215,0.6936076283454895,0.8304815292358398,0.2974029779434204,-0.2680729627609253,-0.212953120470047,-0.6861422061920166,-1.0170106887817383,-0.8194751143455505,-0.5150925517082214,-0.2608604431152344,-0.17718663811683655,-0.29558122158050537,-0.3496485948562622,-0.407180517911911,-0.6900172233581543,-0.6404483318328857,-0.6378878951072693,0.09063403308391571,0.5319346189498901,-0.5910027623176575,-1.3362758159637451,-1.5137022733688354,-1.2899717092514038,-0.9697850942611694,-0.906696081161499,-0.7996969223022461,-0.5982297658920288,-0.5007519721984863,-0.4422720670700073,-0.6278681755065918,0.07374363392591476,0.911945104598999,1.377176284790039,0.8176798224449158,0.4407309591770172,1.297998309135437,1.4219704866409302
0.9887105226516724,1.0844635963439941,1.047947883605957,0.7159810066223145,-0.2029406875371933,0.02908521704375744,0.43610915541648865,0.12084217369556427,-0.4729819893836975,-0.32040637731552124,-0.6820576786994934,-0.2989729642868042,-0.010408437810838223,-0.13133051991462708,-0.24349188804626465,-0.11898364126682281,-0.0338369682431221,0.08355898410081863,0.1717483401298523,-0.4691736400127411,-0.9850881099700928,-0.7301406264305115,-0.7015069723129272,-0.615655243396759,-0.4272187650203705,-0.7960857152938843,-0.6906922459602356,-0.7036234140396118,-0.9079751372337341,-1.01808500289917,-0.7214205265045166,-0.6743319034576416,-0.4671213924884796,-0.10827241837978363,-0.1876940131187439,0.041005223989486694,0.8855782151222229,1.4244815111160278,1.1629798412322998,0.8985622525215149,0.3344554603099823,-0.5853008031845093
1.0589927434921265,1.1520307064056396,1.1732943058013916,1.1197223663330078,1.3481550216674805,0.3959003686904907,0.4706808626651764,-0.20647583901882172,-0.7135408520698547,-0.2582239806652069,-0.1987503468990326,0.27714282274246216,0.510285496711731,0.2348116636276245,-0.04191790893673897,-0.16830755770206451,-0.10219243168830872,-0.03716321662068367,0.19372548162937164,-0.023752346634864807,-0.7094438076019287,-0.7026328444480896,-0.8473817706108093,-1.1418414115905762,-1.0119785070419312,-0.5782951712608337,-0.30236050486564636,-0.5122424364089966,-0.8575567007064819,-1.187281847000122,-1.039698600769043,-0.5375415682792664,0.21625807881355286,1.1234992742538452,1.3030242919921875,0.6489920020103455,1.119706153869629,1.7230833768844604,1.8186163902282715,1.378502368927002,0.042087357491254807,-1.4012253284454346
1.1959657669067383,1.282731294631958,1.331929087638855,1.4773147106170654,2.328185558319092,1.6209129095077515,1.1829423904418945,0.09696757793426514,-0.4408559203147888,0.4228479266166687,0.5541942715644836,0.40538620948791504,0.3455236554145813,0.14861322939395905,0.13887150585651398,0.23882651329040527,0.2554188370704651,0.0992046594619751,0.16049310564994812,0.4838866591453552,0.40380218625068665,-0.810476541519165,-1.422752857208252,-1.613397240638733,-1.5516700744628906,-1.2181652784347534,-0.8300573825836182,-0.9406444430351257,-1.0589876174926758,-1.4058758020401,-1.5242382287979126,-0.6961800456047058,0.7866814136505127,1.8583297729492188,1.447007656097412,1.1676044464111328,1.8613334894180298,1.7267473936080933,1.3093899488449097,0.48349258303642273,-0.698300838470459,-1.5596373081207275
1.5013750791549683,1.5758318901062012,1.6385291814804077,1.6648937463760376,2.0149471759796143,1.8954334259033203,1.8988722562789917,1.0229543447494507,0.5722684264183044,0.8224719762802124,0.2914421558380127,-0.23429961502552032,-0.3589007556438446,-0.22838164865970612,-0.0876525267958641,0.10837524384260178,0.2404201775789261,0.14834851026535034,0.1216505765914917,0.3218323588371277,0.4235304594039917,-0.3849804401397705,-1.489556074142456,-1.7791939973831177,-1.4822559356689453,-0.7647534608840942,-0.7488648891448975,-1.050700306892395,-1.3015695810317993,-1.5961098670959473,-1.8021366596221924,-1.1600397825241089,0.34188905358314514,0.9397876858711243,0.32761460542678833,1.6781398057937622,2.1795296669006348,1.0347297191619873,0.00448412261903286,-0.4497622847557068,-0.08043509721755981,0.05499136447906494
1.8102412223815918,1.7960268259048462,1.8646419048309326,1.780726671218872,2.0288054943084717,1.9643659591674805,2.2925658226013184,2.0677905082702637,1.8153033256530762,1.4485845565795898,0.6099845170974731,-0.108314149081707,0.2928396463394165,0.6964447498321533,0.4291183352470398,-0.05729260295629501,-0.1800401657819748,-0.10580526292324066,-0.015304887667298317,0.08769331872463226,0.0036232892889529467,0.409699946641922,-0.40969035029411316,-1.0719046592712402,-0.661507248878479,-0.2630506157875061,-0.7424712777137756,-1.100568413734436,-1.474308729171753,-1.6638816595077515,-1.7399827241897583,-1.581948161125183,-0.9267578721046448,-0.523707389831543,-0.5643527507781982,1.9468140602111816,1.8248811960220337,-0.0069385371170938015,-1.0277154445648193,-0.3126617670059204,1.3839071989059448,2.044407606124878
1.928053379058838,1.8402129411697388,1.8656420707702637,1.7947946786880493,1.956054925918579,1.9355194568634033,2.366922378540039,2.347177267074585,2.0448150634765625,1.9886747598648071,1.919021487236023,1.303347110748291,1.1776392459869385,1.2398180961608887,0.5808398723602295,-0.1754610538482666,-0.5426346063613892,-0.5281655788421631,-0.2567901611328125,0.045519568026065826,0.5202075242996216,1.109478235244751,0.7627480626106262,-0.0569784939289093,-0.40609806776046753,-0.40699949860572815,-0.6550229787826538,-1.1166589260101318,-1.510274052619934,-1.653755784034729,-1.57071053981781,-1.346350908279419,-1.2329391241073608,-1.1909297704696655,-0.0322757363319397,1.9212316274642944,1.1421167850494385,-0.37831610441207886,-0.8904625177383423,-0.8315861225128174,-0.14406971633434296,0.8573961853981018
1.8818832635879517,1.7897939682006836,1.7371652126312256,1.6840636730194092,1.7246372699737549,1.8176922798156738,2.3106906414031982,2.030365467071533,1.965631365776062,1.6557395458221436,1.9721653461456299,1.908876657485962,1.0246717929840088,0.32898852229118347,-0.509260356426239,-0.9830586314201355,-0.9803288578987122,-0.6569327712059021,-0.44594866037368774,-0.21397100389003754,0.2704608738422394,0.5102440118789673,0.814378559589386,0.24814730882644653,-0.09986510872840881,-0.44765159487724304,-0.6936697959899902,-1.130195140838623,-1.3221924304962158,-1.3851921558380127,-1.3703019618988037,-1.2245250940322876,-1.1988306045532227,-0.945181131362915,1.4509713649749756,1.728642225265503,0.7145097851753235,0.011895716190338135,0.08236663043498993,-1.2648974657058716,-2.0304596424102783,-0.8123469352722168
1.7947684526443481,1.6650127172470093,1.5174132585525513,1.4868961572647095,1.4771316051483154,1.4925345182418823,1.8526195287704468,1.9755219221115112,2.2172927856445312,1.7154262065887451,1.292080044746399,1.0905094146728516,0.39021697640419006,-0.8306996822357178,-1.7503458261489868,-1.7722018957138062,-1.2628949880599976,-0.931177020072937,-0.6724551916122437,-0.4322005808353424,-0.11802685260772705,0.05678696185350418,0.03726596757769585,0.3093535006046295,0.7968108057975769,-0.004439057782292366,-0.44581806659698486,-0.7394533753395081,-1.078148365020752,-1.3269587755203247,-1.4872020483016968,-1.5986721515655518,-1.5216543674468994,-0.6753555536270142,1.2274271249771118,0.8053324222564697,-0.09510236978530884,-0.47112026810646057,-0.029813287779688835,-0.7577031850814819,-1.0704879760742188,-0.6005719304084778
1.4828996658325195,1.2613502740859985,1.1192412376403809,1.1755702495574951,1.3704336881637573,1.0948729515075684,1.2587083578109741,1.62956964969635,1.884600281715393,1.8512345552444458,1.5134131908416748,0.4555656909942627,-1.1254029273986816,-1.957423210144043,-1.9657810926437378,-0.8785926103591919,-0.7136633396148682,-0.8676770329475403,-0.8334992527961731,-0.2232980877161026,0.35253414511680603,0.44707223773002625,-0.005973870866000652,0.35088595747947693,0.9080207943916321,0.6580268740653992,-0.39946556091308594,-0.984590470790863,-1.5552809238433838,-1.7194968461990356,-1.8089425563812256,-1.870644450187683,-1.8690873384475708,-0.9546007513999939,-0.2985576093196869,-0.3195822238922119,-0.24188777804374695,-1.0141774415969849,-0.5837990045547485,0.40137094259262085,0.3453553318977356,-0.22396282851696014
1.1282371282577515,0.834003746509552,0.7093315720558167,0.8618257641792297,1.2633944749832153,1.071047067642212,1.0307821035385132,1.0089051723480225,0.49565398693084717,-0.22371076047420502,-0.09974843263626099,-0.4718451499938965,-1.2465782165527344,-0.854046642780304,0.15123838186264038,0.46876928210258484,-0.15210366249084473,-0.5084900259971619,-0.7147474884986877,-0.3130899965763092,0.05989477410912514,0.22897641360759735,0.1779409795999527,-0.2338504046201706,-0.029274538159370422,0.3450619876384735,-0.8100106716156006,-1.4566539525985718,-1.7951526641845703,-1.8710882663726807,-1.7957152128219604,-1.7718539237976074,-0.4996405243873596,0.7115022540092468,0.18317440152168274,-0.23694664239883423,0.7830104827880859,-0.32459375262260437,-1.0012056827545166,0.1642654538154602,-0.206985205411911,-1.019352912902832
0.897676944732666,0.6222183704376221,0.4995443820953369,0.5975754261016846,0.9736981391906738,1.1046316623687744,1.1837416887283325,1.223386526107788,0.5137518048286438,-0.328466534614563,-0.580291211605072,-0.2851136028766632,-0.10923203825950623,0.5411355495452881,1.4644653797149658,1.3283286094665527,0.4703834652900696,-0.09132587909698486,-0.15597042441368103,-0.4281291365623474,-0.7452951073646545,-0.4759787321090698,-0.20497342944145203,-0.2840138375759125,-0.2484671175479889,0.1826821118593216,-1.2030695676803589,-1.77033531665802,-1.7490509748458862,-1.4256868362426758,-0.9686307311058044,-0.569340705871582,1.5603784322738647,2.2201955318450928,1.538622260093689,0.7119637727737427,0.4570457935333252,-0.023739947006106377,-0.22326940298080444,-0.16505102813243866,-0.568240225315094,-1.7863866090774536
0.769008219242096,0.5343917012214661,0.4147839844226837,0.49516522884368896,0.7841188907623291,0.9125896096229553,1.0908771753311157,1.3668951988220215,1.3698582649230957,1.516377568244934,1.3170336484909058,1.0827445983886719,0.4515639841556549,0.39395949244499207,0.8946186304092407,1.490551471710205,1.8294144868850708,1.344807505607605,1.1237578392028809,0.7368955016136169,0.4677113890647888,0.5831742286682129,0.42832568287849426,0.5033595561981201,0.03386504203081131,0.7900586128234863,0.4319247305393219,-0.852972686290741,-1.2868807315826416,0.5828338265419006,1.4215565919876099,1.853315830230713,1.9496660232543945,1.5289480686187744,1.5723015069961548,1.5509459972381592,0.44307976961135864,0.43337196111679077,1.8362737894058228,1.5220882892608643,0.9295899868011475,-0.8934879302978516
0.7432971596717834,0.5379112362861633,0.4313638508319855,0.5351749062538147,0.8872730731964111,0.8070847988128662,0.900407612323761,1.06637704372406,1.278954267501831,1.4733741283416748,1.4746241569519043,1.0140892267227173,0.472711443901062,0.695214033126831,0.45659711956977844,0.4097934365272522,1.3247536420822144,1.7263280153274536,1.650342345237732,1.7118809223175049,1.861600399017334,1.9163089990615845,1.476586937904358,1.0642037391662598,0.13108517229557037,0.8354953527450562,2.205618143081665,1.5790553092956543,0.6352230906486511,1.7786107063293457,2.4404001235961914,2.663278818130493,2.3868935108184814,1.765991449356079,1.2846637964248657,1.4010045528411865,1.1255817413330078,1.2336688041687012,2.189998149871826,1.5220004320144653,1.2746514081954956,0.42263174057006836
