demo/sfcwind/1330-wind-surface-level-gfs-1.0.json
{"header": {"productDefinitionTemplate": 0, "surface1Type": 103, "productStatus": 0, "disciplineName": "Meteorological products", "subDivisions": 0, "winds": "true", "parameterNumberName": "U-component_of_wind", "discipline": 0, "surface2Value": 0, "significanceOfRTName": "Start of forecast", "surface2TypeName": "Missing", "surface2Type": 255, "productTypeName": "Forecast products", "dx": 0.024617210030555725, "dy": 0.01798853650689125, "numberPoints": 65160, "productStatusName": "Operational products", "gribEdition": 2, "parameterUnit": "m.s-1", "forecastTime": 0, "refTime": "2020-09-30T11:30:00.000Z", "productType": 1, "genProcessTypeName": "Forecast", "scanMode": 0, "genProcessType": 2, "gribLength": 11338.0, "significanceOfRT": 1, "productDefinitionTemplateName": "Analysis/forecast at horizontal level/layer at a point in time", "centerName": "WRF OUTPUT", "la1": 43.66691207885742, "la2": 42.426788330078125, "lo2": 13.70867919921875, "gridUnits": "degrees", "surface1Value": 10, "shapeName": "Earth spherical with radius of 6,371,229.0 m", "surface1TypeName": "Specified height level above ground", "nx": 70.0, "ny": 70.0, "lo1": 12.008544921875, "basicAngle": 0, "gridDefinitionTemplate": 0, "shape": 6, "parameterNumber": 2, "subcenter": 0, "parameterCategoryName": "Momentum", "parameterCategory": 2, "center": 0, "gridDefinitionTemplateName": "Latitude_Longitude", "resolution": 48}, "data":
[rows 0 to 18 of 70, columns 0 to 42 of 70]
0.8448904752731323,1.1280425786972046,1.5179145336151123,1.9130756855010986,2.1488258838653564,2.2868518829345703,2.259263038635254,1.8718836307525635,1.3423826694488525,0.9985429048538208,0.7040260434150696,0.46544158458709717,0.3762039840221405,0.31348100304603577,0.121427021920681,-0.08482173830270767,-0.30613648891448975,-0.6497985124588013,-0.9279947280883789,-0.9848195314407349,-0.9404578804969788,-0.7828124165534973,-0.3681681752204895,0.01855236105620861,0.12631873786449432,0.13714660704135895,-0.007098759990185499,-0.39792370796203613,-0.8267789483070374,-1.1048046350479126,-1.3178261518478394,-1.4926000833511353,-1.5635837316513062,-1.591930866241455,-1.6472117900848389,-1.6945455074310303,-1.6618402004241943,-1.4806746244430542,-1.2960491180419922,-1.20706045627594,-1.144840121269226,-1.089324951171875,-1.0709049701690674
0.5792950391769409,0.8708058595657349,1.3254625797271729,1.7336772680282593,1.9683935642242432,2.093092441558838,2.1014294624328613,1.8710588216781616,1.571614146232605,1.346959114074707,1.1375612020492554,0.8899466395378113,0.7220208048820496,0.5601184368133545,0.3304062485694885,0.13812749087810516,-0.030707918107509613,-0.3016927242279053,-0.5531439781188965,-0.6284987926483154,-0.6261568665504456,-0.5383245348930359,-0.2686764895915985,-0.006737334653735161,0.10141535848379135,0.13276755809783936,-0.009769272059202194,-0.36509063839912415,-0.7262231111526489,-0.9763250350952148,-1.171457052230835,-1.3461743593215942,-1.4384976625442505,-1.49784517288208,-1.5407898426055908,-1.5638587474822998,-1.5769909620285034,-1.5189207792282104,-1.442441701889038,-1.4204723834991455,-1.3892110586166382,-1.3128432035446167,-1.1912841796875
0.3516927659511566,0.6498603224754333,1.226810336112976,1.6806918382644653,1.9866756200790405,2.0980923175811768,2.1193268299102783,1.907507061958313,1.6537368297576904,1.443703055381775,1.2754756212234497,1.0881462097167969,0.943738579750061,0.7890613675117493,0.6000327467918396,0.4173877239227295,0.25124624371528625,0.01586201786994934,-0.20266029238700867,-0.28933194279670715,-0.2928088307380676,-0.2315656989812851,-0.04363463446497917,0.1341506540775299,0.20081037282943726,0.17068248987197876,0.0037955916486680508,-0.30903786420822144,-0.6451383233070374,-0.9198092818260193,-1.1531410217285156,-1.3310149908065796,-1.4220649003982544,-1.468899130821228,-1.4736530780792236,-1.4924237728118896,-1.5448566675186157,-1.585345983505249,-1.6106106042861938,-1.6417795419692993,-1.6184331178665161,-1.5241203308105469,-1.3605607748031616
0.4647919535636902,0.7126584053039551,1.034354567527771,1.4367361068725586,1.7270910739898682,1.768420696258545,1.7249702215194702,1.6474237442016602,1.526107907295227,1.413880705833435,1.3189992904663086,1.2518720626831055,1.1387189626693726,0.9639310836791992,0.8220584988594055,0.7240812182426453,0.5749567747116089,0.37764638662338257,0.21578140556812286,0.17616106569766998,0.21306192874908447,0.25682955980300903,0.33544349670410156,0.3624403178691864,0.314982533454895,0.25289368629455566,0.2230955958366394,0.15786178410053253,-0.006575065664947033,-0.2553778290748596,-0.608295738697052,-0.9350377321243286,-1.1345115900039673,-1.2039753198623657,-1.1295933723449707,-1.194171667098999,-1.4390332698822021,-1.5898172855377197,-1.7436022758483887,-1.861217737197876,-1.8293557167053223,-1.721089482307434,-1.5600475072860718
0.7331838011741638,0.9845587611198425,0.8863948583602905,1.33574378490448,1.6671364307403564,1.3742122650146484,1.2184617519378662,1.213218331336975,1.1632357835769653,1.2135579586029053,1.2424126863479614,1.3030318021774292,1.24740469455719,1.104207992553711,1.2058933973312378,1.2363203763961792,0.9364930987358093,0.7435258626937866,0.6566906571388245,0.7944417595863342,1.056464672088623,1.2353090047836304,1.3416509628295898,1.0143235921859741,0.5668240189552307,0.5224552750587463,1.038408637046814,1.6390899419784546,1.9157335758209229,2.000227928161621,1.377888560295105,0.2649371027946472,-0.4685361385345459,-0.6718922853469849,-0.27359798550605774,-0.6694063544273376,-1.5248605012893677,-1.8068504333496094,-2.0816266536712646,-2.154756784439087,-2.048048257827759,-1.8876234292984009,-1.7527700662612915
0.6152283549308777,0.6689609289169312,0.5741730332374573,1.063492774963379,1.1410391330718994,0.6210272908210754,0.9207768440246582,1.1621687412261963,1.271600604057312,1.377537488937378,1.2982994318008423,1.4151989221572876,1.5867570638656616,1.6028354167938232,1.3351324796676636,1.190761923789978,1.1926324367523193,1.2560474872589111,1.234213948249817,1.2765332460403442,1.3712968826293945,1.56389319896698,1.5510998964309692,1.1423412561416626,0.7607375383377075,0.7832087874412537,1.4551750421524048,1.9358928203582764,1.8758854866027832,1.8716223239898682,1.8183633089065552,1.7011996507644653,0.8214854001998901,-0.13630536198616028,0.04293476417660713,0.10139954090118408,-1.0689843893051147,-2.204221725463867,-2.531155586242676,-2.48683500289917,-2.2480576038360596,-2.0554463863372803,-1.9031318426132202
0.6237052083015442,0.5355275273323059,0.3679048418998718,0.6469075679779053,0.4814889132976532,0.21140776574611664,0.7098438739776611,1.0287505388259888,1.2456490993499756,1.0574434995651245,1.0411657094955444,1.30711030960083,1.5020575523376465,1.6168479919433594,1.332289457321167,1.3519343137741089,1.4115962982177734,1.24190354347229,1.2524657249450684,1.2215876579284668,1.741590142250061,1.9716352224349976,1.4789021015167236,0.9328539967536926,0.5675872564315796,0.662306547164917,1.2520480155944824,1.6073288917541504,1.723945140838623,1.801609754562378,1.5007753372192383,1.7174752950668335,1.8543643951416016,1.3913044929504395,0.6366392970085144,1.1145175695419312,0.7838195562362671,-1.5833237171173096,-2.6386868953704834,-2.59470272064209,-2.3333141803741455,-2.168187379837036,-2.0268750190734863
0.6370486617088318,0.3668486773967743,0.08509386330842972,0.27028393745422363,-0.14254583418369293,-0.21056921780109406,0.5813629627227783,0.5820890665054321,0.8594779968261719,1.062001347541809,1.0829246044158936,1.3130147457122803,1.455662727355957,1.3399773836135864,1.2426782846450806,1.297317385673523,1.226076602935791,1.180568814277649,1.2925283908843994,1.572155237197876,1.8856593370437622,1.8245315551757812,1.9866364002227783,1.6242635250091553,1.407896876335144,1.3996487855911255,1.1607356071472168,1.4067579507827759,1.4943727254867554,1.155489444732666,0.9996070265769958,1.5235354900360107,1.96897292137146,0.6459782719612122,-0.2894463837146759,0.4413803517818451,0.7645137310028076,-0.5989658832550049,-2.1442606449127197,-2.429159164428711,-2.33935809135437,-2.2212274074554443,-2.113253116607666
0.7985962629318237,0.33269843459129333,-0.09614988416433334,-0.02501063235104084,-0.580406129360199,-0.49990543723106384,0.3860068619251251,0.20996806025505066,0.379224956035614,0.8860910534858704,1.0945335626602173,1.147736668586731,1.1471552848815918,1.228259801864624,1.3596887588500977,1.3327784538269043,1.260662317276001,1.363929033279419,1.5702035427093506,1.877700686454773,1.8029265403747559,1.756475567817688,1.7331390380859375,1.5533086061477661,1.9663491249084473,1.5375518798828125,1.1028350591659546,1.8767024278640747,1.5347466468811035,0.7867719531059265,0.9793931841850281,1.893056869506836,1.8855785131454468,-0.11936673521995544,-0.856775164604187,0.13260328769683838,1.1869001388549805,0.13308566808700562,-1.8013670444488525,-2.1786487102508545,-2.2088124752044678,-2.1513822078704834,-2.1110212802886963
1.0484493970870972,0.5402518510818481,-0.12249021977186203,-0.3628365993499756,-0.8209807872772217,-0.7216278314590454,-0.15598557889461517,-0.19433282315731049,0.05749140679836273,0.5094315409660339,1.0326236486434937,1.2140766382217407,1.094608187675476,1.3179227113723755,1.454030990600586,1.3850760459899902,1.6172685623168945,1.8272168636322021,1.8509702682495117,1.964478611946106,1.8951629400253296,1.7940418720245361,1.5339514017105103,1.5217832326889038,1.4737894535064697,0.7446087598800659,1.767148494720459,2.601320266723633,0.7092804908752441,-0.03992322459816933,1.0588395595550537,1.221422791481018,1.0368483066558838,0.8972101211547852,0.16666461527347565,-0.08239327371120453,0.9458059668540955,0.7662918567657471,-1.1784292459487915,-2.131840467453003,-2.1514084339141846,-2.023045063018799,-1.9676395654678345
1.2268203496932983,0.8114493489265442,0.11524451524019241,-0.5965119004249573,-1.0663574934005737,-0.8389779329299927,-0.5488842725753784,-0.7580881118774414,0.08121534436941147,0.581318199634552,0.568909227848053,1.1286282539367676,1.125229835510254,1.2607247829437256,1.4955414533615112,1.6517325639724731,1.8314898014068604,1.6868358850479126,1.7510203123092651,1.7289602756500244,1.5991265773773193,2.1085023880004883,2.235200881958008,0.5882571935653687,-1.234839677810669,-0.2723487317562103,2.422302007675171,2.744843006134033,-0.2041616439819336,-0.5316784381866455,0.624553918838501,-0.43542441725730896,-0.0010252302745357156,1.4459503889083862,1.6633460521697998,1.2878047227859497,0.6291761994361877,1.379289984703064,1.2584725618362427,-1.1717121601104736,-2.0157177448272705,-1.7419228553771973,-2.1807146072387695
1.2164150476455688,0.769299328327179,0.24495777487754822,-0.45006582140922546,-1.0788357257843018,-0.6348612308502197,-0.3890766501426697,-0.5988281965255737,-0.2992269992828369,-0.435924768447876,0.08860655128955841,1.0327935218811035,1.3279600143432617,1.4238325357437134,1.640933871269226,1.9836816787719727,1.7165539264678955,1.3649265766143799,1.796406626701355,1.8610165119171143,1.7585980892181396,2.175706386566162,2.676015853881836,1.2369319200515747,-0.9624974727630615,-0.3823055028915405,1.0141253471374512,2.543583393096924,1.8948603868484497,-0.44243064522743225,-0.09278616309165955,0.30281439423561096,-0.01650506816804409,-0.31862136721611023,0.5017635226249695,1.1406422853469849,1.0264034271240234,1.414660930633545,1.6861460208892822,0.2447209358215332,-1.3025025129318237,-1.6111056804656982,-2.231849431991577
1.2910658121109009,0.7660502195358276,0.31166672706604004,-0.36764195561408997,-0.9925215840339661,-0.524132490158081,-0.3581804037094116,-0.168708935379982,-0.6166073083877563,-1.5104219913482666,-0.5123575329780579,1.0004785060882568,1.7254942655563354,1.6825178861618042,1.9569462537765503,1.9923524856567383,1.3861687183380127,1.2392675876617432,1.6683944463729858,1.8551499843597412,1.7623306512832642,2.0229291915893555,1.9375442266464233,2.1959497928619385,1.6225390434265137,0.5427384972572327,0.6326021552085876,1.3868460655212402,2.6869759559631348,1.905151128768921,0.8595649600028992,0.7230061292648315,-0.9518553614616394,-1.6194677352905273,0.3299497365951538,0.8014954924583435,0.3285965621471405,1.3600209951400757,1.0481140613555908,1.2831271886825562,0.9977209568023682,-1.394421100616455,-1.8093575239181519
1.4396065473556519,0.8912661671638489,0.4718415141105652,0.11154016107320786,-0.49952971935272217,-0.7282578349113464,-0.32501667737960815,0.3916405737400055,-0.0629957914352417,-1.2555789947509766,-0.6985469460487366,1.030417561531067,1.6119080781936646,1.4445278644561768,1.477242112159729,1.2075083255767822,1.2660235166549683,1.5579359531402588,1.7509256601333618,1.8799092769622803,1.7868390083312988,1.7182183265686035,2.2210748195648193,2.392620801925659,2.128549098968506,1.8466508388519287,1.6812684535980225,1.9147555828094482,2.0783286094665527,1.7802363634109497,2.0405995845794678,2.4700801372528076,0.8742234706878662,-0.9028037190437317,-0.016086481511592865,0.1845255196094513,-0.04486076161265373,-0.040809646248817444,0.06371476501226425,1.5837403535842896,1.8477051258087158,0.14749793708324432,-0.8600802421569824
1.5321654081344604,1.0284942388534546,0.6386141180992126,0.041628915816545486,-0.029276208952069283,-0.06747456640005112,-0.4247177541255951,-0.41453036665916443,-0.2522681653499603,-0.5886760354042053,-0.5157095193862915,0.8153844475746155,1.2949838638305664,1.3288311958312988,1.551447868347168,1.376633644104004,1.5591000318527222,1.795857310295105,1.9307677745819092,1.8973064422607422,1.8309766054153442,2.223686695098877,2.4314441680908203,2.129026412963867,2.180255174636841,2.340080976486206,1.915418267250061,1.1726958751678467,1.3569687604904175,1.8495570421218872,2.239920139312744,2.513514757156372,2.1489689350128174,0.8512786626815796,0.0784388929605484,1.1369818449020386,0.363879919052124,-1.0638383626937866,0.5669122934341431,1.672818660736084,1.4891936779022217,1.365529179573059,-0.01963837631046772
1.772916316986084,1.2873492240905762,0.8628446459770203,-0.03497419133782387,0.14378617703914642,-0.033258359879255295,-0.5767020583152771,-0.7317855954170227,-0.6565292477607727,-0.5075188875198364,-0.3848467469215393,0.7384719848632812,1.0553004741668701,1.2012674808502197,1.4784375429153442,1.359012484550476,1.6195801496505737,2.047792434692383,2.0981523990631104,1.7772465944290161,1.6833122968673706,2.1491732597351074,2.1504950523376465,1.817574381828308,1.6713911294937134,1.8276870250701904,1.356174349784851,0.6583428382873535,1.218865990638733,2.3510375022888184,2.260732412338257,1.4853050708770752,1.422973871231079,0.47775283455848694,-0.20276698470115662,1.501115322113037,1.5709694623947144,0.08060769736766815,1.2636438608169556,1.5268094539642334,1.3686152696609497,1.6745960712432861,-0.546500563621521
1.868384599685669,1.4460915327072144,1.0659067630767822,0.7514438033103943,0.2553435266017914,0.1831030547618866,-0.2497008740901947,-0.9413519501686096,-0.4301273226737976,-0.36215513944625854,-0.2986198961734772,0.4732414782047272,0.7750717401504517,1.0186357498168945,1.2150026559829712,1.3924193382263184,1.9875526428222656,2.1041274070739746,1.6004314422607422,1.2665120363235474,1.5815777778625488,2.1629638671875,2.234853506088257,1.94199800491333,1.710494875907898,1.5827407836914062,1.3768278360366821,0.9167682528495789,0.7264298796653748,2.1988532543182373,2.292879581451416,0.2963710427284241,-0.2851262092590332,0.40734270215034485,0.7243143916130066,1.4172672033309937,1.5434805154800415,1.0402491092681885,1.5093419551849365,1.1725945472717285,1.3284672498703003,1.6271412372589111,-0.487551212310791
1.818912148475647,1.4061049222946167,1.1136155128479004,0.812274158000946,0.608362078666687,0.6961067318916321,0.28158682584762573,-0.5883194208145142,-0.5423781275749207,-0.3202563226222992,-0.21018074452877045,-0.16291925311088562,0.18890050053596497,0.5759471654891968,0.8477353453636169,1.7654098272323608,1.8472607135772705,1.3215118646621704,1.2715495824813843,1.813491702079773,2.129277229309082,1.7581557035446167,1.6483064889907837,1.8982058763504028,1.799201488494873,1.7499310970306396,1.6114046573638916,0.9607107639312744,0.6211349368095398,1.5434178113937378,2.8026533126831055,2.266944646835327,0.9638580679893494,0.4716160297393799,0.644208550453186,1.4325529336929321,1.3775932788848877,0.9059025049209595,0.7663255929946899,0.7827785611152649,0.8790085315704346,2.0071635246276855,1.4419536590576172
1.7293822765350342,1.3010320663452148,1.0813148021697998,0.9144569039344788,0.8576908111572266,0.8562938570976257,0.6178817749023438,0.08765248209238052,0.27022379636764526,0.5985126495361328,0.005346262827515602,-0.8295662999153137,-0.6194003820419312,0.07281327992677689,0.9705700278282166,1.614308476448059,1.3755836486816406,1.4905062913894653,1.8684252500534058,2.292914390563965,2.383007526397705,1.5141241550445557,1.026815414428711,1.3531562089920044,1.8665730953216553,2.1693084239959717,1.8421001434326172,1.443892478942871,1.1836204528808594,1.3275783061981201,1.8814892768859863,2.4991111755371094,2.409869909286499,1.7957592010498047,1.7582933902740479,1.8758177757263184,1.510776400566101,0.8195585608482361,0.09053100645542145,-0.04772108420729637,0.31615614891052246,1.963963508605957,2.447457790374756
