demo/sfcwind/1330-wind-surface-level-gfs-1.0.json
{"header": {"productDefinitionTemplate": 0, "surface1Type": 103, "productStatus": 0, "disciplineName": "Meteorological products", "subDivisions": 0, "winds": "true", "parameterNumberName": "U-component_of_wind", "discipline": 0, "surface2Value": 0, "significanceOfRTName": "Start of forecast", "surface2TypeName": "Missing", "surface2Type": 255, "productTypeName": "Forecast products", "dx": 0.024617210030555725, "dy": 0.01798853650689125, "numberPoints": 65160, "productStatusName": "Operational products", "gribEdition": 2, "parameterUnit": "m.s-1", "forecastTime": 0, "refTime": "2020-09-30T11:30:00.000Z", "productType": 1, "genProcessTypeName": "Forecast", "scanMode": 0, "genProcessType": 2, "gribLength": 11338.0, "significanceOfRT": 1, "productDefinitionTemplateName": "Analysis/forecast at horizontal level/layer at a point in time", "centerName": "WRF OUTPUT", "la1": 43.66691207885742, "la2": 42.426788330078125, "lo2": 13.70867919921875, "gridUnits": "degrees", "surface1Value": 10, "shapeName": "Earth spherical with radius of 6,371,229.0 m", "surface1TypeName": "Specified height level above ground", "nx": 70.0, "ny": 70.0, "lo1": 12.008544921875, "basicAngle": 0, "gridDefinitionTemplate": 0, "shape": 6, "parameterNumber": 2, "subcenter": 0, "parameterCategoryName": "Momentum", "parameterCategory": 2, "center": 0, "gridDefinitionTemplateName": "Latitude_Longitude", "resolution": 48}, "data":
[rows 38 to 56 of 70, columns 0 to 42 of 70]
-0.3005180060863495,-0.36156368255615234,-0.30024537444114685,-0.7829809784889221,-0.9558054804801941,-0.5101255178451538,-0.7407228350639343,-1.0720157623291016,-0.9078080654144287,-1.3610488176345825,-1.4399818181991577,-0.620782732963562,-0.037548746913671494,-0.042901359498500824,-0.39703065156936646,0.023399753496050835,0.7896063923835754,1.4902464151382446,1.6701139211654663,0.9062812924385071,0.18291674554347992,-0.40712785720825195,-0.44167208671569824,0.01515364833176136,0.27480438351631165,0.6164224147796631,0.9282650947570801,1.1564090251922607,1.818898320198059,2.0913097858428955,2.148214817047119,2.559769630432129,2.4825873374938965,2.2874343395233154,2.321390390396118,2.6373143196105957,2.560321569442749,2.482274055480957,2.6236824989318848,2.3568055629730225,1.1268749237060547,0.27086690068244934,-0.19115300476551056
-0.2078019678592682,-0.24840788543224335,-0.19369126856327057,-0.7499661445617676,-0.47107991576194763,0.4672532379627228,8.841660019243136e-06,-0.5021267533302307,-0.5554590821266174,-1.423510193824768,-1.6697754859924316,-0.6773547530174255,0.17331373691558838,-0.19362668693065643,-0.7586793303489685,-0.001129491371102631,0.9131116271018982,1.6708943843841553,1.823209285736084,1.245408535003662,0.5527663230895996,-0.2848600447177887,-0.8301098346710205,-0.5555091500282288,-0.09460984915494919,0.48460859060287476,0.803730309009552,1.0004186630249023,1.4336681365966797,1.4951915740966797,1.9290543794631958,2.4949748516082764,2.5246124267578125,2.1020569801330566,2.0609731674194336,2.5916497707366943,2.639930486679077,2.2950925827026367,2.3791391849517822,2.52317214012146,2.029573440551758,1.2175084352493286,-0.1326000690460205
-0.24737925827503204,-0.22371743619441986,-0.05890558287501335,-0.7422791123390198,-0.0771833211183548,0.691318929195404,-0.12328845262527466,-0.5596203207969666,-0.6584303379058838,-1.2362459897994995,-1.3865888118743896,-0.8107545375823975,-0.21591922640800476,-0.24136808514595032,-0.6375371813774109,0.09049617499113083,0.9531394839286804,1.5385122299194336,1.4420241117477417,0.97704017162323,1.3069968223571777,0.7083423137664795,-1.1151386499404907,-1.0371145009994507,-0.13384658098220825,0.19273686408996582,0.59976726770401,0.8095434904098511,1.1773717403411865,1.2697643041610718,1.9013032913208008,2.500466823577881,2.656989097595215,2.4051241874694824,1.7099123001098633,1.7746855020523071,2.491964817047119,2.318840503692627,2.1064612865448,2.429743766784668,2.109595775604248,1.6980392932891846,0.9675933718681335
-0.14054305851459503,-0.08762657642364502,-0.0985373929142952,-0.9890500903129578,-0.30860215425491333,0.6345990896224976,-0.6302493214607239,-1.0546104907989502,-0.9064335823059082,-1.2631969451904297,-1.407470703125,-1.123277187347412,-0.7560893297195435,-0.6719916462898254,-0.551790714263916,0.282442182302475,0.9517375230789185,1.2640666961669922,1.2496733665466309,0.9128606915473938,1.3352487087249756,1.2342000007629395,-0.372670978307724,-1.1493104696273804,-0.6937848925590515,-0.09777756035327911,0.33198603987693787,0.5055705308914185,0.9066744446754456,0.9102965593338013,1.6039636135101318,2.421602725982666,2.4911394119262695,2.3231120109558105,1.295384168624878,0.9798865914344788,1.848406195640564,2.253342628479004,1.8241093158721924,1.7093183994293213,1.254517674446106,0.628052830696106,1.6806046962738037
-0.00031966326059773564,0.09144130349159241,-0.08227723836898804,-1.0804094076156616,-0.46932175755500793,0.47730255126953125,-0.6849428415298462,-0.9987478852272034,-0.8089973330497742,-1.1799675226211548,-1.5283007621765137,-1.2363412380218506,-1.2094502449035645,-1.293629765510559,-0.7345039248466492,0.3039494752883911,1.179587721824646,1.3617647886276245,1.2260640859603882,1.1460092067718506,0.3957967460155487,0.21103693544864655,0.8197941184043884,0.0827849805355072,-0.5885749459266663,-0.13889342546463013,-0.00867595337331295,0.0893234834074974,0.4167766571044922,0.2610892653465271,1.0137625932693481,2.0061533451080322,2.6207706928253174,2.329005241394043,0.4123972952365875,0.30655333399772644,1.4598133563995361,1.076650619506836,0.8712650537490845,1.8044648170471191,0.8374683260917664,-0.2036985456943512,1.4707000255584717
0.013018117286264896,0.14345212280750275,0.06819136440753937,-0.694884717464447,-0.13633358478546143,-0.325178861618042,-1.5150728225708008,-0.385540634393692,-0.09216330945491791,-1.2071493864059448,-1.5204139947891235,-1.1743617057800293,-1.6969990730285645,-1.977142572402954,-1.2837251424789429,-0.08142435550689697,1.127593994140625,1.4823356866836548,1.3838591575622559,1.5581473112106323,0.47830644249916077,-0.2143101841211319,0.1222473531961441,0.5683119297027588,0.7890526652336121,0.220926433801651,-0.23122194409370422,-0.4315476417541504,-0.188201904296875,-0.07510284334421158,0.7549845576286316,1.847933292388916,2.537513256072998,2.218268394470215,0.33070024847984314,-0.3399631977081299,-0.363113671541214,-0.17958912253379822,1.5364969968795776,2.3699142932891846,0.2876324951648712,-0.34650102257728577,1.9921586513519287
-0.07381018251180649,0.04825470969080925,0.17473599314689636,0.11061684042215347,0.07762077450752258,-0.7757067084312439,-1.8519296646118164,-0.4041333496570587,0.3525027930736542,-0.9278231859207153,-1.4237391948699951,-1.2844980955123901,-1.6456986665725708,-2.0129196643829346,-1.6442705392837524,-0.49741727113723755,0.8434176445007324,1.5476572513580322,1.6612646579742432,1.7693532705307007,0.7188390493392944,-0.6035948991775513,-0.40761929750442505,0.14152678847312927,0.8140156865119934,0.6053382754325867,-0.5955216288566589,-0.8791337013244629,-0.5526924729347229,-0.4533916711807251,0.49992823600769043,2.2357897758483887,2.6751551628112793,1.970992088317871,0.40326204895973206,-1.2507797479629517,-1.626807689666748,-0.4293057322502136,1.5600868463516235,1.8818621635437012,0.5415610074996948,0.3524894416332245,1.6060951948165894
-0.21907924115657806,-0.1247638389468193,0.12245538830757141,0.3734433948993683,0.36084964871406555,-0.48425713181495667,-1.5574065446853638,-0.6660060286521912,0.7000016570091248,0.09159550070762634,-1.4124630689620972,-1.6437009572982788,-1.5203546285629272,-1.7723727226257324,-1.6156811714172363,-0.7383918166160583,0.6274207234382629,1.4075889587402344,1.6686488389968872,2.051785469055176,1.0830399990081787,-0.5175750851631165,-0.4723380506038666,0.19817650318145752,0.7711862325668335,0.3933504521846771,-0.5402902960777283,-0.5828244686126709,-0.46817541122436523,-0.72929447889328,0.09798714518547058,2.20686674118042,2.8419270515441895,1.8601868152618408,1.856602430343628,0.9795939922332764,-1.451654314994812,-0.9797223210334778,1.2730356454849243,2.005239248275757,1.8059778213500977,1.7322056293487549,1.4931294918060303
-0.15817564725875854,-0.0677025318145752,0.05202488601207733,0.024277707561850548,0.3574931025505066,0.24693641066551208,-0.4109231233596802,-0.44745853543281555,0.5226858854293823,0.5343068838119507,-1.2289035320281982,-1.8068758249282837,-1.601401448249817,-1.7295435667037964,-1.7036056518554688,-0.9563226699829102,0.37325209379196167,1.1666333675384521,1.5256503820419312,1.878368854522705,1.557279348373413,0.2196824550628662,-0.25987523794174194,0.25773903727531433,0.5123981833457947,0.15168367326259613,-0.45745059847831726,-0.5880396366119385,-0.5247309803962708,-0.7260146141052246,-0.1578901708126068,1.7847073078155518,2.657646417617798,2.002470016479492,2.5581727027893066,1.986823558807373,-0.924687385559082,-1.0489158630371094,1.1796306371688843,2.565500259399414,2.4728598594665527,2.1083548069000244,1.6515806913375854
-0.15186740458011627,-0.05875841900706291,-0.024504587054252625,-0.1270306408405304,0.008091636002063751,0.21576668322086334,0.5401800274848938,0.5789977312088013,0.33770498633384705,-0.3552211821079254,-1.2438507080078125,-1.3110809326171875,-1.449919581413269,-1.8546912670135498,-2.0991053581237793,-1.232899785041809,0.20016102492809296,0.8402733206748962,1.1998238563537598,1.342891812324524,1.2981222867965698,1.2620364427566528,0.4979972541332245,0.018701832741498947,-0.3069879710674286,-0.7245021462440491,-0.6111178994178772,-0.741442084312439,-0.49462878704071045,-0.4235233962535858,-0.24059629440307617,1.1528152227401733,2.335777759552002,2.4887373447418213,3.0230305194854736,1.9299973249435425,-0.2727901041507721,0.11325401812791824,1.9034050703048706,2.836880683898926,2.791660785675049,2.322709560394287,1.4007195234298706
-0.009246431291103363,0.031054645776748657,-0.09775073081254959,-0.3288946747779846,-0.2818416655063629,-0.14122417569160461,0.5829095244407654,0.7519446015357971,0.1410827338695526,-0.052291400730609894,-0.37293052673339844,-0.38931986689567566,-0.690309464931488,-1.419257640838623,-1.8630454540252686,-1.1447120904922485,0.0320037305355072,0.5969178676605225,0.9648276567459106,1.4299390316009521,1.5870836973190308,1.6369328498840332,1.4246455430984497,0.12765619158744812,-1.2618507146835327,-0.7217068672180176,-0.21847908198833466,-0.7547852993011475,-0.4067322015762329,-0.3070000112056732,-0.047928232699632645,0.8131343126296997,1.5982459783554077,2.411350965499878,2.5562431812286377,1.3807858228683472,0.7355345487594604,1.858659267425537,2.690089225769043,2.488860607147217,2.4137182235717773,2.400740146636963,1.933793306350708
-0.04840686172246933,-0.08746302127838135,-0.17056185007095337,-0.47922974824905396,-0.5636704564094543,-0.4859809875488281,0.19855621457099915,0.36685284972190857,0.1669599711894989,0.050649795681238174,0.13374465703964233,0.16729043424129486,-0.9846195578575134,-1.2505890130996704,-0.9926891922950745,-0.5206590294837952,0.11133479326963425,0.16219806671142578,0.5027628540992737,1.1857365369796753,1.230817437171936,0.7011631727218628,1.4377373456954956,1.2302732467651367,-0.9187018275260925,-1.095452904701233,-0.4874250888824463,-0.5873316526412964,-0.25345757603645325,-0.2875595688819885,0.23623885214328766,0.9399908781051636,1.504996418952942,2.5771450996398926,1.7431693077087402,0.40491458773612976,1.7368288040161133,2.8002328872680664,2.6683194637298584,1.9518969058990479,1.5029270648956299,1.779647946357727,1.9994525909423828
0.19943013787269592,0.10168305784463882,-0.23640498518943787,-0.7231176495552063,-0.781470537185669,-0.7530730366706848,-0.27141764760017395,0.05034659802913666,-0.1292855143547058,-0.43853694200515747,-0.035535842180252075,0.31516772508621216,-1.0322129726409912,-1.2286943197250366,-0.395328551530838,-0.04147808998823166,-0.2743018865585327,-0.5163593292236328,0.23885007202625275,0.7412354350090027,0.34107938408851624,0.18288148939609528,1.5580503940582275,1.9398043155670166,-0.48442310094833374,-1.677380084991455,-0.8184223771095276,-0.3765404224395752,-0.29116201400756836,-0.4109187722206116,0.2766397297382355,0.9301344752311707,1.755808711051941,2.488279342651367,1.2639267444610596,0.7659377455711365,2.6311135292053223,2.70406436920166,2.6341817378997803,2.3115756511688232,1.1154606342315674,0.9271603226661682,2.221850872039795
0.47628170251846313,0.27574580907821655,-0.18231958150863647,-0.6960492730140686,-1.0375570058822632,-1.173030138015747,-0.761228621006012,-0.43784934282302856,-0.3656617999076843,-0.5177410244941711,-0.024323128163814545,0.7062270641326904,-0.15980008244514465,-0.4195561408996582,0.1018974557518959,-0.4178142249584198,-1.2721340656280518,-1.0182870626449585,-0.012602875009179115,0.3580387532711029,-0.061073970049619675,-0.08380661904811859,1.0355985164642334,2.3173632621765137,1.2951092720031738,-1.4947428703308105,-1.5260040760040283,-0.11271872371435165,-0.03131160885095596,-0.10573003441095352,0.5352068543434143,1.0196090936660767,1.8444204330444336,1.7750163078308105,0.7283519506454468,1.5937743186950684,3.0930652618408203,2.6285338401794434,2.5785093307495117,2.8021464347839355,0.5442312359809875,-0.04987742751836777,1.9025450944900513
0.8380210995674133,0.5509840250015259,-0.12079068273305893,-0.8182290196418762,-0.9583370685577393,-1.0243076086044312,-1.075352430343628,-0.922658383846283,-0.9845194816589355,-0.49611541628837585,0.540412962436676,1.3850456476211548,0.8047415614128113,0.20075173676013947,0.6828778386116028,-0.6088725328445435,-1.64487624168396,-1.0744593143463135,-0.7217682003974915,-0.491740345954895,-0.737490177154541,0.009212125092744827,1.1246600151062012,2.069078207015991,2.335312843322754,-0.317229688167572,-1.2079048156738281,0.533968985080719,0.8099713325500488,0.3021676242351532,0.6816312074661255,1.3321905136108398,1.624733805656433,0.6798860430717468,0.06401774287223816,2.4829142093658447,3.6568918228149414,1.756313443183899,1.3908448219299316,2.1473278999328613,-0.22598938643932343,-0.7392786145210266,0.9451595544815063
1.1456236839294434,0.8008558750152588,0.0663939118385315,-0.7178834080696106,-1.1275235414505005,-1.1591423749923706,-1.0615984201431274,-1.105070948600769,-1.2688602209091187,-0.569214940071106,0.8257673382759094,1.6946028470993042,1.2605082988739014,0.8294110298156738,0.7707242965698242,-0.0931430459022522,-1.0474532842636108,-0.8316676020622253,-0.7544283866882324,-0.8689561486244202,-0.6130160093307495,-0.09043155610561371,0.9476913213729858,2.0255672931671143,2.589418411254883,0.934578001499176,-0.3588201403617859,0.8322564363479614,0.9478973746299744,0.6742980480194092,0.8004903197288513,1.2560096979141235,0.7800730466842651,-0.33741605281829834,0.6345874071121216,2.8376212120056152,3.7156624794006348,1.6908013820648193,0.25411590933799744,1.4111430644989014,1.185012936592102,0.29586261510849,0.639038622379303
1.494386076927185,1.1199588775634766,0.3028249442577362,-0.49435660243034363,-1.0341527462005615,-1.3859474658966064,-1.33868408203125,-1.0989598035812378,-0.8095367550849915,-0.35328683257102966,0.5865967869758606,1.3752974271774292,1.3123056888580322,0.6957650780677795,-0.27570071816444397,0.13520291447639465,-0.02629157342016697,-0.6589715480804443,-0.4991019070148468,-0.4454851746559143,-0.39826589822769165,-0.25733253359794617,0.9485618472099304,2.0534253120422363,1.9784729480743408,1.2975163459777832,0.33461424708366394,0.5781829953193665,0.8258460760116577,0.7062029242515564,1.7748368978500366,1.3399486541748047,-0.5246559381484985,-0.381685346364975,1.659730076789856,2.824507713317871,2.9214682579040527,1.8457281589508057,0.5727066993713379,0.6680722832679749,1.678078293800354,0.8061802387237549,0.09385476261377335
2.1598846912384033,1.7138981819152832,0.7735364437103271,-0.09770212322473526,-0.7552565336227417,-1.3260079622268677,-1.4610111713409424,-1.1532169580459595,-0.6869563460350037,-0.19920213520526886,0.3817993402481079,0.7746863961219788,1.3497480154037476,0.3229175806045532,-1.061599850654602,0.03574127331376076,0.39937034249305725,-0.31666553020477295,-0.25750985741615295,-0.09421984851360321,0.007649489678442478,0.013431327417492867,0.7427736520767212,2.1742796897888184,2.1269736289978027,0.8657995462417603,0.7865810990333557,1.1601601839065552,0.36798733472824097,0.06763434410095215,1.1632194519042969,0.935875415802002,-0.5777686238288879,-0.5130173563957214,1.5541764497756958,3.0872621536254883,2.5955357551574707,1.593546748161316,0.6303829550743103,0.4862578511238098,1.919109582901001,1.7835943698883057,0.6457711458206177
2.398489236831665,1.9308737516403198,1.0587406158447266,0.22810854017734528,-0.46122607588768005,-1.2125710248947144,-1.488257646560669,-1.4182791709899902,-1.1014349460601807,-0.5129016637802124,0.35254964232444763,1.3679202795028687,2.198481559753418,0.7383421063423157,-1.037218451499939,-0.6878498196601868,-0.358867883682251,-0.4155731797218323,-0.24075797200202942,-0.29702943563461304,-0.09055597335100174,0.3193616271018982,1.035465955734253,2.210639476776123,1.8031259775161743,-0.21530839800834656,0.25776419043540955,1.5991657972335815,0.045333802700042725,-0.9885793924331665,0.25186866521835327,1.4143354892730713,0.9343510270118713,0.2529297173023224,1.4580432176589966,3.0301036834716797,3.119450569152832,1.9247441291809082,0.8419585227966309,1.1441413164138794,2.402637481689453,2.8321332931518555,1.9414794445037842
