demo/sfcwind/1330-wind-surface-level-gfs-1.0.json
{"header": {"productDefinitionTemplate": 0, "surface1Type": 103, "productStatus": 0, "disciplineName": "Meteorological products", "subDivisions": 0, "winds": "true", "parameterNumberName": "V-component_of_wind", "discipline": 0, "surface2Value": 0, "significanceOfRTName": "Start of forecast", "surface2TypeName": "Missing", "surface2Type": 255, "productTypeName": "Forecast products", "dx": 0.024617210030555725, "dy": 0.01798853650689125, "numberPoints": 65160, "productStatusName": "Operational products", "gribEdition": 2, "parameterUnit": "m.s-1", "forecastTime": 0, "refTime": "2020-09-30T11:30:00.000Z", "productType": 1, "genProcessTypeName": "Forecast", "scanMode": 0, "genProcessType": 2, "gribLength": 11338.0, "significanceOfRT": 1, "productDefinitionTemplateName": "Analysis/forecast at horizontal level/layer at a point in time", "centerName": "WRF OUTPUT", "la1": 43.66691207885742, "la2": 42.426788330078125, "lo2": 13.70867919921875, "gridUnits": "degrees", "surface1Value": 10, "shapeName": "Earth spherical with radius of 6,371,229.0 m", "surface1TypeName": "Specified height level above ground", "nx": 70.0, "ny": 70.0, "lo1": 12.008544921875, "basicAngle": 0, "gridDefinitionTemplate": 0, "shape": 6, "parameterNumber": 3, "subcenter": 0, "parameterCategoryName": "Momentum", "parameterCategory": 2, "center": 0, "gridDefinitionTemplateName": "Latitude_Longitude", "resolution": 48}, "data":
[rows 0 to 18 of 70, columns 0 to 42 of 70]
3.1718497276306152,3.36970853805542,3.567063570022583,3.202313184738159,2.9191012382507324,1.679443359375,2.36663556098938,1.8467339277267456,0.6134124994277954,-0.16638243198394775,-0.668804407119751,-0.554182767868042,-0.7733449935913086,-1.0130304098129272,-0.99009770154953,-0.9204436540603638,-1.0849251747131348,-1.2981042861938477,-1.4867699146270752,-1.712908387184143,-2.0251097679138184,-2.2178430557250977,-2.380561113357544,-2.497540235519409,-2.354832887649536,-2.022970199584961,-1.8043159246444702,-1.5785441398620605,-1.4186413288116455,-1.2871556282043457,-1.2443983554840088,-1.087575912475586,-1.1090704202651978,-1.1471983194351196,-1.0994231700897217,-1.169523000717163,-1.144919514656067,-1.0818384885787964,-0.9304338693618774,-0.653237521648407,-0.6764810681343079,-0.7803406715393066,-0.8502306342124939
3.0901806354522705,3.125617504119873,3.2748372554779053,2.9185304641723633,2.6918234825134277,1.5153450965881348,2.0506231784820557,1.732056975364685,0.5885385274887085,-0.10212767869234085,-0.49906715750694275,-0.3074100613594055,-0.5214637517929077,-0.7729477882385254,-0.8309770822525024,-0.9164729118347168,-1.1182518005371094,-1.318406343460083,-1.4530357122421265,-1.6477316617965698,-1.8413817882537842,-2.020397424697876,-2.2210521697998047,-2.403663158416748,-2.284959316253662,-1.9471467733383179,-1.6823586225509644,-1.43032705783844,-1.264919638633728,-1.1728880405426025,-1.2421913146972656,-1.113592267036438,-1.175716519355774,-1.2041232585906982,-1.1408770084381104,-1.1848920583724976,-1.1453235149383545,-1.0431921482086182,-0.8500831127166748,-0.5501583814620972,-0.627314567565918,-0.8032922148704529,-0.9241644144058228
2.6751768589019775,2.63681960105896,2.563110828399658,2.413308620452881,2.20501971244812,1.8741482496261597,1.3651032447814941,1.2742840051651,1.0192562341690063,0.7889947295188904,0.628936231136322,0.48704224824905396,0.30001384019851685,0.08020913600921631,-0.19413399696350098,-0.5532865524291992,-0.8067405223846436,-0.8997435569763184,-0.9257881045341492,-0.9835617542266846,-0.9092587828636169,-0.9505811333656311,-1.0594044923782349,-1.1639419794082642,-1.1905843019485474,-1.0084611177444458,-0.8240408897399902,-0.730762779712677,-0.7492341995239258,-0.8864549398422241,-1.1238863468170166,-1.2684170007705688,-1.3985990285873413,-1.3819646835327148,-1.3486943244934082,-1.4182167053222656,-1.3706636428833008,-1.2665427923202515,-1.1246545314788818,-0.9839048385620117,-0.8481322526931763,-0.8529847860336304,-0.8615286946296692
2.2524638175964355,2.1229372024536133,2.0125269889831543,1.8338850736618042,1.4566794633865356,1.302380919456482,1.1237190961837769,1.0554689168930054,0.9237411618232727,0.7772528529167175,0.5062174201011658,0.23441877961158752,-0.07054966688156128,-0.23029528558254242,-0.3450351655483246,-0.5141143202781677,-0.7895569801330566,-0.7648447155952454,-0.6548191905021667,-0.5156907439231873,-0.39962589740753174,-0.5246084928512573,-0.6972195506095886,-0.8550785183906555,-0.6526253819465637,-0.19114883244037628,0.30206525325775146,0.5099672079086304,0.5889391899108887,-0.12261392921209335,-1.1349613666534424,-1.6324599981307983,-1.469084620475769,-1.2938607931137085,-1.355902075767517,-1.756347417831421,-1.591724157333374,-1.4045300483703613,-1.2313779592514038,-1.0918710231781006,-1.0552575588226318,-1.086308240890503,-1.1346474885940552
1.8610587120056152,1.7392889261245728,1.6926020383834839,1.601658821105957,1.244544267654419,1.3064074516296387,1.5311760902404785,1.294842004776001,1.2604271173477173,1.0594184398651123,0.7541354298591614,0.5244156122207642,0.262493371963501,-0.15500561892986298,-0.5617281198501587,-0.7276398539543152,-0.5433393120765686,-0.3162539303302765,-0.2949608266353607,-0.18433928489685059,-0.23716257512569427,-0.05450988933444023,-0.038465745747089386,-0.03831600025296211,0.2545676827430725,0.7284101843833923,0.8298550844192505,0.1256718635559082,-0.4282256066799164,-0.959059476852417,-1.4884580373764038,-1.4311063289642334,-1.5436040163040161,-1.6299898624420166,-1.9013808965682983,-1.842611312866211,-1.565376877784729,-1.222830891609192,-0.908977210521698,-0.7581831812858582,-0.8903082013130188,-1.0001425743103027,-1.163893461227417
1.4630062580108643,1.352374792098999,1.354378342628479,1.3654742240905762,1.3907139301300049,1.606214165687561,1.7166086435317993,1.5738190412521362,1.3351269960403442,1.1620579957962036,1.2911491394042969,1.1087456941604614,0.8908538222312927,0.34503254294395447,-0.04187619313597679,0.1007850244641304,0.5393486618995667,0.5586532354354858,0.5069904327392578,0.42107972502708435,0.5440910458564758,0.15483267605304718,-0.13355356454849243,-0.17814548313617706,-0.24460451304912567,-0.3550879657268524,-0.6051846742630005,-1.1378406286239624,-1.449789047241211,-1.1129814386367798,-0.5151453614234924,0.14215467870235443,-0.5664171576499939,-1.3716366291046143,-1.507552981376648,-0.11366166919469833,-0.751118540763855,-0.9820021390914917,-0.7978719472885132,-0.7443199157714844,-0.8258033394813538,-0.9794492721557617,-1.10548734664917
1.0866293907165527,0.957592785358429,1.0144028663635254,1.1193658113479614,1.3704928159713745,1.429460048675537,1.2382771968841553,1.3811908960342407,1.308528184890747,1.262597680091858,1.3066853284835815,1.1590453386306763,0.9143839478492737,0.7131215929985046,0.8378236889839172,1.1411141157150269,1.0445725917816162,0.86649090051651,0.8112509250640869,0.9513345956802368,0.6820058226585388,0.32321375608444214,0.13723912835121155,-0.13787901401519775,-0.5644404292106628,-0.87555992603302,-0.9270154237747192,-0.46243229508399963,-0.367867112159729,-0.039384011179208755,0.5536061525344849,0.9645096659660339,0.7308504581451416,-0.11102695018053055,0.05601438134908676,0.6284088492393494,0.25435763597488403,-0.6069190502166748,-0.9267904758453369,-1.0565533638000488,-1.1064419746398926,-1.254433035850525,-1.3973913192749023
0.6998792886734009,0.6024429202079773,0.6807160377502441,0.832123339176178,1.0657981634140015,1.2949461936950684,1.0974034070968628,1.1350080966949463,1.3819255828857422,1.3434255123138428,1.1436353921890259,1.2051819562911987,1.1489624977111816,1.203538179397583,1.3670985698699951,1.2292022705078125,1.1642636060714722,1.1327804327011108,1.1641629934310913,1.1295336484909058,0.8873699307441711,1.3929961919784546,1.881684422492981,1.9059522151947021,1.4533710479736328,0.5704178214073181,0.4310600459575653,0.41302400827407837,0.08572560548782349,0.5476741790771484,1.060829997062683,1.0482193231582642,0.5182114243507385,0.1892852783203125,1.0797752141952515,1.0114413499832153,1.17991304397583,-0.04398723319172859,-0.6950394511222839,-1.1555708646774292,-1.4230196475982666,-1.6777292490005493,-1.7085179090499878
0.413154661655426,0.3614647686481476,0.44755226373672485,0.583376944065094,0.8480037450790405,0.9575011730194092,0.8112044334411621,0.959932267665863,0.9650513529777527,1.224890947341919,1.3080289363861084,1.1925783157348633,1.2238044738769531,1.5722070932388306,1.4647961854934692,1.3778129816055298,1.5228192806243896,1.3492519855499268,1.3286890983581543,1.273270845413208,1.5233018398284912,1.5132273435592651,1.8476189374923706,1.8924697637557983,1.5183825492858887,1.4645464420318604,1.5290634632110596,0.7488577961921692,0.08670467883348465,0.350759893655777,0.46930381655693054,-0.05475882068276405,-0.2736290991306305,-0.16252559423446655,-0.40214991569519043,0.007273028139024973,0.3907765746116638,-0.6017237901687622,-1.0649569034576416,-1.3756133317947388,-1.647753119468689,-1.7406485080718994,-1.816762924194336
0.2634601294994354,0.2703362703323364,0.2859833836555481,0.36814096570014954,0.5608671307563782,0.5099082589149475,0.48080864548683167,0.8797791004180908,1.035001516342163,0.8279343843460083,1.0126664638519287,1.0595873594284058,1.2882838249206543,1.797748327255249,1.5891960859298706,1.5876816511154175,1.4869656562805176,1.213731050491333,1.1732287406921387,1.288366675376892,1.4198825359344482,1.261530876159668,0.84685879945755,0.23901359736919403,1.3217790126800537,2.6851558685302734,2.260805130004883,0.5706440210342407,-0.7028374671936035,-0.38517966866493225,-1.1595457792282104,-1.222407341003418,0.7497448921203613,1.2079899311065674,-0.7417468428611755,-1.4008373022079468,-0.44003424048423767,0.05975741147994995,-0.954312264919281,-1.302032709121704,-1.282907485961914,-1.6171015501022339,-1.7897684574127197
0.2277514487504959,0.2154248058795929,0.21837812662124634,0.2476394921541214,0.3231304883956909,0.5258313417434692,0.06754772365093231,0.23342879116535187,0.31504979729652405,0.1981549859046936,0.6628844738006592,1.0308277606964111,1.239174485206604,1.4081343412399292,1.226975440979004,1.0529096126556396,0.8255423307418823,1.0825122594833374,1.651511549949646,1.459372878074646,1.271101951599121,1.229145884513855,0.7978754043579102,-0.14747561514377594,0.2538360357284546,1.0285757780075073,0.841892659664154,1.3312338590621948,-0.760872483253479,-1.0100404024124146,-0.9205292463302612,-0.3053740859031677,0.44417622685432434,0.7023475170135498,0.9553361535072327,0.9028142690658569,1.062518835067749,0.9285708069801331,0.27860891819000244,-0.8193964958190918,-1.310490369796753,-1.801960825920105,-1.1653430461883545
0.3041009306907654,0.21969537436962128,0.2371334433555603,0.29507556557655334,0.48750928044319153,0.3436206579208374,-0.40901193022727966,-0.38759714365005493,-0.9353460073471069,0.12350887805223465,0.9984209537506104,1.353021264076233,1.2645000219345093,1.0074632167816162,0.8705872893333435,0.7488386631011963,0.773802638053894,1.4595507383346558,1.9338961839675903,1.374624252319336,1.0335640907287598,1.1800413131713867,1.4305469989776611,1.3272374868392944,-0.9245811104774475,-1.5387057065963745,-0.05704003944993019,1.9029078483581543,1.1016566753387451,-0.8409358859062195,-0.6431460976600647,-0.7102901339530945,-1.4163700342178345,-0.9243966937065125,0.6787515878677368,1.1184858083724976,1.3124058246612549,0.929941713809967,0.7506116628646851,0.3522723317146301,-1.5087037086486816,-0.9855397939682007,0.03354772925376892
0.567747950553894,0.43001192808151245,0.39582985639572144,0.3788796663284302,-0.012317648157477379,-0.3687255382537842,-0.23122538626194,-0.34410080313682556,-0.27703186869621277,0.4902054965496063,0.80820631980896,0.9077507257461548,0.6297831535339355,0.6344852447509766,0.695852518081665,1.0633915662765503,1.493445873260498,1.7229176759719849,1.438819408416748,1.2024849653244019,1.221473217010498,1.620595097541809,1.8527058362960815,1.7580732107162476,0.7117493152618408,-0.049067914485931396,0.36007392406463623,0.20929409563541412,1.2092223167419434,1.3655030727386475,0.962655246257782,-0.47162240743637085,-1.3039038181304932,-0.648277223110199,-0.47491392493247986,-0.40060052275657654,0.3075719177722931,0.49097740650177,1.2779126167297363,1.380387306213379,-0.051225125789642334,0.24462930858135223,0.34950366616249084
0.8887953758239746,0.7302168607711792,0.6410895586013794,0.6553400754928589,0.7403746843338013,0.25866541266441345,0.31356683373451233,0.5945078134536743,1.261103868484497,1.1699624061584473,0.6781590580940247,0.7001403570175171,0.7313533425331116,1.1607651710510254,1.3057712316513062,1.7259018421173096,1.7937402725219727,1.369803786277771,1.137198567390442,1.2852188348770142,1.549119234085083,1.6279540061950684,1.4219483137130737,0.9413201212882996,1.1924792528152466,0.859630823135376,-0.20011460781097412,-0.2413485199213028,0.9835561513900757,2.186940908432007,1.8914380073547363,1.2017567157745361,0.6054278612136841,0.2703457176685333,-0.24041390419006348,-0.2878974378108978,-0.8416870832443237,0.04762199893593788,1.3450498580932617,0.6742892861366272,0.7794573307037354,1.106232762336731,-0.158035010099411
1.1137492656707764,0.9946666955947876,0.8619604706764221,0.9201587438583374,1.5005910396575928,1.1139854192733765,0.9196538925170898,0.8306612968444824,1.3862663507461548,1.1297085285186768,0.6867523789405823,0.6634678840637207,0.9165757298469543,1.2980793714523315,1.2543314695358276,1.516290307044983,1.3216686248779297,1.1181637048721313,1.1637191772460938,1.186886191368103,1.4476639032363892,1.2980495691299438,0.7497666478157043,0.5050703883171082,0.34042370319366455,0.3883782625198364,0.14617572724819183,1.3058184385299683,2.187579870223999,1.4956086874008179,0.48023903369903564,0.6521658897399902,0.8657341599464417,0.5068832635879517,0.781902015209198,0.6232778429985046,-0.980602502822876,0.34300094842910767,0.1592373102903366,-0.45473307371139526,0.3050304055213928,0.4139115810394287,-0.6918700337409973
1.3669347763061523,1.2587316036224365,1.0946407318115234,1.0072062015533447,0.54963618516922,1.1273030042648315,0.9490951895713806,0.8568166494369507,0.9164610505104065,0.7131495475769043,0.6107312440872192,0.5643362402915955,0.7478237748146057,0.9010297060012817,0.9349672794342041,1.138745665550232,0.9516034126281738,0.7712877988815308,0.6635108590126038,0.9539786577224731,1.4004071950912476,1.167457103729248,1.0792219638824463,0.9440904259681702,0.8364435434341431,1.0912761688232422,1.556801438331604,2.078864574432373,2.214656352996826,1.90096116065979,0.2691074013710022,-0.648540198802948,-0.26367661356925964,0.5558672547340393,0.9328579306602478,0.9908055663108826,0.8014345765113831,1.457806944847107,0.637837290763855,-0.03471453860402107,0.4582356810569763,-0.297747939825058,-1.089663028717041
1.5785191059112549,1.4569191932678223,1.3328436613082886,1.2394648790359497,0.8425403237342834,0.8416438102722168,0.7284305095672607,0.9081385731697083,0.8081315159797668,0.734442949295044,0.6309465765953064,0.4382338225841522,0.6373380422592163,0.5464072823524475,0.8652651906013489,0.86430823802948,0.21554598212242126,0.16830189526081085,0.7969294786453247,1.2446705102920532,0.9766160845756531,0.9015741944313049,1.5750499963760376,1.6376359462738037,1.5134496688842773,1.5730093717575073,1.7712451219558716,1.7087513208389282,2.0401103496551514,2.193298816680908,1.4471213817596436,0.12823349237442017,-0.20345941185951233,0.6108432412147522,1.0674614906311035,1.210768461227417,1.705083966255188,1.804283857345581,1.3243699073791504,1.5591778755187988,1.557992935180664,1.407679796218872,-0.40420669317245483
1.7276748418807983,1.6033247709274292,1.5500532388687134,1.4950132369995117,1.3703477382659912,0.6086410880088806,0.9941021203994751,1.1669450998306274,0.9150869250297546,0.33983129262924194,-0.48621171712875366,-0.40128761529922485,0.2822844684123993,0.47814270853996277,0.704120397567749,0.34843045473098755,0.4361729621887207,1.2201817035675049,1.5625855922698975,1.227917194366455,0.2846975028514862,0.03379010409116745,0.6879056692123413,1.263309359550476,1.612182855606079,1.7158757448196411,1.4156982898712158,1.4848629236221313,1.5323048830032349,1.4361634254455566,2.1464548110961914,1.9360064268112183,0.48797765374183655,0.28516921401023865,0.8679209351539612,0.8925436735153198,0.8547539710998535,0.8803062438964844,1.235745906829834,1.7943825721740723,1.9632396697998047,1.9984654188156128,0.6293047666549683
1.8501137495040894,1.7791740894317627,1.7644760608673096,1.717507004737854,1.5523567199707031,1.3658570051193237,1.4188570976257324,1.7090781927108765,1.4550837278366089,0.7210812568664551,-0.3550083041191101,-0.303735613822937,-0.26193973422050476,0.3915007412433624,0.4539627432823181,0.6771522760391235,1.4990229606628418,1.5486061573028564,0.6611297726631165,0.10645347833633423,-0.041799336671829224,-0.42571040987968445,-0.640430212020874,-0.02281573973596096,0.9037649631500244,1.3030363321304321,1.266333818435669,1.4889123439788818,1.191782832145691,0.93058180809021,1.541780948638916,1.883603811264038,1.4748799800872803,1.266858696937561,1.105713963508606,0.867416501045227,0.5098310112953186,0.22634652256965637,0.14877848327159882,0.1856963187456131,0.6160834431648254,1.0243762731552124,0.8948332667350769
