demo/sfcwind/1330-wind-surface-level-gfs-1.0.json
{"header": {"productDefinitionTemplate": 0, "surface1Type": 103, "productStatus": 0, "disciplineName": "Meteorological products", "subDivisions": 0, "winds": "true", "parameterNumberName": "V-component_of_wind", "discipline": 0, "surface2Value": 0, "significanceOfRTName": "Start of forecast", "surface2TypeName": "Missing", "surface2Type": 255, "productTypeName": "Forecast products", "dx": 0.024617210030555725, "dy": 0.01798853650689125, "numberPoints": 65160, "productStatusName": "Operational products", "gribEdition": 2, "parameterUnit": "m.s-1", "forecastTime": 0, "refTime": "2020-09-30T11:30:00.000Z", "productType": 1, "genProcessTypeName": "Forecast", "scanMode": 0, "genProcessType": 2, "gribLength": 11338.0, "significanceOfRT": 1, "productDefinitionTemplateName": "Analysis/forecast at horizontal level/layer at a point in time", "centerName": "WRF OUTPUT", "la1": 43.66691207885742, "la2": 42.426788330078125, "lo2": 13.70867919921875, "gridUnits": "degrees", "surface1Value": 10, "shapeName": "Earth spherical with radius of 6,371,229.0 m", "surface1TypeName": "Specified height level above ground", "nx": 70.0, "ny": 70.0, "lo1": 12.008544921875, "basicAngle": 0, "gridDefinitionTemplate": 0, "shape": 6, "parameterNumber": 3, "subcenter": 0, "parameterCategoryName": "Momentum", "parameterCategory": 2, "center": 0, "gridDefinitionTemplateName": "Latitude_Longitude", "resolution": 48}, "data":
[rows 38 to 56 of 70, columns 0 to 42 of 70]
1.381256103515625,1.1570912599563599,0.9518746733665466,0.7320063710212708,0.4461783170700073,-0.1857507824897766,-1.1095197200775146,-1.2563817501068115,-1.274478793144226,-0.31093716621398926,0.5518833994865417,0.7285528182983398,0.4318656325340271,0.2386418730020523,0.6429044008255005,0.7628504037857056,0.40618571639060974,-0.03703080117702484,-0.3145240843296051,-0.8153748512268066,-1.269120693206787,-1.3040162324905396,-1.293532133102417,-0.8633135557174683,-0.37543144822120667,-0.004921070300042629,-0.2881089746952057,-0.1677001267671585,0.0362250916659832,0.5167950987815857,0.4492133855819702,0.1201082244515419,-0.0809016227722168,-0.1541575938463211,0.0594906359910965,0.1992778182029724,-0.07832413911819458,-0.4315292239189148,-0.35838910937309265,-0.31872883439064026,-0.8787207007408142,-1.6075544357299805,-1.856096625328064
1.448540210723877,1.2102131843566895,1.0194215774536133,0.8507933616638184,0.7998731732368469,-0.4256391227245331,-0.7983243465423584,-0.8072642087936401,-0.18792526423931122,0.4278879463672638,0.6512610912322998,0.48137417435646057,0.5616664290428162,0.4077244997024536,0.7110979557037354,0.6803536415100098,0.44543707370758057,0.0373617522418499,0.18614883720874786,0.35428452491760254,-0.2668769955635071,-0.7837274074554443,-1.1592847108840942,-0.6186851263046265,-0.43069887161254883,-0.4431409537792206,-0.41133227944374084,-0.4523516297340393,-0.26923203468322754,0.218582421541214,0.5216875672340393,0.1331557035446167,-0.16785898804664612,-0.6890806555747986,-0.8525911569595337,-0.4661370813846588,-0.013025142252445221,-0.36474543809890747,-0.14433158934116364,0.2269594371318817,-0.22311973571777344,-0.4408732056617737,-1.3956899642944336
1.442943811416626,1.2361092567443848,1.0997883081436157,1.0130624771118164,1.2752156257629395,0.22993643581867218,0.18021780252456665,0.5570294857025146,0.9586256146430969,0.7645224332809448,0.401843786239624,0.22956685721874237,0.6301444172859192,0.9859085083007812,0.9335828423500061,0.6627923250198364,0.32432565093040466,0.37557587027549744,0.5016514658927917,0.7921598553657532,0.6415274143218994,-0.43099528551101685,-0.6313831806182861,-0.6376821398735046,-0.573066234588623,-0.45028212666511536,-0.4325149357318878,-0.4785374104976654,-0.16453225910663605,0.142939031124115,0.4766160547733307,0.26875805854797363,0.10567658394575119,-0.6396466493606567,-1.4994539022445679,-1.4833183288574219,-0.5559777617454529,-0.22315147519111633,0.03196648508310318,0.6775529980659485,1.3718147277832031,2.1781485080718994,1.2892509698867798
1.3871623277664185,1.2260910272598267,1.1105490922927856,1.1339640617370605,1.7242298126220703,1.0234322547912598,0.42935463786125183,0.7963685989379883,0.3885332942008972,0.06580845266580582,-0.0009726921562105417,0.05828632786870003,0.17750237882137299,0.7725552320480347,0.9175304770469666,0.5349077582359314,0.0237717404961586,-0.024945741519331932,0.18740154802799225,-0.20078045129776,-0.2137622982263565,0.7859240174293518,1.0038270950317383,-0.6312667727470398,-0.7474578619003296,-0.6032775640487671,-0.7348437905311584,-0.5987352728843689,-0.4418279826641083,-0.16462442278862,0.1302347332239151,0.49733904004096985,0.3623841404914856,-0.022454530000686646,-1.002695083618164,-1.1738661527633667,-0.6595818996429443,-0.059256140142679214,0.8030039072036743,1.0845885276794434,1.555509328842163,2.5359013080596924,2.492948055267334
1.1125658750534058,1.0838468074798584,1.0243209600448608,0.9507331848144531,1.074284553527832,0.5817734003067017,0.8454904556274414,1.0016623735427856,0.34054288268089294,-0.28495556116104126,-0.21801503002643585,-0.7220141291618347,-0.6446181535720825,0.10237056016921997,0.6420359015464783,0.6547577977180481,0.22046048939228058,-0.40543749928474426,-0.5232306122779846,-0.9468393921852112,-0.9234936237335205,0.6662351489067078,1.2140874862670898,0.9488939046859741,-0.6340282559394836,-1.083522915840149,-1.1784515380859375,-1.0060639381408691,-0.7123907804489136,-0.2930736243724823,-0.008634638041257858,0.5055652260780334,0.36505022644996643,0.11685973405838013,-0.5141103863716125,-0.7365863919258118,-0.07420103996992111,1.0400570631027222,1.5985759496688843,0.8166420459747314,1.3596113920211792,2.1747851371765137,1.6957684755325317
0.8610589504241943,0.9657492637634277,0.9412661194801331,0.7029222249984741,-0.0509745329618454,0.5177379846572876,1.3574684858322144,1.54232919216156,0.7618119120597839,-0.0877615213394165,-0.6386398673057556,-1.148460030555725,-0.6966842412948608,-0.0761561170220375,0.43647804856300354,0.803539514541626,0.7276089787483215,0.26759421825408936,-0.08706635236740112,-0.5062596201896667,-0.8275725841522217,-0.7099105715751648,0.1543237417936325,0.9045221209526062,0.3542216122150421,-0.8343003988265991,-1.3366260528564453,-1.1471115350723267,-0.9324517846107483,-0.7602378129959106,-0.5663208365440369,-0.4045693874359131,-0.47074568271636963,-0.38106265664100647,-0.9943932890892029,-0.5220848321914673,1.1145808696746826,1.8748977184295654,1.4216469526290894,0.6527613997459412,1.3450841903686523,1.1939308643341064,1.0569312572479248
0.8097531199455261,1.0044642686843872,1.021376609802246,0.8103538155555725,0.15660062432289124,0.7523880004882812,0.7197579145431519,0.7454744577407837,0.44025948643684387,-0.5185233354568481,-0.60514235496521,-0.04514739289879799,0.5057547092437744,0.5604198575019836,0.6213150024414062,0.8419783115386963,0.9194901585578918,0.7780199646949768,0.7143447995185852,0.12228655070066452,-0.8839762806892395,-0.7232854962348938,-0.0939498096704483,-0.2390921413898468,0.16431458294391632,-0.37968018651008606,-0.6770719885826111,-0.7006601095199585,-0.9286932945251465,-0.9606049656867981,-0.4379270076751709,-0.41209498047828674,-0.5234296321868896,-0.14903061091899872,-0.7643682956695557,0.12504416704177856,1.5786126852035522,2.0587692260742188,1.8741950988769531,1.4314539432525635,1.1310940980911255,-0.4417746663093567,-0.7925172448158264
0.8485122919082642,1.0604990720748901,1.1289242506027222,1.2024222612380981,1.8692538738250732,1.1344279050827026,0.13605061173439026,-0.6794013381004333,-0.21767129004001617,-0.557998776435852,0.17293810844421387,0.6995385885238647,0.9762557148933411,0.8383729457855225,0.7135416865348816,0.7418581247329712,0.7224403619766235,0.6215341687202454,0.524013340473175,0.5064722299575806,-0.30281853675842285,-0.6785656809806824,-0.29481926560401917,-0.4193882942199707,-0.7415388822555542,-0.4959474205970764,-0.3659447431564331,-0.5951156616210938,-0.9211116433143616,-1.1224133968353271,-0.8204796314239502,-0.3684037923812866,0.08148960769176483,0.8968939185142517,1.1737921237945557,0.8744154572486877,1.744451880455017,2.546046257019043,2.633347749710083,1.8579185009002686,0.8427877426147461,-0.8727994561195374,-1.7018828392028809
0.9544551372528076,1.1491506099700928,1.2456212043762207,1.4497125148773193,2.2563576698303223,1.7855510711669922,0.8064212799072266,-0.7800273895263672,-1.0022319555282593,0.051260486245155334,1.006126046180725,0.5680199265480042,0.3761120140552521,0.3725005090236664,0.6015793681144714,0.849030613899231,0.7861570119857788,0.6161078214645386,0.5121896862983704,0.7663609981536865,0.841234564781189,-0.2909472584724426,-0.7631579041481018,-1.042238473892212,-1.3380357027053833,-1.2160141468048096,-0.7208203673362732,-0.82536381483078,-0.8753665685653687,-1.2772483825683594,-1.291839838027954,-0.5793309807777405,0.6567766666412354,1.7783178091049194,1.6525115966796875,1.0526211261749268,2.3417201042175293,2.4968550205230713,1.8525134325027466,0.8729202747344971,-0.26649269461631775,-1.0179803371429443,-1.7113687992095947
1.2359741926193237,1.4109019041061401,1.5241385698318481,1.6147434711456299,1.9351564645767212,1.9484370946884155,2.023810625076294,0.797249972820282,-0.3704966604709625,0.6830081939697266,0.7000558972358704,0.3514917492866516,-0.025174401700496674,0.12419389933347702,0.32499098777770996,0.5165183544158936,0.3757116496562958,0.33068153262138367,0.3549289107322693,0.4634036719799042,0.47934162616729736,0.08323654532432556,-1.051237940788269,-1.4965357780456543,-1.512096881866455,-0.7705712914466858,-0.5711478590965271,-0.8174147605895996,-0.9287863373756409,-1.4251925945281982,-1.5471144914627075,-1.1082812547683716,0.29357221722602844,1.0073983669281006,0.3618208169937134,1.2167450189590454,2.4608235359191895,1.614163875579834,0.3216339945793152,-0.08577475696802139,0.37327274680137634,0.7558912038803101,0.4353812336921692
1.5457404851913452,1.6275187730789185,1.7317830324172974,1.6999768018722534,1.9581396579742432,2.0084846019744873,2.4200193881988525,2.3030781745910645,1.856629729270935,1.5092055797576904,0.8895494937896729,0.7099039554595947,0.8529797196388245,1.4275630712509155,1.1469230651855469,0.49587759375572205,0.001916866865940392,0.02348470315337181,0.13398829102516174,0.19054751098155975,-0.04461953043937683,0.39247754216194153,-0.0772826075553894,-1.0015109777450562,-0.6679938435554504,-0.15700826048851013,-0.5564184188842773,-0.7813157439231873,-1.0571649074554443,-1.439414381980896,-1.4670121669769287,-1.5608770847320557,-1.0339924097061157,-0.5290146470069885,-0.7533060908317566,1.509236454963684,2.212270498275757,0.7948029041290283,-0.5239148139953613,-0.30226948857307434,1.302730679512024,2.0351450443267822,2.175342082977295
1.7159607410430908,1.7066630125045776,1.7384732961654663,1.6902008056640625,1.8592027425765991,1.8763463497161865,2.337496757507324,2.5599279403686523,2.5803024768829346,2.3364429473876953,2.035836696624756,1.688464641571045,1.6647531986236572,1.8835220336914062,1.2083239555358887,0.1201128289103508,-0.45960015058517456,-0.14204739034175873,0.16112318634986877,0.22679999470710754,0.7484041452407837,1.296265721321106,0.8098226189613342,-0.14933744072914124,-0.5364764332771301,-0.5388675928115845,-0.47136157751083374,-0.707379162311554,-1.0968867540359497,-1.4899858236312866,-1.3166958093643188,-1.2731691598892212,-1.3852115869522095,-1.2130098342895508,-0.3778700828552246,1.876452922821045,1.7720097303390503,0.5000126957893372,0.14458900690078735,-0.5535931587219238,-0.701351523399353,0.23982922732830048,1.034847617149353
1.74385404586792,1.6946210861206055,1.6520342826843262,1.615658164024353,1.6643904447555542,1.734175682067871,2.1463849544525146,2.11902117729187,2.413442611694336,2.448173999786377,2.2403836250305176,2.235621929168701,1.8233767747879028,0.8589719533920288,-0.4152759909629822,-1.1493514776229858,-0.8891607522964478,0.08070792257785797,0.1729443222284317,0.17045427858829498,0.6689696907997131,0.921419620513916,1.025990605354309,0.4193883538246155,-0.2704567015171051,-0.5111608505249023,-0.3400913178920746,-0.35444241762161255,-1.0749866962432861,-1.3943089246749878,-1.2021666765213013,-1.008025050163269,-1.1676537990570068,-0.9911342859268188,1.2109525203704834,1.9891670942306519,1.154793620109558,0.42541712522506714,0.6575974225997925,-0.06236332654953003,-2.258213996887207,-1.7234138250350952,-0.8474436402320862
1.7745267152786255,1.636553168296814,1.5126844644546509,1.5089181661605835,1.5128802061080933,1.434930443763733,1.6351271867752075,1.8103433847427368,2.2356157302856445,2.3133749961853027,1.9425286054611206,1.5822182893753052,0.8081319332122803,-0.2249685674905777,-1.5788583755493164,-1.9588146209716797,-0.6388602256774902,-0.15925970673561096,0.11267517507076263,0.4837086796760559,0.7608044147491455,0.821594774723053,0.6018857359886169,0.6341795921325684,0.4803338944911957,0.3376973867416382,0.4626803398132324,0.56475430727005,-0.7167139649391174,-1.3466449975967407,-1.2997556924819946,-1.449873447418213,-1.4260045289993286,-0.7742701768875122,1.1063625812530518,0.8271946907043457,-0.057634979486465454,-0.389273464679718,-0.25060373544692993,0.456576406955719,-1.001036286354065,-1.5959892272949219,-0.4043514132499695
1.6787419319152832,1.4030137062072754,1.244202733039856,1.2824162244796753,1.4211705923080444,1.2626254558563232,1.2502247095108032,1.383960247039795,1.4341001510620117,1.461095929145813,1.3230230808258057,0.88670814037323,-0.07476910203695297,-1.0785969495773315,-1.879131555557251,-0.5967126488685608,0.314543753862381,-0.03673441335558891,0.04351077601313591,0.8772608041763306,1.0571725368499756,0.8961986899375916,0.48085713386535645,0.7443729043006897,0.8455116748809814,1.1896039247512817,0.699672520160675,-0.04362603649497032,-1.2464185953140259,-1.7118728160858154,-1.7061742544174194,-1.5615535974502563,-1.6942517757415771,-0.8161917924880981,-0.0652696043252945,-0.09773627668619156,0.01604360342025757,-0.44070813059806824,-0.6165347695350647,0.6655685305595398,0.6989469528198242,-0.5920968651771545,0.22542120516300201
1.5132068395614624,1.1297374963760376,0.9541686177253723,1.0299650430679321,1.1122846603393555,1.0936784744262695,1.2161494493484497,1.2025971412658691,0.4475629925727844,-0.8565332889556885,-0.8712709546089172,-0.4649663269519806,-0.6241930723190308,-0.8415746092796326,-0.293877512216568,1.2958900928497314,1.0187249183654785,0.5407838821411133,0.20352663099765778,0.30582287907600403,0.14162461459636688,0.45511874556541443,0.6073379516601562,0.15022820234298706,0.15325112640857697,0.5751464366912842,-0.1262574940919876,-0.6885296106338501,-1.376947045326233,-1.822499394416809,-1.7107038497924805,-1.4926338195800781,-0.4081101417541504,1.1433645486831665,0.9556183218955994,0.5154985189437866,1.2717485427856445,1.0559980869293213,-0.9612753391265869,0.15588463842868805,0.42355048656463623,-1.2481693029403687,-1.4008954763412476
1.3802462816238403,0.9907741546630859,0.8086658120155334,0.8464148044586182,0.8959237337112427,0.8389431834220886,1.1809415817260742,1.5088164806365967,0.904514491558075,-0.19763611257076263,-0.7345317006111145,-0.17586098611354828,-0.05347496271133423,0.09130646288394928,1.3939329385757446,1.7577919960021973,1.5545724630355835,1.1456040143966675,1.1677262783050537,0.7913902401924133,0.5218411684036255,0.804484486579895,0.8003597855567932,0.4298044741153717,0.35733067989349365,0.030567212030291557,-0.421676903963089,-0.7882481217384338,-1.0853397846221924,-1.0740973949432373,-0.37210431694984436,-0.42630401253700256,1.6271371841430664,2.7364821434020996,2.3827965259552,1.5525810718536377,1.277094841003418,1.0184271335601807,-0.6533109545707703,0.5598298907279968,0.9636815190315247,-1.0388191938400269,-2.1436502933502197
1.2833915948867798,0.9341546297073364,0.7382678389549255,0.7611300945281982,0.8916709423065186,0.7886486053466797,0.9415507316589355,1.2283915281295776,1.4302740097045898,1.750854253768921,1.5862784385681152,1.5226590633392334,0.9215608239173889,0.3733404576778412,1.0886616706848145,1.1594326496124268,1.8707174062728882,1.794661521911621,1.8965039253234863,1.8862110376358032,2.0418806076049805,1.844819188117981,1.630314588546753,1.5026124715805054,1.0634191036224365,0.6509716510772705,1.1277261972427368,0.2825530171394348,-0.589860200881958,0.9407870769500732,2.0683257579803467,2.326453685760498,2.494417905807495,2.047208786010742,2.1671695709228516,2.040515422821045,1.363421082496643,0.6850784420967102,1.3052040338516235,2.25331449508667,2.0073964595794678,0.9911184310913086,-1.4490303993225098
1.2232089042663574,0.9420331120491028,0.7388157248497009,0.7509987950325012,1.0053189992904663,0.8423670530319214,0.9249590635299683,1.0009671449661255,1.2148873805999756,1.5686047077178955,1.6626458168029785,1.1915768384933472,0.7796757817268372,0.8908933997154236,0.5072621703147888,0.4404330849647522,1.1107808351516724,1.5463804006576538,1.6413938999176025,1.765222430229187,2.134798288345337,2.2765698432922363,1.9610759019851685,1.592120885848999,1.016880989074707,1.0691838264465332,2.2547225952148438,2.123411178588867,1.3120365142822266,2.144247055053711,2.6681838035583496,2.8534047603607178,2.724091053009033,2.1814894676208496,1.564595103263855,1.5342848300933838,1.6335370540618896,1.3526530265808105,2.4139750003814697,2.1658623218536377,1.619903802871704,1.5208481550216675,0.2509934604167938
