demo/sfcwind/1430-wind-surface-level-gfs-1.0.json
{"header": {"productDefinitionTemplate": 0, "surface1Type": 103, "productStatus": 0, "disciplineName": "Meteorological products", "subDivisions": 0, "winds": "true", "parameterNumberName": "U-component_of_wind", "discipline": 0, "surface2Value": 0, "significanceOfRTName": "Start of forecast", "surface2TypeName": "Missing", "surface2Type": 255, "productTypeName": "Forecast products", "dx": 0.024617210030555725, "dy": 0.01798853650689125, "numberPoints": 65160, "productStatusName": "Operational products", "gribEdition": 2, "parameterUnit": "m.s-1", "forecastTime": 0, "refTime": "2020-09-30T12:30:00.000Z", "productType": 1, "genProcessTypeName": "Forecast", "scanMode": 0, "genProcessType": 2, "gribLength": 11338.0, "significanceOfRT": 1, "productDefinitionTemplateName": "Analysis/forecast at horizontal level/layer at a point in time", "centerName": "WRF OUTPUT", "la1": 43.66691207885742, "la2": 42.426788330078125, "lo2": 13.70867919921875, "gridUnits": "degrees", "surface1Value": 10, "shapeName": "Earth spherical with radius of 6,371,229.0 m", "surface1TypeName": "Specified height level above ground", "nx": 70.0, "ny": 70.0, "lo1": 12.008544921875, "basicAngle": 0, "gridDefinitionTemplate": 0, "shape": 6, "parameterNumber": 2, "subcenter": 0, "parameterCategoryName": "Momentum", "parameterCategory": 2, "center": 0, "gridDefinitionTemplateName": "Latitude_Longitude", "resolution": 48}, "data":
[rows 38 to 56 of 70, columns 0 to 42 of 70]
0.07535106688737869,0.011064154095947742,0.14314045011997223,-0.3131296634674072,-0.775617778301239,-0.3616003096103668,0.41019412875175476,0.017975512892007828,-0.1813662350177765,-0.2218073457479477,-0.888375461101532,-0.6905626654624939,0.49003058671951294,0.7362303733825684,-0.1270500123500824,-0.00945114716887474,0.7784488797187805,1.5862772464752197,2.0909101963043213,1.5431463718414307,0.7651994228363037,0.37363678216934204,0.1891404688358307,0.5995049476623535,0.809607982635498,0.8236681222915649,0.8765672445297241,1.000510334968567,1.638664960861206,1.9375208616256714,2.0577688217163086,2.5744974613189697,2.553384780883789,2.4157795906066895,2.499688148498535,2.889730453491211,3.056307077407837,2.840933322906494,2.9325547218322754,2.925631046295166,2.238508939743042,1.2677702903747559,0.3616064190864563
0.0389849953353405,-0.0066846273839473724,0.22567343711853027,0.001751136383973062,-0.6947740316390991,-0.3593079447746277,0.44618913531303406,0.10001979768276215,0.22899723052978516,-0.4382053315639496,-1.4068111181259155,-0.8364788889884949,0.614020049571991,0.8437570929527283,-0.2931339740753174,-0.08883311599493027,0.7623077034950256,1.6443345546722412,2.0867230892181396,1.5617175102233887,0.9210995435714722,0.4601285755634308,0.028035398572683334,0.2030223160982132,0.5152562856674194,0.6716199517250061,0.7258172035217285,0.8225024342536926,1.2646039724349976,1.2209701538085938,1.6965506076812744,2.514096260070801,2.6188650131225586,2.3229191303253174,2.2874653339385986,2.8505847454071045,3.173340082168579,3.02138614654541,2.843846321105957,2.8173813819885254,2.604503870010376,2.1695806980133057,0.8006471395492554
-0.06779365241527557,-0.0469396598637104,0.2520735561847687,0.16949857771396637,0.009824839420616627,-0.03176917880773544,-0.2619810104370117,-0.10724455863237381,0.2711717486381531,-0.4950339198112488,-1.1622642278671265,-0.6999139189720154,0.2838097810745239,0.509564995765686,-0.1425420045852661,0.15321877598762512,0.7192816138267517,1.3403106927871704,1.5065215826034546,1.1507371664047241,1.5567280054092407,1.1441516876220703,-0.24418027698993683,-0.2275213748216629,0.3259643018245697,0.31531789898872375,0.5585079193115234,0.6869921684265137,0.8560622334480286,0.7857182025909424,1.504874348640442,2.5207793712615967,2.8245205879211426,2.799499034881592,2.149273157119751,2.0641896724700928,2.897135019302368,2.9514060020446777,2.658101797103882,2.7414183616638184,2.5778684616088867,2.375061511993408,1.714058756828308
-0.04311847314238548,0.017389489337801933,0.262859970331192,-0.1975940316915512,0.668269693851471,1.4114643335342407,-0.4605657756328583,-0.7828239798545837,-0.25008171796798706,-0.5685072541236877,-0.7509618997573853,-0.6647474765777588,-0.14575937390327454,-0.15628933906555176,-0.28408491611480713,0.1759689301252365,0.830052375793457,1.162576675415039,1.3760238885879517,1.3327542543411255,1.5756680965423584,1.6159700155258179,0.5693718791007996,-0.39727532863616943,-0.42194706201553345,-0.04554794728755951,0.22991228103637695,0.46052107214927673,0.6220779418945312,0.4307732582092285,1.0489953756332397,2.244507074356079,2.4972357749938965,2.6309776306152344,2.0809590816497803,1.4361330270767212,2.013728618621826,2.4525809288024902,2.2609076499938965,2.3659920692443848,2.2157273292541504,1.4967795610427856,1.75984787940979
-0.15147030353546143,-0.04207202419638634,0.3612113893032074,-0.1475546956062317,0.5094449520111084,1.8250994682312012,-0.0927804559469223,-0.8355193138122559,-0.23885665833950043,-0.36010339856147766,-0.3284302353858948,-0.5392648577690125,-0.6035417318344116,-0.9341433644294739,-0.7232749462127686,0.04445316642522812,0.8936899900436401,1.1178537607192993,1.1989129781723022,1.435152292251587,1.1705272197723389,1.2208354473114014,1.2814277410507202,0.8237947225570679,0.6035417318344116,0.27842628955841064,-0.015279630199074745,0.02895776554942131,0.030135327950119972,-0.31675851345062256,0.26662710309028625,1.7451839447021484,2.611727714538574,2.742987632751465,1.9420695304870605,1.1524580717086792,1.0165841579437256,0.7532239556312561,1.1326560974121094,2.272125482559204,1.8688864707946777,0.6830459833145142,1.5018947124481201
-0.0951261892914772,0.07822175323963165,0.5971089005470276,0.7684977650642395,0.9485322833061218,0.8001114130020142,-0.7470871210098267,-1.0380173921585083,-0.05091387405991554,0.14455817639827728,-0.020434772595763206,-0.2216249257326126,-0.8374165296554565,-1.6463247537612915,-1.356889247894287,-0.3079528212547302,0.5966858267784119,0.9053357839584351,1.1484801769256592,1.3549535274505615,1.1494972705841064,1.2238613367080688,1.2324777841567993,0.7959101796150208,1.354752540588379,1.6105562448501587,0.20342609286308289,-0.6545853018760681,-0.6429224610328674,-0.7740718126296997,0.0280695091933012,1.6613316535949707,2.7847299575805664,2.9547605514526367,1.6088471412658691,0.8359381556510925,-0.10499577969312668,-0.6493948698043823,1.3626728057861328,2.5892224311828613,1.5065096616744995,0.6782469153404236,1.9008557796478271
-0.017644641920924187,0.20054052770137787,0.7631637454032898,1.3132022619247437,1.2744961977005005,0.47509655356407166,-0.9375492930412292,-0.8826196193695068,0.18291114270687103,0.6216410398483276,0.2996441721916199,0.31898725032806396,-0.03525101765990257,-1.363877534866333,-1.474328875541687,-0.5972743630409241,0.40910810232162476,0.7582553029060364,1.0668152570724487,1.0475285053253174,1.0294945240020752,1.1646727323532104,0.8341584801673889,0.8484479784965515,1.2702715396881104,1.6957110166549683,0.4044138193130493,-0.832728385925293,-0.9585798382759094,-1.235785961151123,-0.23512084782123566,1.8803294897079468,2.9832048416137695,2.670485496520996,1.79335355758667,1.1274152994155884,-0.33606183528900146,-0.7029237747192383,1.06808602809906,1.7750910520553589,1.3105121850967407,1.3436492681503296,1.806492567062378
0.05190294608473778,0.2987664043903351,0.925449013710022,1.5480374097824097,1.5121290683746338,0.5398989915847778,-0.5852822065353394,-0.48144713044166565,0.26793208718299866,0.9510905146598816,0.31903836131095886,-0.17887237668037415,-0.13442079722881317,-1.1441116333007812,-1.4045201539993286,-0.7532419562339783,0.3524472713470459,0.5932542085647583,1.0252095460891724,1.6215183734893799,0.9483776092529297,0.48659759759902954,0.4870143532752991,0.8424372673034668,1.671014428138733,1.916171908378601,0.8832537531852722,-0.152187317609787,-0.7405206561088562,-1.176580786705017,-0.3513324558734894,1.6234363317489624,2.6530423164367676,2.029224157333374,1.9479314088821411,2.084120750427246,0.05238023027777672,-0.9311736822128296,0.6784715056419373,1.9418846368789673,2.4221315383911133,2.5166430473327637,2.0851359367370605
0.1719590574502945,0.431707501411438,1.0442454814910889,1.7570112943649292,1.9932185411453247,0.7238357067108154,-0.0828578993678093,0.1004970595240593,0.25741928815841675,0.8059524297714233,0.07594949007034302,-0.15324550867080688,0.12580442428588867,-0.9112644791603088,-1.6495556831359863,-1.0417002439498901,0.4364210367202759,0.6448783278465271,0.47925302386283875,1.2274620532989502,0.75620037317276,-0.0027280612848699093,0.312710702419281,0.9658741354942322,1.82106351852417,1.7627537250518799,0.6730894446372986,-0.3037930130958557,-0.6837670207023621,-0.8176687359809875,-0.30766475200653076,1.0532876253128052,2.1232550144195557,2.0365240573883057,2.5265750885009766,2.9480059146881104,0.5738914608955383,-0.7954639196395874,0.9751074314117432,2.7122743129730225,3.0260515213012695,2.9012136459350586,2.522458553314209
0.44036242365837097,0.685858428478241,1.1064934730529785,1.519843339920044,1.7082083225250244,0.7729663252830505,0.5970662236213684,0.9355077743530273,0.621113121509552,0.00835844874382019,-0.3098906874656677,0.1167306900024414,0.5821848511695862,-0.0873090922832489,-1.7311303615570068,-1.2108837366104126,0.7212352752685547,0.8090611100196838,0.24507883191108704,0.7718603610992432,0.94208163022995,0.9736980199813843,0.8959566354751587,0.7755451798439026,0.9788340926170349,0.6934812068939209,0.2522518038749695,-0.2451731562614441,-0.4164471924304962,-0.3447498083114624,-0.08368909358978271,0.7017320990562439,1.7938261032104492,2.2684075832366943,3.0484280586242676,2.911386489868164,0.9667681455612183,0.5510725975036621,2.0766234397888184,3.096283435821533,3.4281935691833496,3.264634609222412,2.401115894317627
0.5786551237106323,0.8132901787757874,1.1569786071777344,1.291275143623352,1.69561767578125,1.067262053489685,0.7524884939193726,0.9671543836593628,0.37684687972068787,0.13297396898269653,-0.10408918559551239,0.39512261748313904,0.1783754676580429,-0.45428937673568726,-0.9241605401039124,-0.6007323861122131,0.8732460737228394,0.6975753903388977,0.21814678609371185,0.9710955023765564,0.8589562773704529,0.8021699786186218,1.4138376712799072,0.9980897903442383,-0.19716498255729675,-0.03310290724039078,0.9169458150863647,0.5175774693489075,-0.09256812930107117,-0.316260427236557,0.25066375732421875,0.7481918334960938,1.3276331424713135,2.220613479614258,2.7246651649475098,2.408607244491577,1.442386507987976,1.998402714729309,3.0014421939849854,3.028627872467041,3.251295328140259,3.3302001953125,3.1275393962860107
0.780979573726654,0.9297192692756653,1.1468535661697388,1.3924808502197266,1.584406852722168,0.7843321561813354,0.5207646489143372,0.5730245113372803,0.0002458073431625962,0.1132238507270813,0.22291184961795807,0.8041992783546448,-0.24191385507583618,-1.085249900817871,0.028644854202866554,0.8766811490058899,1.160095453262329,0.1991729885339737,0.02925528772175312,0.3695274591445923,-0.6733761429786682,-0.46494439244270325,1.602529764175415,1.3734548091888428,-0.6120240092277527,-0.3472757637500763,0.5497570037841797,0.44640862941741943,0.20802514255046844,-0.336049884557724,0.36807894706726074,1.134347677230835,1.5795074701309204,2.7291316986083984,2.119906187057495,0.9907370209693909,1.846100926399231,2.8214821815490723,3.06508207321167,2.9966161251068115,2.5592617988586426,2.4443790912628174,2.9117558002471924
1.0903291702270508,1.1560518741607666,1.1648969650268555,1.4839494228363037,1.457798719406128,0.7063871622085571,0.2626500725746155,0.18994992971420288,-0.16366063058376312,-0.534342348575592,-0.1180926188826561,0.90157151222229,0.12892097234725952,-0.5163508057594299,0.5510239005088806,1.664717435836792,1.166966199874878,-0.1494215577840805,-0.02611454762518406,-0.21426378190517426,-1.1785341501235962,-0.7160059213638306,1.344441533088684,2.0754637718200684,0.40772587060928345,-0.5049654245376587,-0.18246278166770935,0.022149397060275078,0.7079775929450989,0.4076555371284485,0.4401947259902954,1.1284855604171753,1.7742042541503906,2.6191911697387695,1.5886999368667603,1.088590145111084,2.812188148498535,3.1911933422088623,3.279273509979248,3.318791389465332,2.8078064918518066,2.1796517372131348,2.6172804832458496
1.4437915086746216,1.4665472507476807,1.2488160133361816,1.3570579290390015,1.2808504104614258,0.9018672108650208,0.1528117060661316,-0.2555827498435974,-0.24405954778194427,-0.6265401840209961,-0.217572420835495,0.9519948363304138,1.0900967121124268,0.8993808627128601,1.0480575561523438,1.7671706676483154,1.0625585317611694,-0.38052669167518616,-0.5410727858543396,-0.2606706917285919,-0.783341109752655,-0.9396944046020508,0.7685232162475586,2.0344302654266357,1.5803173780441284,0.5257077217102051,-0.07710571587085724,-0.0476858876645565,1.32721745967865,1.6093809604644775,1.1930818557739258,1.0975321531295776,1.703940987586975,1.8097906112670898,0.8317113518714905,1.904738426208496,3.5724220275878906,3.586512565612793,3.451465606689453,3.7442708015441895,2.9354825019836426,1.7988178730010986,2.3844120502471924
1.7813758850097656,1.7962795495986938,1.425349235534668,1.552789568901062,1.5108716487884521,0.9704928994178772,0.024714751169085503,-0.5398691296577454,-0.7166099548339844,-0.576909065246582,0.22850513458251953,1.0590885877609253,1.4579375982284546,1.7523424625396729,1.5451020002365112,1.636673927307129,1.106494426727295,-0.10709316283464432,-0.6230515837669373,-0.35007166862487793,-0.2168765664100647,-0.8273139595985413,0.09760230779647827,1.611142635345459,2.08864426612854,1.6666843891143799,1.0891882181167603,0.9408584237098694,1.6859140396118164,1.746091365814209,1.1992242336273193,1.0612083673477173,1.425721287727356,0.9033833742141724,0.6115590929985046,2.9901177883148193,4.327920913696289,3.0102486610412598,1.7891408205032349,2.732166290283203,2.5393526554107666,1.0195375680923462,1.1698492765426636
1.8814246654510498,1.869067668914795,1.6102080345153809,1.6492919921875,1.362463116645813,1.0493981838226318,0.5654885768890381,-0.46425485610961914,-1.145432949066162,-0.7170315980911255,0.4629770815372467,1.117959976196289,1.040734052658081,1.4376132488250732,1.5238356590270996,1.081214427947998,0.9381663799285889,0.6500511169433594,0.028903406113386154,-0.09665706008672714,4.5290023990673944e-05,-0.34853634238243103,0.28671711683273315,1.890106439590454,2.376992702484131,1.8326787948608398,1.634063959121704,1.7873820066452026,1.6537010669708252,1.7592324018478394,1.327555775642395,1.1307629346847534,0.8567990660667419,-0.0036943089216947556,0.738595724105835,2.788877248764038,4.055974960327148,3.1450748443603516,1.3613829612731934,1.584742784500122,2.0272841453552246,1.0667394399642944,0.8725936412811279
2.1103341579437256,2.0837035179138184,1.8000903129577637,1.8300073146820068,1.7620168924331665,1.5994629859924316,0.9547914266586304,-0.14605721831321716,-0.6079623103141785,-0.37588393688201904,0.37840551137924194,1.0563297271728516,1.0471210479736328,0.9197333455085754,0.1557488888502121,0.32749441266059875,1.3390182256698608,0.6437897086143494,0.22102923691272736,0.4474954605102539,0.3818892538547516,0.23676183819770813,0.7335014343261719,1.786428689956665,1.8643838167190552,1.7378627061843872,1.9329346418380737,1.6960045099258423,1.1722155809402466,1.2511670589447021,1.9030818939208984,1.3622196912765503,-0.24064332246780396,-0.4031558632850647,1.1313766241073608,2.575868606567383,3.288928985595703,2.8131771087646484,1.5429773330688477,1.0811854600906372,1.8925261497497559,1.4679043292999268,0.8048564195632935
2.2625765800476074,2.1620001792907715,2.10024356842041,1.9515588283538818,1.827494502067566,1.8164435625076294,1.1166818141937256,0.03736577183008194,-0.32959625124931335,-0.04178166761994362,0.46110957860946655,0.6204401850700378,1.106001377105713,0.6840644478797913,-0.6738343834877014,0.6709581017494202,1.7250536680221558,0.5725880861282349,0.2249905914068222,0.25023770332336426,0.26806795597076416,0.30492961406707764,0.8249488472938538,2.1158998012542725,2.3252627849578857,1.303941249847412,1.2384910583496094,1.5697412490844727,0.7246745824813843,0.2340259701013565,1.140112042427063,1.2005305290222168,-0.17281632125377655,-0.6178820133209229,1.0373848676681519,2.7571420669555664,3.060870885848999,2.5196094512939453,1.544722318649292,1.2908281087875366,2.1172358989715576,2.6664888858795166,1.9022307395935059
2.399129867553711,2.257976531982422,2.2559456825256348,2.0628631114959717,1.9584474563598633,1.8894991874694824,0.8873646259307861,-0.2680988013744354,-0.7290403842926025,-0.5524992942810059,0.2729187607765198,1.307039499282837,1.9119083881378174,0.824830949306488,-0.44416895508766174,0.5866878628730774,1.1603654623031616,0.3903389573097229,0.31515729427337646,0.007688431069254875,-0.11960138380527496,0.30164971947669983,0.9667642116546631,2.283816337585449,1.9731433391571045,0.0187026709318161,0.3449651598930359,1.8534305095672607,0.8965089321136475,-0.29932504892349243,0.41830772161483765,1.567240834236145,1.0151549577713013,0.109175905585289,1.0904896259307861,2.699791431427002,3.4764842987060547,2.8884153366088867,2.1589925289154053,2.241053819656372,2.9137837886810303,3.270629644393921,2.954235553741455
