demo/sfcwind/1430-wind-surface-level-gfs-1.0.json
{"header": {"productDefinitionTemplate": 0, "surface1Type": 103, "productStatus": 0, "disciplineName": "Meteorological products", "subDivisions": 0, "winds": "true", "parameterNumberName": "V-component_of_wind", "discipline": 0, "surface2Value": 0, "significanceOfRTName": "Start of forecast", "surface2TypeName": "Missing", "surface2Type": 255, "productTypeName": "Forecast products", "dx": 0.024617210030555725, "dy": 0.01798853650689125, "numberPoints": 65160, "productStatusName": "Operational products", "gribEdition": 2, "parameterUnit": "m.s-1", "forecastTime": 0, "refTime": "2020-09-30T12:30:00.000Z", "productType": 1, "genProcessTypeName": "Forecast", "scanMode": 0, "genProcessType": 2, "gribLength": 11338.0, "significanceOfRT": 1, "productDefinitionTemplateName": "Analysis/forecast at horizontal level/layer at a point in time", "centerName": "WRF OUTPUT", "la1": 43.66691207885742, "la2": 42.426788330078125, "lo2": 13.70867919921875, "gridUnits": "degrees", "surface1Value": 10, "shapeName": "Earth spherical with radius of 6,371,229.0 m", "surface1TypeName": "Specified height level above ground", "nx": 70.0, "ny": 70.0, "lo1": 12.008544921875, "basicAngle": 0, "gridDefinitionTemplate": 0, "shape": 6, "parameterNumber": 3, "subcenter": 0, "parameterCategoryName": "Momentum", "parameterCategory": 2, "center": 0, "gridDefinitionTemplateName": "Latitude_Longitude", "resolution": 48}, "data":
[rows 0 to 18 of 70, columns 0 to 42 of 70]
3.3891024589538574,3.4836630821228027,3.8225982189178467,3.5499179363250732,3.318772077560425,2.7777538299560547,2.432960033416748,1.595873236656189,0.8069975972175598,0.34428149461746216,-0.249769389629364,-0.22785626351833344,-0.16707512736320496,-0.41881224513053894,-0.46860846877098083,-0.20541158318519592,-0.261577308177948,-0.26658183336257935,-0.3492193818092346,-0.5045011043548584,-0.7584047317504883,-0.893940806388855,-1.0006273984909058,-1.155950665473938,-1.3906222581863403,-1.1365556716918945,-1.0812584161758423,-0.9636152982711792,-1.0422474145889282,-1.0899556875228882,-1.2068549394607544,-1.1852225065231323,-1.1597901582717896,-1.191728115081787,-1.214111089706421,-1.4766703844070435,-1.5645660161972046,-1.4509856700897217,-1.2970229387283325,-1.0507704019546509,-0.8276268839836121,-0.7086161375045776,-0.6832842230796814
3.190366744995117,3.1397361755371094,3.4116599559783936,3.1437883377075195,3.004399538040161,2.5373058319091797,2.15925669670105,1.4012726545333862,0.73630690574646,0.3518853783607483,-0.26111963391304016,-0.19597598910331726,-0.12325268983840942,-0.38398033380508423,-0.453648179769516,-0.20451977849006653,-0.2553289532661438,-0.2259799838066101,-0.25355303287506104,-0.3646373748779297,-0.5007375478744507,-0.5731088519096375,-0.6571735739707947,-0.8543936014175415,-1.164959192276001,-0.9214159846305847,-0.8823179006576538,-0.7550055980682373,-0.8319095373153687,-0.9149386882781982,-1.116543173789978,-1.133401870727539,-1.1301050186157227,-1.1180453300476074,-1.086755633354187,-1.2823830842971802,-1.339061975479126,-1.1945334672927856,-1.0356104373931885,-0.8145866394042969,-0.7208573818206787,-0.6485053896903992,-0.6566123366355896
2.423967123031616,2.4488332271575928,2.396010160446167,2.3220860958099365,2.255511522293091,2.1806788444519043,1.9540069103240967,1.7166882753372192,1.4546732902526855,1.2186654806137085,0.7609331607818604,0.5016034245491028,0.26803287863731384,0.04601993411779404,-0.12304166704416275,-0.1377025991678238,-0.2239226996898651,-0.3169844448566437,-0.4059421420097351,-0.44082754850387573,-0.35346585512161255,-0.3181057870388031,-0.3454605042934418,-0.4285636246204376,-0.6331472396850586,-0.771862268447876,-0.7986487746238708,-0.7465272545814514,-0.7673171162605286,-0.8696392178535461,-1.030405044555664,-1.1089420318603516,-1.1829544305801392,-1.1415421962738037,-1.0810871124267578,-1.0639574527740479,-1.0106173753738403,-0.9501450657844543,-0.8717159628868103,-0.8105469942092896,-0.7611498832702637,-0.7417777180671692,-0.7770593762397766
1.695420265197754,1.6855285167694092,1.6512818336486816,1.612123727798462,1.4952332973480225,1.4901323318481445,1.4269509315490723,1.4057351350784302,1.2010250091552734,0.9614238739013672,0.4909927248954773,0.1157207190990448,-0.21344225108623505,-0.3716164231300354,-0.14497801661491394,0.24215345084667206,0.13980384171009064,-0.47579944133758545,-0.7156339883804321,-0.4058522582054138,0.27832192182540894,0.4185315668582916,0.645194411277771,0.575657069683075,-0.013849866576492786,-0.6809725761413574,-0.36688050627708435,-0.06571723520755768,-0.04401394724845886,-0.3183758556842804,-0.7502487301826477,-1.2830743789672852,-1.422143816947937,-1.2177104949951172,-1.0625680685043335,-1.0054326057434082,-1.117264747619629,-1.0763835906982422,-1.0501421689987183,-0.9732935428619385,-0.8766127228736877,-0.8051901459693909,-0.8439431190490723
1.3049986362457275,1.3085535764694214,1.344409465789795,1.4254103899002075,1.3957160711288452,1.5570068359375,1.9167954921722412,1.6788702011108398,1.467415690422058,1.116520881652832,0.6363781094551086,0.3040293753147125,-0.09540548920631409,-0.4280105233192444,-0.16431042551994324,-0.194846510887146,-0.5562635660171509,-0.5378182530403137,-0.158823624253273,0.4858032166957855,0.880397379398346,0.7026565074920654,0.5133266448974609,0.19576288759708405,-0.2997892498970032,-0.44953107833862305,-0.012194161303341389,0.12958529591560364,-0.06330245733261108,-0.609891414642334,-1.1138670444488525,-1.3799721002578735,-1.17032790184021,-0.9564360976219177,-0.8507444858551025,-1.033362627029419,-1.1031732559204102,-0.9388302564620972,-0.9536328315734863,-0.8842548131942749,-0.7681028246879578,-0.7231953740119934,-0.8167566657066345
1.1351431608200073,1.146805763244629,1.2030346393585205,1.3179254531860352,1.4207403659820557,1.861980676651001,2.1008641719818115,1.7473334074020386,1.3429349660873413,0.9548981785774231,1.0901299715042114,1.0010370016098022,0.744975745677948,0.1552683711051941,-0.33291032910346985,-0.4904314875602722,-0.23858869075775146,0.4346219003200531,0.8875985741615295,0.818602442741394,0.5502086877822876,0.02818921208381653,-0.7337037920951843,-1.130185842514038,-1.1463531255722046,-0.5366765260696411,-0.15643195807933807,0.051019683480262756,-0.23414430022239685,-0.6469297409057617,-1.2134064435958862,-1.2812131643295288,-0.9517669081687927,-1.1916881799697876,-1.5242842435836792,-1.7608489990234375,-1.396872639656067,-1.1399394273757935,-0.9894211888313293,-0.9052472710609436,-0.7812549471855164,-0.7457272410392761,-0.8070557713508606
1.1307638883590698,1.1068880558013916,1.1808263063430786,1.2796218395233154,1.3124819993972778,1.5214699506759644,1.3826274871826172,1.2569950819015503,1.0958231687545776,1.0300081968307495,1.3229176998138428,1.2158955335617065,0.9007208347320557,0.512244701385498,0.17305637896060944,0.5596392154693604,1.0270689725875854,0.908337414264679,0.33412790298461914,-0.14218364655971527,-0.4524841904640198,-0.41577303409576416,-0.37469446659088135,-0.40490856766700745,-0.5032739639282227,-0.5388545393943787,-0.7624682188034058,-0.6777814030647278,-0.5866398811340332,-0.3580789566040039,-0.6741890907287598,-1.3228681087493896,-1.6881604194641113,-2.1567466259002686,-1.9667555093765259,-1.3709163665771484,-0.20341706275939941,-0.6362462043762207,-1.0198897123336792,-0.9145136475563049,-0.8720828294754028,-0.9052814245223999,-0.8814458847045898
1.2013744115829468,1.2080014944076538,1.2610410451889038,1.322901964187622,1.128703236579895,1.3726352453231812,1.2066268920898438,0.9799189567565918,1.1421575546264648,1.2780187129974365,1.2239551544189453,1.1337864398956299,0.8462557196617126,0.9341986775398254,1.125511884689331,0.9588692784309387,0.6683015823364258,0.26335209608078003,-0.005024919286370277,-0.08203759789466858,0.038841769099235535,0.6948041915893555,1.6271893978118896,1.71219003200531,1.375510334968567,0.1901479810476303,-0.45813676714897156,-0.5932443141937256,-0.7708407640457153,-0.7247899174690247,-0.7718299031257629,-0.9056590795516968,-0.9490090608596802,-0.8514623045921326,-0.2015211433172226,0.5370689034461975,1.4159131050109863,0.7267701029777527,-0.3057748079299927,-0.1823377013206482,-0.5749146342277527,-0.9297846555709839,-0.9950095415115356
1.3598326444625854,1.3317238092422485,1.4125890731811523,1.3518931865692139,1.0088542699813843,1.2248157262802124,0.9613117575645447,0.9327766299247742,0.936241626739502,1.0989837646484375,1.2679589986801147,1.1409193277359009,1.0681970119476318,1.5250495672225952,1.4649665355682373,1.2034645080566406,1.0433982610702515,0.8079256415367126,0.9162448644638062,1.0459789037704468,1.4475154876708984,1.4903976917266846,1.9233587980270386,1.956765055656433,1.5563628673553467,1.25286066532135,1.444401502609253,1.1339198350906372,0.2612155079841614,-0.48596522212028503,-0.680849015712738,0.09648829698562622,0.42578333616256714,0.3970794975757599,-0.1481921523809433,0.33872103691101074,0.7025390863418579,0.21739020943641663,-0.28040391206741333,-0.05329432711005211,-0.7417339086532593,-1.0179373025894165,-1.3308794498443604
1.4299209117889404,1.3715077638626099,1.4034029245376587,1.3229341506958008,0.9772614240646362,1.0418812036514282,0.7016154527664185,0.9247115254402161,1.053658366203308,0.7794321179389954,0.6997267007827759,0.7117722630500793,1.1061168909072876,1.736235499382019,1.5221803188323975,1.4594759941101074,1.425088882446289,1.263124942779541,1.2804985046386719,1.5220706462860107,1.6754010915756226,1.4473488330841064,1.016540765762329,0.21367423236370087,0.941464900970459,2.643430709838867,2.6555869579315186,1.1405524015426636,-0.22911293804645538,-0.060132626444101334,-0.4267353415489197,-0.34153494238853455,0.23131507635116577,0.07937517017126083,-0.36306944489479065,-1.1241081953048706,-1.2726751565933228,-0.7119108438491821,-0.8173059225082397,-0.986326277256012,-1.3673043251037598,-1.4705308675765991,-1.9135476350784302
1.4633057117462158,1.3978848457336426,1.3958148956298828,1.3095132112503052,1.1371968984603882,1.0581727027893066,0.3139244318008423,0.1857737898826599,0.12056979537010193,-0.06234411522746086,0.28214403986930847,0.7691922187805176,1.1606603860855103,1.3672542572021484,1.1502795219421387,1.0020002126693726,0.8285856246948242,1.0568796396255493,1.6864656209945679,1.6490757465362549,1.4447399377822876,1.5254133939743042,0.8664542436599731,0.01752914860844612,0.34795498847961426,1.3184866905212402,1.0015952587127686,0.9700106382369995,-0.5036695599555969,-0.6508395671844482,0.2261781245470047,-0.1329375058412552,-0.5102998614311218,-0.8582185506820679,-0.2653169333934784,-0.8764204978942871,-1.393365740776062,-0.5338513255119324,-0.304415225982666,-1.3174381256103516,-1.5906620025634766,-1.9375454187393188,-1.7782042026519775
1.4639089107513428,1.3809237480163574,1.3460307121276855,1.301671028137207,1.3664865493774414,1.3631278276443481,0.3091261088848114,-0.044442616403102875,-0.8429273366928101,0.10215125232934952,1.2238376140594482,1.5072693824768066,1.308448076248169,0.9729660153388977,0.7884242534637451,0.6897850036621094,0.7479221820831299,1.4289804697036743,2.0777807235717773,1.5730907917022705,1.1594300270080566,1.1193276643753052,1.0860103368759155,1.3459653854370117,-0.021016858518123627,-1.2571229934692383,-0.6580740213394165,1.0341465473175049,1.217448115348816,-0.6726365089416504,-0.6134225130081177,-0.760224461555481,-1.4565660953521729,-1.3914954662322998,-0.16364812850952148,0.16361287236213684,-0.18212230503559113,-0.44948646426200867,-0.6364735960960388,-1.2413076162338257,-2.0076522827148438,-1.8071365356445312,-1.2119159698486328
1.376368761062622,1.299292802810669,1.2340977191925049,1.1600275039672852,0.9907913208007812,1.3434399366378784,0.944877028465271,0.5643919706344604,-0.1052909642457962,0.9397618174552917,1.1390464305877686,1.0264004468917847,0.5315096974372864,0.23464015126228333,0.28142017126083374,0.6881968379020691,1.236417293548584,1.6915576457977295,1.5831412076950073,1.1886658668518066,1.0489778518676758,1.2546639442443848,1.7676087617874146,1.7889816761016846,1.0731042623519897,-0.2736930251121521,-0.24711064994335175,0.13748016953468323,0.8403878211975098,1.0351332426071167,0.21520200371742249,-0.36748045682907104,-1.370360016822815,-1.1959344148635864,-0.22480610013008118,-0.562912106513977,-0.5865182280540466,-0.7587292194366455,-0.7364909648895264,-0.37872254848480225,-1.372658133506775,-1.7979538440704346,-1.4700145721435547
1.2640008926391602,1.183395504951477,1.114485263824463,1.0557587146759033,0.584098756313324,0.8854799270629883,1.230108618736267,1.4789226055145264,1.594865322113037,1.7751203775405884,0.9884259104728699,0.7000949382781982,0.4029238820075989,0.6224294900894165,0.932468056678772,1.3980450630187988,1.6480226516723633,1.384036898612976,1.1022623777389526,1.101660966873169,1.2588235139846802,1.464016318321228,1.529015064239502,1.169260859489441,1.2073320150375366,0.726222038269043,-0.06557267904281616,-0.4541146159172058,0.13333013653755188,1.773685097694397,2.021584987640381,1.5846192836761475,0.5475634336471558,-1.172877311706543,-1.7834492921829224,-1.992201328277588,-1.7235740423202515,-0.6273636817932129,0.5372262597084045,0.6376204490661621,-0.03976541757583618,-0.4713870882987976,-0.7987451553344727
1.2004235982894897,1.16628098487854,1.0851452350616455,1.1123579740524292,1.3855011463165283,1.1235607862472534,1.1386387348175049,1.865991234779358,2.1968181133270264,1.6656047105789185,1.0999406576156616,0.781674861907959,0.7571079730987549,1.1752102375030518,1.147748589515686,1.3120499849319458,1.1812841892242432,0.9657606482505798,1.013828158378601,0.9757381677627563,1.1367878913879395,1.1716934442520142,0.7987139225006104,0.45150843262672424,0.23160599172115326,0.11998098343610764,0.04426262900233269,0.5812298059463501,1.5544551610946655,1.340331792831421,0.7999210357666016,0.7891254425048828,0.8891572952270508,-0.9425356984138489,-1.8646076917648315,-1.023150086402893,-1.4673564434051514,-1.280699372291565,-0.619994580745697,-0.802948534488678,-0.5154752135276794,-0.17011123895645142,-0.8194347620010376
1.2026357650756836,1.175496220588684,1.0690324306488037,1.0666104555130005,1.0590999126434326,0.7564426064491272,0.5877323150634766,1.3709044456481934,1.7523436546325684,1.2931132316589355,1.0865765810012817,0.951887309551239,0.9964038133621216,1.0466594696044922,0.8944259285926819,1.1003910303115845,0.9612297415733337,0.7924305200576782,0.5448763370513916,0.5792242884635925,1.1958568096160889,1.1831544637680054,1.0081597566604614,0.7831003069877625,0.6169496774673462,0.6933379769325256,1.138877034187317,1.6500065326690674,2.020691394805908,1.8335163593292236,0.4068736135959625,-0.362395703792572,-0.4899348020553589,-0.4427085816860199,-0.27393868565559387,0.5646386742591858,0.4622530937194824,-0.7219182252883911,-0.9873944520950317,-1.2989919185638428,-0.9922242760658264,-1.067654013633728,-1.7274153232574463
1.2033841609954834,1.1672924757003784,1.0792508125305176,1.0403530597686768,0.37307989597320557,0.4567618668079376,0.7726622223854065,0.6720401644706726,1.0765810012817383,1.3586952686309814,1.2758554220199585,0.9674917459487915,0.9110549688339233,0.761287271976471,0.9747073650360107,0.9616860747337341,0.2769942879676819,-0.08952687680721283,0.38548678159713745,1.033510684967041,1.2664397954940796,1.1364006996154785,1.2875914573669434,1.313103199005127,1.1872799396514893,1.3183794021606445,1.6032406091690063,1.485605239868164,2.005427837371826,2.3172268867492676,1.4943333864212036,0.45156705379486084,0.20384816825389862,0.8308607339859009,1.2245961427688599,1.1600455045700073,1.3792184591293335,1.0484342575073242,0.6065375208854675,0.7146552205085754,0.9611454010009766,1.0054783821105957,-0.021398067474365234
1.2126723527908325,1.170530915260315,1.131138801574707,1.1789462566375732,1.1114904880523682,1.3249876499176025,1.687171459197998,0.9315910935401917,0.8115817904472351,1.0491936206817627,0.6970341205596924,0.24039284884929657,0.3570367097854614,0.6573852896690369,0.9943424463272095,0.3988155126571655,0.1615564525127411,0.8102867007255554,1.5580190420150757,1.5381512641906738,0.6457376480102539,0.18552009761333466,0.2805826663970947,0.6009132862091064,1.063063383102417,1.522345781326294,1.4548898935317993,1.3771579265594482,1.672394037246704,1.596523642539978,2.165570020675659,2.101762056350708,1.4291036128997803,1.5467075109481812,1.6872230768203735,1.4352105855941772,1.129630208015442,0.9329512119293213,0.9005637764930725,1.7574645280838013,2.0140416622161865,1.8251209259033203,1.5742144584655762
1.2531837224960327,1.2208958864212036,1.2043063640594482,1.2756643295288086,1.4738428592681885,1.3563100099563599,0.9933508634567261,1.1910147666931152,1.417117953300476,1.1040939092636108,0.7068933248519897,0.36001086235046387,0.19896674156188965,0.6952148675918579,0.5272828936576843,0.5095714926719666,1.3788776397705078,1.7778685092926025,0.9785991907119751,0.2777484655380249,-0.25369876623153687,-0.5281609892845154,-0.6642587184906006,-0.3663514256477356,0.43835026025772095,1.0140467882156372,0.9490784406661987,1.1427017450332642,1.0663068294525146,1.0971884727478027,1.7820067405700684,2.0514512062072754,1.622133493423462,1.584855079650879,1.5264207124710083,1.0932128429412842,0.666164219379425,0.5278130173683167,0.5710455179214478,0.68081134557724,0.6712050437927246,0.8148013353347778,1.0260741710662842
