demo/sfcwind/1430-wind-surface-level-gfs-1.0.json
{"header": {"productDefinitionTemplate": 0, "surface1Type": 103, "productStatus": 0, "disciplineName": "Meteorological products", "subDivisions": 0, "winds": "true", "parameterNumberName": "V-component_of_wind", "discipline": 0, "surface2Value": 0, "significanceOfRTName": "Start of forecast", "surface2TypeName": "Missing", "surface2Type": 255, "productTypeName": "Forecast products", "dx": 0.024617210030555725, "dy": 0.01798853650689125, "numberPoints": 65160, "productStatusName": "Operational products", "gribEdition": 2, "parameterUnit": "m.s-1", "forecastTime": 0, "refTime": "2020-09-30T12:30:00.000Z", "productType": 1, "genProcessTypeName": "Forecast", "scanMode": 0, "genProcessType": 2, "gribLength": 11338.0, "significanceOfRT": 1, "productDefinitionTemplateName": "Analysis/forecast at horizontal level/layer at a point in time", "centerName": "WRF OUTPUT", "la1": 43.66691207885742, "la2": 42.426788330078125, "lo2": 13.70867919921875, "gridUnits": "degrees", "surface1Value": 10, "shapeName": "Earth spherical with radius of 6,371,229.0 m", "surface1TypeName": "Specified height level above ground", "nx": 70.0, "ny": 70.0, "lo1": 12.008544921875, "basicAngle": 0, "gridDefinitionTemplate": 0, "shape": 6, "parameterNumber": 3, "subcenter": 0, "parameterCategoryName": "Momentum", "parameterCategory": 2, "center": 0, "gridDefinitionTemplateName": "Latitude_Longitude", "resolution": 48}, "data":
[rows 38 to 56 of 70, columns 0 to 42 of 70]
1.1425269842147827,1.1000715494155884,0.9826242327690125,0.820920467376709,0.810265302658081,0.5179042220115662,-0.060352012515068054,-0.5996274352073669,-0.964645504951477,-1.1348079442977905,0.3528515100479126,0.9972274899482727,1.1306109428405762,0.47249674797058105,0.9211081862449646,1.2493600845336914,1.1501641273498535,0.712605893611908,0.3440825045108795,-0.1648406833410263,-0.9007272720336914,-1.3952512741088867,-1.6166821718215942,-1.256007432937622,-0.6756240129470825,-0.12671788036823273,-0.14760470390319824,-0.07242855429649353,-0.19558049738407135,0.2426038235425949,0.48702308535575867,0.28950902819633484,0.06629441678524017,-0.05795731022953987,0.03838936612010002,0.2256586253643036,0.15349780023097992,-0.011045374907553196,-0.11790423095226288,0.04009441286325455,-0.009081412106752396,-1.408503532409668,-2.10014009475708
1.1467831134796143,1.074990153312683,0.9630407094955444,0.7377612590789795,0.11614403128623962,-0.8220306634902954,-0.9863182902336121,-0.8448703289031982,-1.031204342842102,-0.2048034965991974,1.1336499452590942,1.0025376081466675,0.9852091670036316,0.8147773742675781,1.0983721017837524,1.2928191423416138,1.0033992528915405,0.8399523496627808,0.8674595952033997,1.222815752029419,0.711656928062439,-0.6497763991355896,-1.265682578086853,-1.0208832025527954,-0.7693448066711426,-0.5124148726463318,-0.43618810176849365,-0.5080307126045227,-0.14437520503997803,0.4657691717147827,0.8932878971099854,0.5153864622116089,0.21408741176128387,-0.3297516107559204,-0.8689988851547241,-0.7685079574584961,-0.27399247884750366,-0.2024342268705368,-0.07701577246189117,0.4104204773902893,0.257744163274765,0.07323688268661499,-1.0488018989562988
1.1750651597976685,1.1170454025268555,1.049274206161499,0.9362355470657349,1.080749273300171,-0.6912800073623657,-0.38316354155540466,0.38927221298217773,0.7347425222396851,1.2251007556915283,1.2603446245193481,0.7534116506576538,0.504262387752533,0.9204835891723633,1.2279622554779053,1.252400517463684,0.85305255651474,0.6081929802894592,0.8284388780593872,0.9025283455848694,1.1638134717941284,-0.08313049376010895,-1.1091697216033936,-1.2081907987594604,-0.7054444551467896,-0.3122659921646118,-0.15566611289978027,-0.1764480173587799,0.18926690518856049,0.5026524662971497,0.9236215353012085,0.8469620943069458,0.7739971876144409,0.12067493796348572,-0.9618586301803589,-1.8070319890975952,-1.2502552270889282,-0.7178419232368469,-0.22794650495052338,0.5837798714637756,1.036818027496338,2.065335750579834,2.1357874870300293
1.2599217891693115,1.2184313535690308,1.1383740901947021,1.1513934135437012,1.9707638025283813,0.8740783929824829,1.0776406526565552,1.6472373008728027,1.4103152751922607,1.1038591861724854,0.6555789113044739,0.20490385591983795,-0.1031072661280632,0.3519999086856842,0.9377009272575378,1.2342698574066162,1.0306373834609985,0.212571918964386,0.1456674188375473,-0.2905544340610504,-0.45207127928733826,0.23746812343597412,0.13172781467437744,-0.23606958985328674,-0.5652690529823303,-0.6079692244529724,-0.45632824301719666,-0.2629898488521576,-0.0770782008767128,0.17946477234363556,0.6610163450241089,1.1914546489715576,1.1310189962387085,0.6395461559295654,0.1597135066986084,-1.342938780784607,-1.644783616065979,-0.7969545125961304,0.6054404973983765,1.2866381406784058,1.3753589391708374,2.32448673248291,2.8459556102752686
1.3979582786560059,1.3596343994140625,1.238299012184143,1.0179170370101929,0.7108257412910461,1.0280429124832153,1.4732048511505127,1.6981714963912964,1.3722120523452759,0.4322168231010437,-0.10440060496330261,-0.9968734383583069,-1.2289226055145264,-0.2839454710483551,0.7460717558860779,1.3508498668670654,1.4116630554199219,0.6914379000663757,-0.05764606595039368,-0.4783673882484436,-0.6514047384262085,0.19029226899147034,0.9255138635635376,1.2873406410217285,1.0464706420898438,-0.3243476450443268,-1.1280285120010376,-0.82771897315979,-0.3592453896999359,0.07278817147016525,0.6768374443054199,1.098251223564148,0.7868305444717407,0.3527470529079437,0.3392711877822876,-0.44209569692611694,-0.7329663634300232,1.1042593717575073,2.2613937854766846,1.7972811460494995,1.3908746242523193,2.1484856605529785,1.9059078693389893
1.537815809249878,1.4932210445404053,1.308091163635254,0.9047747850418091,-0.1696285456418991,0.5563538670539856,1.6347405910491943,1.5684107542037964,1.255243182182312,0.28638696670532227,-0.5441899299621582,-0.9217000603675842,-0.9824831485748291,0.14030732214450836,0.8306674361228943,1.4131059646606445,1.5898107290267944,1.2480483055114746,0.6818229556083679,0.3002943992614746,0.38173341751098633,-0.11152197420597076,0.1438196897506714,0.8354097604751587,1.2620606422424316,0.7165166735649109,-0.9194648265838623,-0.9506824016571045,-0.5541987419128418,-0.1937720775604248,0.5999801754951477,0.6875139474868774,0.1127500906586647,-0.15619328618049622,-0.15819880366325378,-0.9709436893463135,0.6405819058418274,2.479710102081299,2.3610620498657227,1.5938271284103394,1.7368272542953491,1.805168628692627,1.3010681867599487
1.5863559246063232,1.5723060369491577,1.4236812591552734,1.0679922103881836,0.42684105038642883,0.944100558757782,1.608133316040039,0.9820240139961243,0.12204108387231827,-0.27850210666656494,-0.48098915815353394,0.8799213171005249,0.9390345811843872,1.0893923044204712,1.0848965644836426,1.3379155397415161,1.4657084941864014,1.1281546354293823,1.0417033433914185,0.5621540546417236,-0.070473313331604,-0.4190070927143097,-0.2275857776403427,0.7035279273986816,0.8114988207817078,0.7466943860054016,0.07339474558830261,-0.19260457158088684,-0.4519274830818176,-0.1876293569803238,0.6010422706604004,0.8993262052536011,0.546494722366333,0.5276914238929749,0.8194822669029236,-0.7055351734161377,0.9962466955184937,2.6902823448181152,2.646700859069824,2.149622678756714,1.9516992568969727,0.8920356631278992,-0.3750641345977783
1.6134485006332397,1.5938349962234497,1.494594931602478,1.2966562509536743,1.174396276473999,1.1112678050994873,1.1548230648040771,-0.22037382423877716,-0.48023828864097595,-0.8712882399559021,0.10938630253076553,1.73311185836792,1.437558650970459,1.0292844772338867,1.0238189697265625,1.3240724802017212,1.368809461593628,0.8843851089477539,0.7340449690818787,0.6431849002838135,-0.16841208934783936,-0.49799010157585144,-0.10924103111028671,0.6685303449630737,0.7053776383399963,0.08982815593481064,0.08717503398656845,-0.032625712454319,-0.47647374868392944,-0.6499094367027283,-0.3146873712539673,0.630273163318634,1.2118220329284668,1.6617555618286133,2.0571062564849854,0.7555397748947144,0.9480863809585571,3.0207014083862305,3.0510683059692383,2.2205851078033447,1.303171157836914,-0.08156273514032364,-1.3868380784988403
1.5709086656570435,1.5659875869750977,1.4829353094100952,1.4643831253051758,1.5874316692352295,1.340456485748291,1.079067349433899,-0.5883708596229553,-0.8821021318435669,-0.9575644731521606,0.8568311929702759,1.237618327140808,0.8241316080093384,0.3657478988170624,0.7955206632614136,1.3179786205291748,1.2434930801391602,0.6384953260421753,0.6966991424560547,1.0984991788864136,1.1446256637573242,0.04972808063030243,-0.42156004905700684,-0.5541091561317444,-0.6973649263381958,-0.924963116645813,-0.7011411786079407,-0.5286469459533691,-0.6075098514556885,-0.9464914202690125,-0.7596614360809326,0.13188286125659943,1.1558903455734253,1.9211900234222412,1.817607045173645,0.7734568119049072,1.481874704360962,2.946118116378784,2.2573068141937256,1.1085255146026611,0.2167397290468216,-0.36528536677360535,-1.0511971712112427
1.4000838994979858,1.46779203414917,1.477590799331665,1.5022542476654053,1.8426214456558228,1.6618075370788574,1.4904868602752686,0.5138676762580872,-0.1522083878517151,0.030084729194641113,0.6163300275802612,0.5626344084739685,0.250581294298172,0.7408026456832886,1.229593276977539,1.0786104202270508,0.7309197187423706,0.35991862416267395,0.5583919882774353,0.4041732847690582,0.2864275276660919,0.23168472945690155,-0.7093602418899536,-1.304880142211914,-1.1874041557312012,-0.7015036940574646,-0.22128315269947052,-0.5044671297073364,-0.7976503968238831,-1.1551538705825806,-0.9857967495918274,-0.7169970870018005,0.2621368169784546,0.7202411890029907,0.51690274477005,0.436201810836792,2.054443359375,2.519474744796753,1.276247262954712,0.540770411491394,0.8493348956108093,1.147516131401062,1.0552891492843628
1.2851380109786987,1.362593412399292,1.4382120370864868,1.4129129648208618,1.6885088682174683,1.7914423942565918,1.889105200767517,1.9232256412506104,1.9948595762252808,1.8736515045166016,1.1861746311187744,0.9898732304573059,0.6941666603088379,2.0924830436706543,2.436655044555664,1.138867974281311,0.19088251888751984,0.37037932872772217,0.7345824837684631,0.4285527765750885,0.5597952604293823,1.3885459899902344,0.8376158475875854,-0.45386719703674316,-0.9009440541267395,0.07829992473125458,0.1606675237417221,-0.3606630265712738,-0.7764478921890259,-1.2137818336486816,-0.8414420485496521,-0.9719437956809998,-0.6134192943572998,-0.4428662359714508,-0.778887927532196,0.6887954473495483,2.1969685554504395,1.7514657974243164,0.6472565531730652,0.47563081979751587,1.120225191116333,1.764284610748291,2.171936511993408
1.3112138509750366,1.3646864891052246,1.410080909729004,1.368268370628357,1.4178941249847412,1.6927541494369507,1.8858675956726074,2.194913625717163,2.3895606994628906,2.5432074069976807,2.3859684467315674,1.8540879487991333,1.797637939453125,2.2212953567504883,2.027388095855713,0.8067667484283447,-0.31676071882247925,0.7270684838294983,0.8624191880226135,0.9373372197151184,1.700056552886963,2.1286818981170654,1.774020791053772,0.7768269777297974,-0.67301344871521,-0.6586300134658813,-0.7873605489730835,0.22192364931106567,0.28016385436058044,-0.888929545879364,-0.711754322052002,-0.474433958530426,-0.6678513884544373,-0.6410807967185974,-0.27666786313056946,1.6767996549606323,2.073674201965332,1.1096746921539307,0.6310825943946838,0.3518122732639313,-0.12964116036891937,0.022351542487740517,0.5722355246543884
1.3608218431472778,1.4051604270935059,1.4003034830093384,1.3728976249694824,1.5890551805496216,1.7871791124343872,1.8127161264419556,1.8100998401641846,2.0448648929595947,2.1898391246795654,2.350510358810425,2.2238707542419434,2.127562999725342,1.5082451105117798,0.25337427854537964,-0.3315507173538208,-0.7245678305625916,1.045172095298767,0.7690984606742859,1.2611535787582397,1.091405987739563,1.1107078790664673,1.0817583799362183,1.0754282474517822,-0.09950798749923706,-1.244121789932251,-0.5521349906921387,1.272103190422058,1.6291083097457886,-0.06907246261835098,-0.8265082240104675,-0.5436212420463562,-0.4183923304080963,-0.2721748948097229,1.5170966386795044,2.289463996887207,1.4985815286636353,0.6095177531242371,0.6098415851593018,0.24188950657844543,-0.4758490324020386,-1.3396539688110352,-1.4151055812835693
1.5518097877502441,1.5149282217025757,1.4195284843444824,1.4196783304214478,1.7083126306533813,1.605025053024292,1.6663036346435547,1.708142876625061,1.9358311891555786,2.0371036529541016,1.8122071027755737,1.776780128479004,1.2441191673278809,0.4044085144996643,-0.6264450550079346,-0.9275044202804565,-0.9963985085487366,0.8782065510749817,0.6918153762817383,1.4342424869537354,0.99744713306427,0.8836531043052673,1.0984135866165161,1.4705630540847778,1.4534034729003906,0.08240602165460587,0.9905868768692017,1.593669056892395,1.2887898683547974,0.12655791640281677,-0.9912675619125366,-1.130518913269043,-0.8295645713806152,-0.2068498432636261,1.5229390859603882,0.9894206523895264,0.047614485025405884,-0.5630441904067993,-0.630603015422821,-0.3261977434158325,-0.13026686012744904,-0.7579979300498962,-1.5500653982162476
1.953129529953003,1.6963728666305542,1.4657931327819824,1.4255179166793823,1.5325924158096313,1.5094869136810303,1.4882898330688477,1.4660555124282837,1.3709442615509033,1.1830991506576538,0.948360800743103,0.6747739911079407,0.3299894332885742,-0.04295419529080391,-0.5668382048606873,-1.2228963375091553,-0.24335217475891113,1.121887445449829,0.6064984202384949,0.9843510389328003,1.0459102392196655,1.1465235948562622,1.2766456604003906,1.4453290700912476,1.3493822813034058,1.372641921043396,1.791309118270874,1.044188141822815,0.06928972154855728,-0.6396762132644653,-1.4205800294876099,-1.2502974271774292,-1.423290729522705,-0.4637868404388428,0.614984929561615,0.5544926524162292,0.5326281785964966,0.16641271114349365,-0.6609447002410889,-0.19974668323993683,0.4805762767791748,0.09570502489805222,-0.6788559556007385
2.28033709526062,1.7910470962524414,1.483900785446167,1.3906786441802979,1.2593746185302734,1.2333120107650757,1.2414922714233398,1.2824817895889282,0.6641825437545776,-0.7207887172698975,-0.9410254955291748,-0.7438438534736633,-0.455832839012146,-0.2716066539287567,0.2251463234424591,0.021636486053466797,1.183546543121338,1.3000730276107788,1.2884986400604248,1.22642183303833,1.1559611558914185,1.464709758758545,1.3150966167449951,0.6216554045677185,0.33163368701934814,0.9011111855506897,0.6953352689743042,-0.20031310617923737,-0.4068324565887451,-0.5911018252372742,-1.1902730464935303,-1.3971664905548096,-0.7761046290397644,1.1816781759262085,1.8116343021392822,1.6586997509002686,2.008312702178955,1.995445966720581,0.5343202352523804,0.10386613011360168,0.43113210797309875,-0.6158780455589294,-1.2866926193237305
2.2966041564941406,1.7710670232772827,1.485474705696106,1.2823708057403564,1.1020877361297607,0.9949345588684082,1.034785270690918,1.297160029411316,0.9227839112281799,0.008062298409640789,-0.5868479609489441,-0.31275123357772827,0.37120306491851807,0.09968683123588562,1.4751276969909668,2.042356491088867,1.7557926177978516,1.5648318529129028,1.903930902481079,1.924381971359253,1.9069420099258423,1.7148343324661255,1.7803726196289062,1.3456642627716064,1.0437160730361938,0.8189789652824402,0.08496114611625671,-0.8102278113365173,-0.913573682308197,-0.33172908425331116,0.04369589686393738,-0.44389206171035767,1.0826826095581055,2.938513994216919,3.085481882095337,2.382850408554077,1.8231509923934937,1.5737799406051636,0.8959161043167114,0.6082385778427124,0.9440547823905945,0.18211732804775238,-1.4846502542495728
2.2391858100891113,1.7110772132873535,1.4378489255905151,1.1664361953735352,1.028088927268982,0.8405797481536865,0.7647508382797241,0.9725232720375061,1.141350269317627,1.6364675760269165,1.7389367818832397,1.6131782531738281,1.2963098287582397,0.7893245220184326,1.6460729837417603,1.7132155895233154,1.7157673835754395,2.058229446411133,2.078728675842285,1.9902931451797485,2.329336404800415,2.264488935470581,2.156087875366211,2.0207817554473877,1.264209508895874,1.0623122453689575,1.578769564628601,1.026218295097351,0.060669057071208954,0.9705272912979126,2.019787311553955,2.355532646179199,2.711385726928711,2.8105616569519043,2.8663582801818848,2.68011474609375,1.8336756229400635,1.389752984046936,1.7078481912612915,2.441382646560669,2.537538528442383,2.386385917663574,0.6552513241767883
2.04388427734375,1.5682646036148071,1.3134572505950928,1.0447649955749512,0.9606041312217712,0.5414785742759705,0.6290298104286194,1.026045799255371,0.9640334248542786,1.3573193550109863,1.8739320039749146,1.7338111400604248,0.7101319432258606,0.610146164894104,0.48773297667503357,0.4136996567249298,1.3252898454666138,1.9505494832992554,2.108828544616699,2.2481563091278076,2.5685415267944336,2.6812903881073,2.3182153701782227,1.8900885581970215,1.2387276887893677,1.3176089525222778,2.4773600101470947,2.376767158508301,2.0670828819274902,2.523294687271118,2.918180227279663,3.0951955318450928,3.128410816192627,2.9559695720672607,2.269289970397949,2.060020923614502,1.6987603902816772,1.3663748502731323,2.1117136478424072,2.5298068523406982,2.4248361587524414,2.210369348526001,1.6374268531799316
