demo/sfcwind/1430-wind-surface-level-gfs-1.0.json
{"header": {"productDefinitionTemplate": 0, "surface1Type": 103, "productStatus": 0, "disciplineName": "Meteorological products", "subDivisions": 0, "winds": "true", "parameterNumberName": "U-component_of_wind", "discipline": 0, "surface2Value": 0, "significanceOfRTName": "Start of forecast", "surface2TypeName": "Missing", "surface2Type": 255, "productTypeName": "Forecast products", "dx": 0.024617210030555725, "dy": 0.01798853650689125, "numberPoints": 65160, "productStatusName": "Operational products", "gribEdition": 2, "parameterUnit": "m.s-1", "forecastTime": 0, "refTime": "2020-09-30T12:30:00.000Z", "productType": 1, "genProcessTypeName": "Forecast", "scanMode": 0, "genProcessType": 2, "gribLength": 11338.0, "significanceOfRT": 1, "productDefinitionTemplateName": "Analysis/forecast at horizontal level/layer at a point in time", "centerName": "WRF OUTPUT", "la1": 43.66691207885742, "la2": 42.426788330078125, "lo2": 13.70867919921875, "gridUnits": "degrees", "surface1Value": 10, "shapeName": "Earth spherical with radius of 6,371,229.0 m", "surface1TypeName": "Specified height level above ground", "nx": 70.0, "ny": 70.0, "lo1": 12.008544921875, "basicAngle": 0, "gridDefinitionTemplate": 0, "shape": 6, "parameterNumber": 2, "subcenter": 0, "parameterCategoryName": "Momentum", "parameterCategory": 2, "center": 0, "gridDefinitionTemplateName": "Latitude_Longitude", "resolution": 48}, "data":
[rows 19 to 37 of 70, columns 0 to 42 of 70]
1.8261914253234863,1.6768220663070679,1.4515130519866943,1.3310378789901733,1.2677936553955078,1.2381068468093872,0.9834975600242615,0.5853310227394104,0.91462242603302,1.3240221738815308,1.3869675397872925,1.2564682960510254,0.8710705041885376,0.855823814868927,1.3225207328796387,1.274341344833374,1.3076797723770142,1.8638898134231567,2.1807427406311035,2.4707376956939697,2.604328155517578,2.4878294467926025,2.402533531188965,2.0526516437530518,1.7104170322418213,2.002852201461792,2.2719433307647705,2.178938388824463,2.133798360824585,2.265389919281006,2.7950124740600586,3.3930583000183105,3.040614604949951,2.570361375808716,2.643326997756958,2.697845220565796,2.3689045906066895,2.7563064098358154,2.5918023586273193,0.23939888179302216,-1.0495351552963257,0.29431888461112976,2.816894054412842
1.8989593982696533,1.755430817604065,1.4522556066513062,1.222063660621643,1.0875080823898315,1.0700368881225586,0.9226523041725159,0.8779199123382568,1.2807421684265137,1.1619811058044434,1.2208563089370728,1.6076645851135254,1.4558418989181519,1.3390507698059082,1.1994887590408325,1.0296589136123657,1.4856029748916626,1.982496738433838,2.0418357849121094,2.1138017177581787,2.430248498916626,2.358757257461548,2.0113766193389893,1.665248990058899,1.4308621883392334,1.5015172958374023,1.7875462770462036,2.0880789756774902,2.1882500648498535,2.297879934310913,2.763820171356201,3.24037504196167,3.0581278800964355,2.7038190364837646,2.603455066680908,2.8838605880737305,2.7944118976593018,2.7892117500305176,2.293266534805298,0.06407025456428528,-1.4190908670425415,-0.06602516025304794,2.20876145362854
1.888641357421875,1.7617592811584473,1.4047255516052246,0.8993123173713684,0.8182263970375061,0.8945808410644531,0.7215460538864136,1.0256199836730957,1.2414981126785278,1.2098116874694824,1.7084742784500122,2.202427387237549,1.9876954555511475,1.323392629623413,0.5779853463172913,0.4445001184940338,1.1954156160354614,1.604326844215393,1.7339369058609009,2.0532267093658447,2.0235555171966553,1.8703513145446777,1.8541511297225952,2.02736496925354,1.9726659059524536,1.4894074201583862,1.5062074661254883,1.9842643737792969,2.09315824508667,2.2662651538848877,2.636810302734375,3.264395236968994,3.2550926208496094,2.791156530380249,2.90305757522583,3.491676092147827,3.1111950874328613,2.631425619125366,1.6033076047897339,-0.09443531185388565,-1.1817113161087036,-0.337866872549057,1.4699493646621704
1.8973331451416016,1.7811665534973145,1.3110772371292114,0.6640586256980896,0.4823954403400421,0.6487283110618591,0.9522456526756287,1.353346824645996,1.2308815717697144,1.8225222826004028,2.2674806118011475,1.6287527084350586,1.210102915763855,1.352225422859192,1.278754711151123,0.34649282693862915,0.3234070837497711,1.2878222465515137,1.8556644916534424,1.8547382354736328,2.0016748905181885,1.9396693706512451,1.855723261833191,1.808954119682312,1.6019455194473267,1.6399060487747192,1.7710111141204834,1.9876574277877808,2.3686776161193848,2.5022528171539307,2.5927743911743164,3.1826510429382324,3.7368454933166504,3.3926594257354736,2.8742644786834717,3.067631244659424,2.9096498489379883,1.7031328678131104,-0.19517090916633606,-0.5542397499084473,-0.3571353852748871,-0.27643850445747375,1.0027025938034058
1.7249609231948853,1.5915677547454834,1.1154170036315918,0.37319478392601013,0.10455585271120071,0.6391889452934265,1.1706843376159668,1.2373753786087036,1.137594223022461,2.226553440093994,2.174536943435669,1.161866307258606,1.1644693613052368,1.5976672172546387,1.7285094261169434,0.10281982272863388,-0.4903133511543274,0.7435633540153503,1.4222588539123535,1.6473530530929565,1.8488292694091797,1.903201937675476,1.9970301389694214,2.1130356788635254,1.9905402660369873,1.83757483959198,1.7658342123031616,2.1341352462768555,2.6772944927215576,2.5722553730010986,2.4546916484832764,2.4213829040527344,2.8416664600372314,3.046971321105957,2.574192523956299,2.395594835281372,2.17588472366333,0.3087006211280823,-1.0017168521881104,-0.14699643850326538,0.3454365134239197,0.1558581441640854,0.6575867533683777
1.4152225255966187,1.2519440650939941,0.8473318219184875,-0.056660786271095276,-0.15023250877857208,0.8902963399887085,1.2602083683013916,1.0713982582092285,1.2511478662490845,2.0285093784332275,1.9460842609405518,1.436883807182312,1.1535840034484863,1.5312254428863525,1.7555855512619019,-0.17003017663955688,-0.6982235908508301,0.6737805604934692,1.430194616317749,1.6899476051330566,1.7489135265350342,1.8165098428726196,1.9819179773330688,1.9796160459518433,2.0446789264678955,2.2361719608306885,2.239384889602661,2.325629234313965,2.549840211868286,2.526897430419922,2.6588048934936523,2.4141030311584473,2.6580069065093994,3.573357105255127,3.19559907913208,2.0969932079315186,2.0144314765930176,0.9157893061637878,-0.41201362013816833,0.084974005818367,0.7153630256652832,0.5773596167564392,0.45117446780204773
1.0433672666549683,0.8598524332046509,0.43323463201522827,-0.8044880628585815,-0.48977911472320557,0.8887946605682373,0.9077581167221069,0.8122415542602539,1.4087703227996826,2.236168146133423,2.1684253215789795,1.7761921882629395,1.34759521484375,1.8351256847381592,1.6432061195373535,-0.746131420135498,-1.0859742164611816,0.3100816607475281,0.8079755306243896,1.0613523721694946,1.2686588764190674,1.625562310218811,2.057374954223633,1.9586548805236816,1.8032240867614746,2.2554376125335693,2.3629062175750732,2.416002035140991,2.8363828659057617,3.1027708053588867,3.0117347240448,2.4702892303466797,2.53300142288208,3.39860463142395,2.831864356994629,1.9341821670532227,2.06054425239563,1.2773828506469727,1.637320876121521,1.471108317375183,-0.11807259917259216,-0.15724682807922363,-0.14789216220378876
0.7919570803642273,0.5888276100158691,-0.06118781119585037,-1.8058249950408936,-1.3248151540756226,-0.052926354110240936,0.04887450113892555,1.0626314878463745,1.9695329666137695,2.2318320274353027,2.3301236629486084,1.6536624431610107,0.8595617413520813,1.6882691383361816,1.9921936988830566,-0.032907843589782715,-1.1863294839859009,-0.6813149452209473,-0.32081514596939087,0.438760370016098,1.1821472644805908,1.6894209384918213,2.0515875816345215,2.047257423400879,1.898055076599121,2.2259480953216553,2.4477829933166504,2.6107537746429443,2.776167392730713,2.8236706256866455,2.780019998550415,2.355231285095215,2.502699375152588,3.580009698867798,3.1858396530151367,2.56284761428833,2.6255083084106445,1.8243029117584229,2.423004150390625,2.699192762374878,-0.49056339263916016,-1.2980551719665527,-0.13734254240989685
0.6316109895706177,0.3803240954875946,-0.3649032711982727,-2.0801730155944824,-2.0913915634155273,-1.251979947090149,-0.7744006514549255,0.8674505352973938,2.2334041595458984,2.5365560054779053,2.396451234817505,1.73390531539917,1.4205963611602783,1.836543083190918,2.4213099479675293,1.799890398979187,-0.0844489112496376,-1.1671934127807617,-0.756298303604126,0.1540323942899704,0.8086801171302795,1.4223577976226807,2.016965866088867,1.9417767524719238,1.8389886617660522,2.1919667720794678,2.5592305660247803,2.724156379699707,2.838177442550659,2.9711368083953857,2.834580898284912,2.3668556213378906,2.3799870014190674,2.7712879180908203,2.8478844165802,2.695129156112671,2.5459511280059814,2.3126370906829834,1.8585388660430908,2.7891533374786377,1.512991189956665,-0.770760715007782,-0.48688679933547974
0.4675137400627136,0.24600696563720703,-0.4960686266422272,-2.075453042984009,-1.950635552406311,-1.1769286394119263,-0.7431253790855408,0.9594982862472534,2.129423141479492,2.36167573928833,2.279355525970459,1.7991678714752197,1.5347766876220703,1.9262691736221313,2.1620635986328125,2.220280170440674,1.5484652519226074,-0.049654070287942886,-0.50548255443573,0.00897207111120224,0.6362195014953613,1.3651447296142578,1.8175344467163086,1.8639163970947266,2.032501459121704,2.3672356605529785,2.7337183952331543,2.8895092010498047,2.712380886077881,2.699202299118042,2.7750909328460693,2.3549835681915283,2.3581011295318604,2.8934803009033203,2.971372365951538,2.737309217453003,2.8435966968536377,2.8429532051086426,2.215991735458374,2.5873639583587646,2.4424376487731934,-0.060925450176000595,-1.011841893196106
0.5099557638168335,0.31656554341316223,-0.6552358269691467,-2.201411485671997,-1.9907701015472412,-1.0438367128372192,-0.5890373587608337,0.9920969009399414,2.0614781379699707,2.1761178970336914,1.6626338958740234,1.3087034225463867,1.8756595849990845,2.082551956176758,1.8768163919448853,1.8303236961364746,1.2797644138336182,0.27826401591300964,0.11286036670207977,0.44235023856163025,0.833457887172699,1.1535217761993408,1.3243643045425415,1.8430836200714111,2.2998173236846924,2.3714869022369385,2.4764368534088135,2.671410322189331,2.7693123817443848,2.824465274810791,2.494542121887207,1.8013192415237427,1.8834280967712402,2.7970597743988037,2.6853556632995605,2.132220506668091,2.7214303016662598,3.2859761714935303,2.4193670749664307,2.367150068283081,2.2503557205200195,-0.4323178827762604,-1.1593263149261475
0.7868452668190002,0.6970349550247192,-0.7461556196212769,-2.3649983406066895,-2.1488513946533203,-1.0888299942016602,-0.5705705285072327,0.9867621064186096,2.021996021270752,1.867161750793457,1.0711194276809692,1.1163033246994019,1.914097785949707,1.7898892164230347,1.2896040678024292,1.1544723510742188,0.9238506555557251,0.21033497154712677,0.26383909583091736,0.7958161234855652,1.0189692974090576,1.0769472122192383,1.321382761001587,2.0991032123565674,2.2302932739257812,2.2315802574157715,2.165719747543335,1.828027367591858,2.1475911140441895,2.320462226867676,1.3937349319458008,0.37725841999053955,1.094035029411316,2.636709213256836,2.843376874923706,2.194237232208252,2.473109483718872,3.0861563682556152,2.7921078205108643,3.02284836769104,1.4935623407363892,-1.4105316400527954,-0.8403806090354919
0.8888475298881531,0.8991885185241699,-0.6517466902732849,-2.3159120082855225,-2.1563198566436768,-1.1189334392547607,-0.773126482963562,0.6847916841506958,1.909508228302002,1.3443129062652588,0.3907305598258972,0.6031589508056641,1.2859467267990112,1.4629614353179932,1.40797758102417,1.2225043773651123,1.1923326253890991,0.643394947052002,0.5773084163665771,1.0170530080795288,1.1529583930969238,1.3450297117233276,1.5012283325195312,1.9458837509155273,1.8823938369750977,1.8000351190567017,1.7386488914489746,1.5724486112594604,2.1014440059661865,2.430332899093628,1.2332842350006104,0.3739568591117859,1.5197511911392212,2.3644089698791504,2.3728153705596924,2.5127155780792236,2.848578453063965,2.533996105194092,1.9414647817611694,2.5824007987976074,0.6005168557167053,-1.5908740758895874,-0.7447600960731506
0.8069089651107788,0.9289494752883911,-0.27782100439071655,-1.8454737663269043,-2.113675117492676,-1.2571864128112793,-0.5582237839698792,0.6175166368484497,1.2393486499786377,0.8473866581916809,0.44292837381362915,0.35784390568733215,0.5763490200042725,1.4253944158554077,1.6027806997299194,1.2124215364456177,1.1356754302978516,0.7647655010223389,0.8278823494911194,1.3287440538406372,1.523329496383667,1.7567881345748901,1.6111226081848145,1.5346039533615112,1.7046120166778564,1.9299958944320679,2.1751503944396973,2.110947608947754,2.431457042694092,2.4340062141418457,1.4137591123580933,1.261839509010315,2.298363447189331,2.643585443496704,2.6564455032348633,2.9960968494415283,3.518024444580078,2.9649813175201416,1.6161994934082031,1.9037115573883057,0.9027367830276489,-0.845761775970459,-0.3572852313518524
0.8200933337211609,0.9455689191818237,-0.11928852647542953,-1.0668569803237915,-1.1351771354675293,-0.5257433652877808,-0.2507341206073761,0.4039404094219208,0.1466648131608963,0.16949763894081116,0.6179676055908203,0.25875020027160645,0.8457233309745789,1.2486634254455566,0.9595490097999573,1.1144800186157227,0.9083449244499207,0.8990034461021423,1.400750756263733,1.7105971574783325,1.7221019268035889,1.506524920463562,1.0865561962127686,1.1013990640640259,1.5499136447906494,1.4873223304748535,2.325287342071533,2.8719987869262695,2.1541125774383545,1.5244425535202026,0.9375209212303162,1.5039793252944946,2.579223871231079,2.4210619926452637,2.2052910327911377,2.7617454528808594,3.1487863063812256,3.0939598083496094,2.4107344150543213,1.8380695581436157,1.6679717302322388,0.20575936138629913,-1.143104076385498
0.6669012904167175,0.7580941915512085,-0.027568167075514793,-0.6035137176513672,-0.5069200396537781,-0.14869120717048645,0.16278666257858276,0.05199889466166496,-0.20325326919555664,0.09866728633642197,-0.030173977836966515,0.2639515697956085,0.7632995843887329,0.7873077392578125,0.9395350217819214,0.8376323580741882,0.6619228720664978,1.074903130531311,1.4654066562652588,1.6352927684783936,1.511320948600769,1.2134824991226196,1.2398934364318848,1.4319651126861572,1.5063763856887817,1.1729930639266968,2.152182102203369,2.7896480560302734,0.8159484267234802,-0.3597865700721741,0.3201223909854889,1.2504677772521973,2.023941993713379,2.4209365844726562,2.387068271636963,2.3666670322418213,2.5079023838043213,2.5199010372161865,2.8491013050079346,3.098874092102051,2.233908176422119,0.7919440865516663,-0.6889439225196838
0.5517842173576355,0.5532515048980713,0.05273209884762764,-0.38990268111228943,-0.15382865071296692,-0.24297559261322021,-0.3847404718399048,-0.2704700529575348,0.1631944328546524,0.28202390670776367,-0.005226134322583675,0.2772430181503296,0.3713168501853943,0.6826073527336121,0.6165140271186829,0.440410315990448,0.7265273928642273,1.2098406553268433,1.468090534210205,1.3616604804992676,1.2205102443695068,1.3287676572799683,1.5475867986679077,1.6290463209152222,1.5569828748703003,0.9327685832977295,1.124220609664917,2.489372491836548,2.0798754692077637,0.8146817684173584,0.7068712711334229,1.044008731842041,1.9865211248397827,2.694704532623291,2.7207770347595215,2.6212425231933594,2.6272637844085693,2.502894878387451,2.898378849029541,3.3411998748779297,1.6495429277420044,0.11429311335086823,-0.5956582427024841
0.4545263946056366,0.40882790088653564,0.06098322570323944,-0.37010589241981506,-0.34056615829467773,-0.5210105776786804,-0.5696712136268616,-0.5380545854568481,-0.19293245673179626,0.15712110698223114,-0.09324733912944794,-0.0018238365883007646,0.0356321856379509,0.4473402500152588,0.4869823157787323,0.35538119077682495,0.7216539978981018,1.2786202430725098,1.59088933467865,1.3013006448745728,1.0696666240692139,1.127874732017517,1.3635971546173096,1.450592279434204,1.5100538730621338,0.8598370552062988,0.8091863989830017,2.0570521354675293,2.226101875305176,1.6041160821914673,1.459636926651001,1.871563196182251,2.407174825668335,2.8434410095214844,3.001678466796875,3.058000326156616,2.966209650039673,2.94861102104187,2.875685453414917,3.171231269836426,1.7159544229507446,0.03146784007549286,-0.17003966867923737
0.3151818811893463,0.24587424099445343,0.07670347392559052,-0.47018736600875854,-0.5927944779396057,-0.516993522644043,-0.34650301933288574,-0.26047077775001526,-0.13345365226268768,0.14038021862506866,-0.2052164077758789,-0.3472523093223572,0.1326405256986618,0.6506749987602234,0.13330306112766266,-0.019924411550164223,0.7325395345687866,1.4595272541046143,1.8877732753753662,1.366565465927124,0.7750266790390015,0.5382896065711975,0.8514698147773743,1.1638365983963013,1.3467878103256226,1.0378154516220093,0.7664127349853516,1.1207194328308105,1.8663232326507568,1.9025816917419434,1.7180078029632568,2.351052761077881,2.5107245445251465,2.8001036643981934,3.093221426010132,3.138829469680786,2.998243570327759,3.0258588790893555,3.096540689468384,3.238323450088501,1.8145573139190674,0.2888961136341095,0.16898585855960846
