demo/sfcwind/1500-wind-surface-level-gfs-1.0.json
{"header": {"productDefinitionTemplate": 0, "surface1Type": 103, "productStatus": 0, "disciplineName": "Meteorological products", "subDivisions": 0, "winds": "true", "parameterNumberName": "U-component_of_wind", "discipline": 0, "surface2Value": 0, "significanceOfRTName": "Start of forecast", "surface2TypeName": "Missing", "surface2Type": 255, "productTypeName": "Forecast products", "dx": 0.024617210030555725, "dy": 0.01798853650689125, "numberPoints": 65160, "productStatusName": "Operational products", "gribEdition": 2, "parameterUnit": "m.s-1", "forecastTime": 0, "refTime": "2020-09-30T13:00:00.000Z", "productType": 1, "genProcessTypeName": "Forecast", "scanMode": 0, "genProcessType": 2, "gribLength": 11338.0, "significanceOfRT": 1, "productDefinitionTemplateName": "Analysis/forecast at horizontal level/layer at a point in time", "centerName": "WRF OUTPUT", "la1": 43.66691207885742, "la2": 42.426788330078125, "lo2": 13.70867919921875, "gridUnits": "degrees", "surface1Value": 10, "shapeName": "Earth spherical with radius of 6,371,229.0 m", "surface1TypeName": "Specified height level above ground", "nx": 70.0, "ny": 70.0, "lo1": 12.008544921875, "basicAngle": 0, "gridDefinitionTemplate": 0, "shape": 6, "parameterNumber": 2, "subcenter": 0, "parameterCategoryName": "Momentum", "parameterCategory": 2, "center": 0, "gridDefinitionTemplateName": "Latitude_Longitude", "resolution": 48}, "data":
[rows 38 to 56 of 70, columns 0 to 42 of 70]
-0.18106035888195038,-0.16298431158065796,0.20438529551029205,0.6879405975341797,0.19888029992580414,0.019090494140982628,-0.36666420102119446,-0.7964226603507996,-0.1793026477098465,0.384088397026062,-0.12980830669403076,-0.6686760783195496,0.7283394932746887,1.3612744808197021,0.3075929284095764,-0.03518754988908768,0.6424421072006226,1.3999253511428833,2.0130927562713623,1.7113922834396362,0.9007013440132141,0.294036328792572,-0.05441971868276596,0.41042473912239075,1.0943249464035034,1.2385159730911255,1.0004541873931885,0.9172936677932739,1.5586628913879395,1.7574421167373657,1.824404001235962,2.4883697032928467,2.556549549102783,2.4438624382019043,2.4993107318878174,2.8641674518585205,3.0972492694854736,3.059945821762085,3.1642072200775146,3.1043543815612793,2.8518505096435547,1.5617506504058838,0.04928138852119446
-0.10568303614854813,-0.08443498611450195,0.19565771520137787,0.10155590623617172,0.33569490909576416,0.9375816583633423,0.167480006814003,-0.6162888407707214,-0.06671350449323654,0.10841034352779388,-0.7213180065155029,-0.7592724561691284,0.724837064743042,1.2925106287002563,0.09018892794847488,-0.002735746558755636,0.7325329780578613,1.2709828615188599,1.8205877542495728,1.4034117460250854,0.967479944229126,0.3608103394508362,-0.2768927216529846,0.26026397943496704,0.8964521884918213,1.0748051404953003,0.8841874003410339,0.829738974571228,1.1629825830459595,0.9097685217857361,1.4487144947052002,2.5002288818359375,2.606877326965332,2.3449649810791016,2.2968297004699707,2.7358574867248535,3.0531044006347656,3.1218392848968506,3.098227024078369,3.0919618606567383,2.897860527038574,2.1554365158081055,0.4491399824619293
-0.12148427963256836,-0.08985784649848938,0.28909575939178467,-0.24701929092407227,0.22601889073848724,1.8768987655639648,1.288559913635254,-0.010075441561639309,-0.1313711404800415,0.07699984312057495,-0.36228784918785095,-0.5057413578033447,0.5649063587188721,0.8451416492462158,0.00799909420311451,0.24030771851539612,0.8400676846504211,1.0163434743881226,1.0529669523239136,0.9423061013221741,1.5763007402420044,1.302307367324829,-0.039780691266059875,0.29043805599212646,0.986732006072998,0.6788736581802368,0.572605550289154,0.755576491355896,0.7551884055137634,0.42382752895355225,1.1678441762924194,2.3581480979919434,2.7737560272216797,2.87233304977417,2.271361827850342,1.9613986015319824,2.6553385257720947,2.897726058959961,2.901968240737915,2.9542596340179443,2.6766345500946045,2.661595582962036,2.127103328704834
-0.042780887335538864,0.06735455244779587,0.5673836469650269,0.489682674407959,0.5642527937889099,1.3819952011108398,0.530873715877533,-0.9767583012580872,-0.6981108784675598,0.6894829273223877,0.4705033600330353,-0.42888885736465454,0.3011777102947235,0.2872713506221771,-0.27817487716674805,0.1472155600786209,0.8325314521789551,0.9182794094085693,0.9396687746047974,1.0460971593856812,1.5227302312850952,1.6985050439834595,0.7040262222290039,0.14975334703922272,0.23815524578094482,0.21866486966609955,0.2037164866924286,0.49853450059890747,0.5350536108016968,0.11167695373296738,0.5656832456588745,1.804960012435913,2.397995948791504,2.6543426513671875,2.2255663871765137,1.3859059810638428,1.7499607801437378,2.4269261360168457,2.458325147628784,2.456719398498535,2.3634932041168213,1.959754228591919,2.0029473304748535
0.013579937629401684,0.21127891540527344,0.7454304695129395,1.2354334592819214,1.5333551168441772,1.3147770166397095,-0.5245917439460754,-1.8377948999404907,-0.5547221302986145,1.0647573471069336,0.6222164034843445,-0.24323318898677826,0.025196367874741554,-0.476555198431015,-0.8348883390426636,-0.009288262575864792,0.7386803030967712,0.742826521396637,0.850575864315033,1.1083062887191772,0.9981711506843567,1.3572837114334106,1.840492606163025,1.2467982769012451,0.8680453300476074,0.8830236196517944,0.28681665658950806,0.038141075521707535,-0.138212189078331,-0.5512721538543701,-0.0934683084487915,1.3984737396240234,2.672147750854492,2.850757598876953,2.367776393890381,1.402306318283081,1.1835781335830688,1.1878883838653564,1.2633506059646606,2.200356960296631,1.9664438962936401,0.9819822311401367,1.640066385269165
0.10570808500051498,0.3680356740951538,0.8965876698493958,1.0654869079589844,1.4488826990127563,2.2608401775360107,0.5386332869529724,-1.122778058052063,-0.28275546431541443,0.7620439529418945,1.0770231485366821,0.7629538178443909,0.21426618099212646,-1.1626393795013428,-1.443363904953003,-0.33805161714553833,0.5682756900787354,0.6426370739936829,0.9087715148925781,0.9384468793869019,0.3243906795978546,0.8271321654319763,1.7467083930969238,1.640296459197998,1.3341267108917236,1.9641594886779785,1.0386531352996826,-0.49079862236976624,-0.8304176330566406,-0.8842734098434448,-0.038261547684669495,1.6615421772003174,2.9631567001342773,3.113323450088501,2.005527973175049,1.3434278964996338,0.9359616041183472,0.15842892229557037,1.240049123764038,2.371419668197632,1.4971706867218018,0.8595311641693115,2.0445425510406494
0.21658968925476074,0.5076616406440735,1.0698208808898926,1.1380479335784912,1.275503396987915,2.205907106399536,0.6547286510467529,-0.6801746487617493,-0.10937506705522537,0.535896360874176,1.5368330478668213,1.7548450231552124,0.8768441677093506,-0.7576932311058044,-1.3367542028427124,-0.6161491274833679,0.5521625876426697,0.807257890701294,0.9623473882675171,1.1604291200637817,0.0031549606937915087,0.0988864004611969,1.2111910581588745,1.3527206182479858,1.297344446182251,1.937590479850769,1.4544872045516968,-0.1564907729625702,-0.9773541688919067,-1.0809412002563477,0.062214434146881104,2.055535316467285,3.003757953643799,2.707324504852295,1.7621326446533203,1.186703085899353,0.4022327959537506,-0.027301901951432228,0.9708081483840942,1.6199541091918945,1.4479531049728394,1.603339433670044,2.1056525707244873
0.613032877445221,0.9182090759277344,1.339402198791504,1.5131630897521973,1.590460181236267,1.9732192754745483,0.5628805756568909,-0.33528900146484375,0.07050808519124985,0.5103651285171509,1.3834657669067383,0.6544477343559265,0.011283166706562042,-0.18962439894676208,-1.052758812904358,-0.9421473145484924,0.5475183129310608,0.9776299595832825,0.8300456404685974,1.283745527267456,0.3398731052875519,-0.19179342687129974,0.5470387935638428,0.6480383276939392,1.0281357765197754,1.9875612258911133,2.075197458267212,0.8878889083862305,-0.49267858266830444,-1.109357237815857,-0.10405910760164261,1.790502667427063,2.519134044647217,1.9386850595474243,2.040130615234375,2.209569215774536,0.6130003333091736,-0.36321279406547546,0.6082402467727661,1.8332486152648926,2.5401623249053955,2.7640371322631836,2.5182504653930664
0.7446922063827515,1.0745595693588257,1.5258444547653198,1.8110817670822144,2.016200304031372,1.9584861993789673,1.0908678770065308,0.4737893342971802,-0.026895703747868538,0.6870800256729126,0.8351046442985535,-0.5511190295219421,0.053160883486270905,0.5456344485282898,-1.0996286869049072,-1.3504377603530884,0.635382354259491,1.408630132675171,0.40175774693489075,0.6595615148544312,0.9057929515838623,0.42789408564567566,0.14805957674980164,0.06434328854084015,0.8465810418128967,1.9125654697418213,1.9945603609085083,0.7288736701011658,-0.3348492383956909,-0.8004046082496643,-0.2940436899662018,0.9638357162475586,1.9259711503982544,2.0168094635009766,2.512709617614746,3.2212677001953125,1.5514247417449951,-0.04719936102628708,0.9483978748321533,2.623180627822876,3.1172003746032715,3.121086597442627,2.777423858642578
0.8851455450057983,1.2330585718154907,1.6456469297409058,1.7223217487335205,1.7043415307998657,1.9395023584365845,1.774753451347351,1.179766058921814,0.6501583456993103,0.43943315744400024,-0.1475466787815094,-0.44174128770828247,0.9026876091957092,1.0773067474365234,-0.9172771573066711,-1.2983555793762207,0.8815984725952148,1.6158638000488281,0.7299421429634094,0.6431635618209839,0.8514249324798584,1.386587142944336,0.8640070557594299,0.042170919477939606,0.3358239531517029,0.8878766894340515,1.3843187093734741,0.9496570229530334,0.13711991906166077,-0.31678077578544617,-0.1718359738588333,0.3694232702255249,1.541542410850525,2.29807710647583,3.027564764022827,3.113023519515991,1.431614637374878,0.7824095487594604,2.0239405632019043,3.092838764190674,3.5394749641418457,3.4621047973632812,2.732361078262329
0.9604175686836243,1.3674737215042114,1.823256492614746,1.7405763864517212,1.7375611066818237,2.1369075775146484,1.9842497110366821,1.4126871824264526,0.688344419002533,0.13448959589004517,-0.15564057230949402,0.5248955488204956,0.8505892157554626,-0.23265531659126282,-0.7900040149688721,-0.2663598358631134,1.2766492366790771,1.4643936157226562,0.6445692181587219,0.5960676670074463,-0.15637969970703125,0.22222159802913666,1.421142578125,0.7025867700576782,-0.5943516492843628,-0.31119298934936523,1.231323003768921,1.9944478273391724,0.8485956192016602,-0.294282466173172,0.19147540628910065,0.6071761250495911,1.2018200159072876,2.2566356658935547,2.7370567321777344,2.505147933959961,1.6928092241287231,2.0551671981811523,2.9403645992279053,3.0732405185699463,3.356260061264038,3.5151748657226562,3.4389963150024414
1.0326396226882935,1.3950880765914917,1.8621220588684082,1.6789870262145996,1.7374111413955688,2.292006731033325,2.0508499145507812,1.2806607484817505,0.42555293440818787,0.025618569925427437,0.31872621178627014,0.8430905342102051,0.02681034803390503,-0.7982017993927002,-0.22435535490512848,0.7552728652954102,2.098921537399292,1.4341548681259155,0.33518916368484497,-0.04752004146575928,-1.0809720754623413,-0.6279005408287048,1.3372602462768555,1.3222931623458862,-0.5959151983261108,-0.4490671455860138,1.3492540121078491,1.561386227607727,0.8388330936431885,0.10305194556713104,0.4541243612766266,1.1420354843139648,1.5579828023910522,2.785738945007324,2.131697177886963,0.9757360219955444,1.91891610622406,2.8930132389068604,3.152388334274292,3.1258480548858643,2.8321146965026855,2.7950470447540283,3.1271023750305176
1.0979894399642944,1.4552116394042969,1.9047459363937378,1.771643877029419,1.9645254611968994,2.0537538528442383,1.5701833963394165,1.0424325466156006,0.3229188621044159,-0.42487719655036926,-0.3121592700481415,0.9077807664871216,0.5015798211097717,0.06491628289222717,0.7131174802780151,1.132131576538086,2.2072196006774902,1.6741653680801392,0.07747237384319305,-0.10010474920272827,-0.9522922039031982,-1.0411605834960938,0.9444576501846313,2.0022754669189453,0.44700753688812256,-0.3958739638328552,1.0051288604736328,0.791321337223053,0.8499172925949097,1.4171977043151855,1.270100474357605,1.1097214221954346,1.4495207071304321,2.428605318069458,1.5574640035629272,1.1536731719970703,2.92433500289917,3.4557387828826904,3.430777072906494,3.435396432876587,3.1298000812530518,2.549177885055542,2.7880611419677734
1.2780182361602783,1.6137460470199585,1.9584629535675049,1.7283010482788086,1.931406855583191,2.26255202293396,1.954074740409851,1.042523980140686,0.11337675154209137,-0.4710397720336914,-0.3261517584323883,0.8949885964393616,0.8326571583747864,1.0625646114349365,2.212977170944214,1.9883795976638794,2.017230272293091,1.6535732746124268,0.026020562276244164,0.0180373452603817,-0.4632459580898285,-1.0907820463180542,0.2612665295600891,1.7704488039016724,1.4719040393829346,0.27664655447006226,0.5078006982803345,0.7071346044540405,1.2943304777145386,1.9975429773330688,1.98013436794281,1.4928785562515259,1.401767611503601,1.2837460041046143,0.7809862494468689,1.9942468404769897,3.7083606719970703,3.961063861846924,3.68141508102417,3.827725410461426,3.1085472106933594,2.066936492919922,2.6857147216796875
1.4814667701721191,1.8049321174621582,2.0692293643951416,2.009186029434204,2.0725414752960205,1.923938274383545,1.5648925304412842,1.2072725296020508,-0.009512549266219139,-0.6330165266990662,0.033969540148973465,1.0538816452026367,1.0048803091049194,1.201202392578125,2.367356538772583,2.30226469039917,1.97896409034729,1.4804022312164307,0.45844653248786926,0.15483708679676056,0.13519999384880066,-0.6163058876991272,-0.3036421835422516,1.2965072393417358,2.0237534046173096,1.7437267303466797,1.6016823053359985,1.5304445028305054,1.8979874849319458,2.207106351852417,1.8059842586517334,1.2580963373184204,1.0394915342330933,0.394991010427475,0.5296448469161987,2.9069206714630127,4.324196815490723,3.2196156978607178,1.957387924194336,2.3560335636138916,2.166257858276367,1.3763542175292969,1.744909644126892
1.5662106275558472,1.8345543146133423,2.066164255142212,1.774556040763855,1.8240262269973755,1.9666008949279785,1.9009302854537964,1.8138713836669922,0.10829427093267441,-0.9165198802947998,0.08069855719804764,1.2372561693191528,1.0825129747390747,1.1213047504425049,1.7116026878356934,1.411949872970581,0.9369458556175232,0.8067489862442017,0.7478578686714172,0.38650503754615784,0.32336127758026123,0.1064128577709198,0.4299708902835846,1.6761277914047241,2.0794599056243896,1.9819536209106445,2.2049405574798584,2.1911308765411377,1.8775625228881836,2.145829200744629,1.6305276155471802,1.0570114850997925,0.5237893462181091,-0.12562943994998932,0.7280437350273132,2.5147204399108887,3.8253538608551025,3.2403476238250732,1.6508522033691406,1.2495708465576172,1.5542954206466675,1.039660930633545,0.9270784258842468
1.5874086618423462,1.7620433568954468,1.9916260242462158,1.7531492710113525,1.7801786661148071,2.3786842823028564,2.6996922492980957,2.235651731491089,0.8301180005073547,-0.36092767119407654,-0.15026378631591797,0.627833366394043,1.1028000116348267,1.1207809448242188,0.038220297545194626,0.12301384657621384,1.5294487476348877,1.1996091604232788,0.37520870566368103,0.313872367143631,0.3605235815048218,0.2091221660375595,0.7095930576324463,1.6594104766845703,1.8701145648956299,1.9078357219696045,2.2616758346557617,2.027838945388794,1.2366620302200317,1.2357286214828491,1.9042361974716187,1.219231128692627,-0.3711633086204529,-0.37916192412376404,0.9966579079627991,2.274149179458618,3.0790469646453857,2.960402488708496,1.962570071220398,1.1603450775146484,1.7010551691055298,1.4904887676239014,0.7515325546264648
1.8521652221679688,1.82742440700531,1.8830024003982544,1.6950136423110962,2.0040740966796875,2.6872124671936035,2.258657217025757,1.3805392980575562,0.83803391456604,0.36537840962409973,0.03368746116757393,0.04094912111759186,1.3673726320266724,1.2958015203475952,-0.7816713452339172,0.14501352608203888,2.2389607429504395,1.573610544204712,0.36012837290763855,0.2833254039287567,0.3470188081264496,0.08344414085149765,0.7050364017486572,2.112088203430176,2.3322370052337646,1.3720632791519165,1.316868543624878,1.56498384475708,0.639165461063385,0.13968802988529205,1.071702241897583,1.2127418518066406,-0.16654279828071594,-0.7310569882392883,1.009281873703003,2.6317875385284424,2.877185583114624,2.5633037090301514,1.6576459407806396,1.2439097166061401,1.943479299545288,2.6888303756713867,2.064532995223999
1.9516233205795288,1.8471765518188477,1.8831617832183838,1.9071704149246216,1.9419727325439453,2.136406660079956,2.102335214614868,1.9731974601745605,1.5393767356872559,0.37391936779022217,0.19130660593509674,0.890539824962616,1.8799959421157837,1.6815686225891113,-0.3036139905452728,-0.15347082912921906,1.5512136220932007,1.3595380783081055,0.46336647868156433,0.4040791094303131,0.2455890029668808,0.06839112937450409,0.8827686309814453,2.241147518157959,1.8767348527908325,0.002404434373602271,0.3039133548736572,1.7566620111465454,0.8965553641319275,-0.21783219277858734,0.4710851013660431,1.495147943496704,0.6564352512359619,-0.3291299641132355,1.0261985063552856,2.5141563415527344,3.1134347915649414,2.7585668563842773,2.225297451019287,2.2455289363861084,2.8547842502593994,3.1780619621276855,2.925387144088745
