demo/sfcwind/1500-wind-surface-level-gfs-1.0.json
{"header": {"productDefinitionTemplate": 0, "surface1Type": 103, "productStatus": 0, "disciplineName": "Meteorological products", "subDivisions": 0, "winds": "true", "parameterNumberName": "V-component_of_wind", "discipline": 0, "surface2Value": 0, "significanceOfRTName": "Start of forecast", "surface2TypeName": "Missing", "surface2Type": 255, "productTypeName": "Forecast products", "dx": 0.024617210030555725, "dy": 0.01798853650689125, "numberPoints": 65160, "productStatusName": "Operational products", "gribEdition": 2, "parameterUnit": "m.s-1", "forecastTime": 0, "refTime": "2020-09-30T13:00:00.000Z", "productType": 1, "genProcessTypeName": "Forecast", "scanMode": 0, "genProcessType": 2, "gribLength": 11338.0, "significanceOfRT": 1, "productDefinitionTemplateName": "Analysis/forecast at horizontal level/layer at a point in time", "centerName": "WRF OUTPUT", "la1": 43.66691207885742, "la2": 42.426788330078125, "lo2": 13.70867919921875, "gridUnits": "degrees", "surface1Value": 10, "shapeName": "Earth spherical with radius of 6,371,229.0 m", "surface1TypeName": "Specified height level above ground", "nx": 70.0, "ny": 70.0, "lo1": 12.008544921875, "basicAngle": 0, "gridDefinitionTemplate": 0, "shape": 6, "parameterNumber": 3, "subcenter": 0, "parameterCategoryName": "Momentum", "parameterCategory": 2, "center": 0, "gridDefinitionTemplateName": "Latitude_Longitude", "resolution": 48}, "data":
[rows 19 to 37 of 70, columns 0 to 42 of 70]
1.1581237316131592,1.127282738685608,1.1226474046707153,1.2263661623001099,1.3676230907440186,1.4669080972671509,1.4753214120864868,1.7494899034500122,1.6956455707550049,1.426954746246338,1.8872959613800049,1.693375825881958,1.0909552574157715,0.9982929229736328,0.7605653405189514,1.2290395498275757,1.3967244625091553,0.6276472806930542,-0.12990063428878784,-0.24880056083202362,0.0823388546705246,-0.009874626062810421,-0.21756812930107117,-0.12349198013544083,-0.045770324766635895,0.20198293030261993,0.5247691869735718,0.6100039482116699,0.5415213704109192,0.9498735666275024,1.3681310415267944,1.6557140350341797,1.6289339065551758,1.6334842443466187,1.3801331520080566,1.0280886888504028,0.5810787081718445,0.1884193867444992,-0.06839566677808762,-0.12405234575271606,-0.4072871804237366,-0.3244187533855438,-0.2235286831855774
1.286994457244873,1.2687772512435913,1.3356091976165771,1.4199700355529785,1.5228838920593262,1.5979377031326294,1.7108591794967651,2.0939924716949463,1.979616641998291,1.783681869506836,2.037644863128662,1.4402101039886475,0.8267897963523865,0.21899232268333435,0.29651641845703125,0.6083166599273682,0.4731833040714264,0.28363439440727234,0.4936881363391876,0.6923668384552002,0.7377187609672546,0.8729612827301025,1.0612269639968872,0.9628629684448242,0.8022685647010803,0.6876094937324524,0.974461019039154,1.190938949584961,1.4297741651535034,1.7304774522781372,1.7603784799575806,1.756390929222107,1.285353422164917,1.0659937858581543,0.8552839159965515,0.5156254768371582,0.025665590539574623,-0.3929924964904785,-0.6777474284172058,-0.6563082933425903,-1.1593763828277588,-1.3719799518585205,-0.6724117994308472
1.3940824270248413,1.42905855178833,1.533819556236267,1.5509259700775146,1.683174967765808,1.791461706161499,1.989074468612671,2.179910659790039,2.0299930572509766,1.8170993328094482,1.0412695407867432,0.33516305685043335,-0.25103116035461426,-0.11490896344184875,-0.05483181029558182,-0.08036281168460846,0.3007737100124359,0.9022437334060669,1.045244574546814,1.2252490520477295,1.2959891557693481,1.5291277170181274,1.464573860168457,1.1521329879760742,1.0040704011917114,1.2978757619857788,1.6064788103103638,2.033928155899048,2.155974864959717,1.9597519636154175,1.6398507356643677,1.3642520904541016,0.8356071710586548,0.3428622782230377,0.052418697625398636,-0.34368258714675903,-0.6357603073120117,-1.0987350940704346,-1.5570530891418457,-1.188754916191101,-1.2723972797393799,-1.667213797569275,-1.267269253730774
1.4578914642333984,1.5928370952606201,1.7464027404785156,1.6765750646591187,1.8069303035736084,1.8855814933776855,2.1696178913116455,1.7925982475280762,1.658236026763916,1.6948679685592651,0.6358055472373962,0.24274754524230957,0.4751017689704895,1.0582364797592163,0.827521026134491,0.56214439868927,1.014170527458191,1.5360299348831177,1.4968246221542358,1.7250807285308838,1.8834809064865112,1.5388449430465698,1.4238817691802979,1.3393112421035767,1.5401477813720703,2.034226179122925,2.030792713165283,2.0632059574127197,1.9099912643432617,1.1905102729797363,0.7917866110801697,0.644923746585846,0.9384841322898865,0.5866670608520508,-0.020157717168331146,-0.296897292137146,-0.3901011049747467,-0.7674075961112976,-1.529395341873169,-1.5275294780731201,-1.7502647638320923,-2.220945119857788,-2.2821123600006104
1.4971857070922852,1.6838299036026,1.8113446235656738,1.7537404298782349,1.8532403707504272,1.9673867225646973,1.6882332563400269,1.5495519638061523,1.8008002042770386,1.673361897468567,0.8778785467147827,0.9734865427017212,1.3680739402770996,1.2439773082733154,0.7505432367324829,0.7405663728713989,1.3366345167160034,1.5850305557250977,1.5110156536102295,1.4739704132080078,1.2311553955078125,1.2580317258834839,1.4587405920028687,1.7385433912277222,1.975601077079773,1.7288826704025269,1.497597575187683,1.6063765287399292,1.392828345298767,0.90189528465271,0.8461284041404724,0.847231924533844,1.4099011421203613,1.2093770503997803,0.5844869613647461,0.465454638004303,0.3896442651748657,0.23373901844024658,-0.6967933773994446,-1.4227591753005981,-1.9126472473144531,-2.4860002994537354,-2.714247703552246
1.4855552911758423,1.6673880815505981,1.8124220371246338,1.8185133934020996,1.8809572458267212,1.8818082809448242,1.3762456178665161,1.8234906196594238,1.9561662673950195,1.4832470417022705,1.016911268234253,1.115180253982544,1.0298813581466675,1.0772396326065063,0.6075799465179443,0.4554799497127533,0.9589931964874268,0.8848334550857544,0.5938079357147217,0.6829102039337158,1.007411241531372,1.5081218481063843,1.4287712574005127,1.2544372081756592,1.3019688129425049,1.284956932067871,1.34769606590271,1.5214366912841797,1.3392373323440552,1.0604794025421143,1.0136463642120361,0.694805920124054,0.7782238125801086,0.718412458896637,0.22148814797401428,0.2770754396915436,0.17406518757343292,0.46210727095603943,0.31095239520072937,-1.800800085067749,-2.390589952468872,-2.441739320755005,-2.373702049255371
1.427527904510498,1.6136335134506226,1.761151671409607,1.8660740852355957,1.861170768737793,1.529082179069519,1.690220594406128,2.0845115184783936,1.5774900913238525,1.0851985216140747,0.9595795273780823,0.71587735414505,1.2519404888153076,1.5699145793914795,0.8177880048751831,-0.06043311953544617,0.021093280985951424,-0.3829093873500824,0.2180180847644806,0.9507079124450684,1.259013295173645,1.223818302154541,1.127144455909729,1.0078867673873901,1.2732938528060913,1.5530550479888916,1.5271365642547607,1.2573480606079102,1.048469066619873,0.7053655982017517,0.43226155638694763,-0.043898195028305054,-0.21378488838672638,0.05928776413202286,0.325143039226532,0.7610666155815125,0.9078824520111084,1.3630032539367676,1.7430319786071777,0.03663742542266846,-2.158581495285034,-1.818973183631897,-1.5698094367980957
1.305763840675354,1.459175705909729,1.607186198234558,1.6589386463165283,1.5877817869186401,1.472528100013733,1.6149355173110962,1.7074904441833496,1.091737985610962,0.8793022632598877,0.886722981929779,0.9216262698173523,1.6376856565475464,1.555882453918457,1.23641037940979,0.17897556722164154,-0.9786891341209412,-0.7227265238761902,0.6907606720924377,1.2260723114013672,1.2140520811080933,1.2290830612182617,1.2280421257019043,1.2118768692016602,1.4255669116973877,1.5722649097442627,1.4577134847640991,1.131224274635315,0.8499478101730347,0.5861177444458008,0.37004148960113525,0.3257182538509369,-0.0378214456140995,0.31987378001213074,1.2401357889175415,1.7243965864181519,1.8625643253326416,1.895980954170227,1.521554946899414,1.7808698415756226,-0.18063440918922424,-1.3979566097259521,-1.2271710634231567
1.0618093013763428,1.1470032930374146,1.1865066289901733,1.126895785331726,0.8919381499290466,0.900111198425293,0.6412230730056763,0.5087978839874268,0.4927411675453186,0.562687337398529,0.4968368411064148,0.7678045630455017,0.8061785101890564,0.794126033782959,0.9757921695709229,1.0043786764144897,-0.6611842513084412,-0.08017436414957047,1.200258493423462,1.3477544784545898,1.4102903604507446,1.3952099084854126,1.2063038349151611,1.2788233757019043,1.4519721269607544,1.4594409465789795,1.3034911155700684,0.907366156578064,0.46103933453559875,0.28213199973106384,0.3619355857372284,0.564403235912323,0.3461172580718994,0.4838588237762451,1.0240076780319214,1.162933588027954,0.9904951453208923,0.5792266726493835,-0.0683939978480339,0.017942994832992554,0.33690518140792847,-1.7829787731170654,-1.9904086589813232
0.8163219690322876,0.8180452585220337,0.772213339805603,0.6612364053726196,0.39358168840408325,0.18903133273124695,-0.0324135348200798,-0.31125587224960327,0.22365377843379974,0.4564526379108429,0.21017497777938843,0.33183375000953674,0.27804210782051086,-0.0913454070687294,-0.21328359842300415,0.22518061101436615,0.16488194465637207,1.12510085105896,1.8478939533233643,1.6416544914245605,1.3928356170654297,1.0960838794708252,1.2512365579605103,1.4566932916641235,1.3428348302841187,0.9518864750862122,0.6269806027412415,0.3754497766494751,0.020946374163031578,-0.2496630698442459,-0.24257870018482208,-0.27662894129753113,-0.16434615850448608,0.010764730162918568,0.02568838745355606,-0.022729216143488884,-0.10060066729784012,-0.4717367887496948,-1.0188734531402588,-1.459018349647522,-0.9882897138595581,-1.7947938442230225,-2.0606536865234375
0.7459692358970642,0.6794168949127197,0.5586918592453003,0.38655316829681396,0.16014063358306885,-0.03005184605717659,-0.41489651799201965,-0.6776648163795471,-0.30631276965141296,-0.32832789421081543,-0.29919323325157166,0.2656857371330261,0.15818749368190765,-0.399547278881073,-0.4448085427284241,0.10465048253536224,1.0090031623840332,2.0273139476776123,1.9380379915237427,1.6813603639602661,1.3416396379470825,1.251719355583191,1.4148725271224976,1.3137789964675903,0.7145098447799683,0.25697752833366394,0.0019206516444683075,0.04433691129088402,0.5591943264007568,0.31945180892944336,0.048808496445417404,-0.0487883985042572,0.2757118344306946,0.3682231307029724,0.16778713464736938,-0.051899343729019165,-0.11759869009256363,-0.20504766702651978,-0.5584898591041565,-0.9093383550643921,-1.4418389797210693,-1.373702049255371,-0.9542328715324402
0.75335294008255,0.66650390625,0.5010226368904114,0.13786204159259796,-0.3958802819252014,-0.5458879470825195,-0.7490007877349854,-0.9183157682418823,-0.5646306872367859,-0.8880690932273865,-0.9570831656455994,-0.4722074270248413,0.21020105481147766,0.7440638542175293,1.1113585233688354,1.4403356313705444,1.5064270496368408,1.876493215560913,1.741744875907898,1.6823296546936035,1.5781382322311401,1.5043566226959229,1.2497566938400269,0.9927467107772827,0.6467205882072449,0.6988427042961121,0.6950628757476807,1.33548903465271,1.8673447370529175,1.3191678524017334,0.8878570795059204,1.1429766416549683,1.2293684482574463,1.1563913822174072,1.2749255895614624,1.1688109636306763,0.60579514503479,0.291331022977829,-0.003952068276703358,-0.5154616832733154,-1.1153883934020996,-0.283704936504364,-0.41220584511756897
0.8403561115264893,0.768588125705719,0.5990355610847473,0.1524123251438141,-0.5671048164367676,-0.9021790623664856,-1.176222324371338,-1.5721793174743652,-0.9747768044471741,-1.1012115478515625,-1.2362619638442993,-0.8533540368080139,0.6315069794654846,1.4287903308868408,1.5548228025436401,1.416404366493225,1.6979477405548096,1.9020025730133057,1.9577510356903076,1.6216881275177002,1.6616902351379395,1.3718138933181763,0.8780410289764404,0.7108638882637024,1.1090298891067505,1.5575264692306519,1.6826410293579102,1.9010920524597168,1.3544692993164062,0.8244462013244629,0.8005681037902832,1.4467065334320068,1.1468268632888794,0.8642472624778748,0.7903645038604736,0.5633731484413147,0.0034279823303222656,-0.3605014383792877,-0.6888380646705627,-0.8418377041816711,-0.9077546000480652,-0.990513026714325,-1.3960710763931274
1.1082385778427124,1.0410553216934204,0.9102272987365723,0.3477800190448761,-1.324293851852417,-1.5645684003829956,-1.8045589923858643,-1.571541666984558,-1.2523119449615479,-0.2791900038719177,-0.16367579996585846,0.05368569865822792,0.7893183827400208,0.5432150959968567,0.7467011213302612,1.32877516746521,1.7110559940338135,1.8339678049087524,1.8096619844436646,1.350322961807251,1.227047085762024,0.8311747908592224,0.2852399945259094,0.5773669481277466,1.2166657447814941,1.5308772325515747,1.2841143608093262,-0.04309219866991043,-0.9080158472061157,-0.5014292597770691,0.7354973554611206,1.6977732181549072,1.3456894159317017,0.5447540879249573,-0.010622458532452583,-0.3694453835487366,-0.35295599699020386,-0.17199310660362244,-0.18481124937534332,0.15633538365364075,0.7107623815536499,-1.3825252056121826,-2.1197662353515625
1.3836249113082886,1.3137474060058594,1.2611547708511353,0.8034332394599915,-1.0434218645095825,-1.4914860725402832,-1.6550337076187134,-0.9146640300750732,-0.5004056096076965,0.19061754643917084,0.23842838406562805,0.6144082546234131,0.3639259934425354,0.27717214822769165,0.8717736601829529,1.0165948867797852,1.1335569620132446,1.3307617902755737,1.1426435708999634,0.8733097910881042,0.6420163512229919,0.49206677079200745,0.6776144504547119,1.0361385345458984,1.145520806312561,1.133880376815796,0.9108016490936279,-0.07648387551307678,-1.275424838066101,-0.8121435642242432,1.198491096496582,2.085237979888916,1.64512038230896,0.9659256935119629,0.6714968085289001,0.4059903025627136,0.48000314831733704,0.9527024626731873,1.2630436420440674,0.9573637247085571,0.8826271295547485,-0.35625162720680237,-1.094223976135254
1.4856387376785278,1.427743911743164,1.4491453170776367,1.3330435752868652,0.9574384093284607,-0.09706040471792221,-0.14795321226119995,-0.33782124519348145,0.5868970155715942,0.17202334105968475,0.21990177035331726,0.24994294345378876,0.01081992220133543,0.5773850679397583,0.646368682384491,0.5906623005867004,0.961382269859314,0.9847889542579651,0.7846128940582275,0.7581504583358765,0.6943231225013733,0.7054712772369385,0.8926052451133728,0.6405505537986755,0.33049821853637695,0.26376283168792725,0.997711181640625,1.5481284856796265,0.7671928405761719,0.8198683261871338,2.211013078689575,2.3625688552856445,1.8567214012145996,1.5664880275726318,1.220405101776123,0.9935727715492249,0.9477607607841492,1.2339961528778076,1.2837250232696533,0.6674755811691284,-0.16307826340198517,-0.34856289625167847,-0.4953804612159729
1.523146390914917,1.4533988237380981,1.4516655206680298,1.3677362203598022,1.5088989734649658,1.1548740863800049,0.7690255045890808,0.5751962065696716,0.8489092588424683,0.39155322313308716,0.21622881293296814,-0.19001534581184387,0.20811668038368225,0.6425761580467224,0.6026079058647156,0.759872555732727,0.9952234625816345,1.0172322988510132,0.7666691541671753,0.4658776819705963,0.39518365263938904,0.3670044541358948,0.24411405622959137,0.22696824371814728,0.21902257204055786,0.16181005537509918,0.6089802980422974,1.5657535791397095,2.1256027221679688,2.8230535984039307,3.093332052230835,2.3015387058258057,1.545661211013794,1.2988065481185913,1.032094955444336,0.9217403531074524,0.8166218996047974,0.6155915856361389,0.34904009103775024,0.23162254691123962,-0.1695481240749359,-0.6754863262176514,-0.6150454878807068
1.5005921125411987,1.3943562507629395,1.3101683855056763,1.0470565557479858,0.31407400965690613,0.5654869079589844,0.5155701637268066,1.1956332921981812,0.9342609643936157,0.12768477201461792,-0.5169674158096313,-0.23279520869255066,0.572641909122467,0.6640878319740295,0.31053170561790466,0.7139790058135986,1.1479402780532837,1.1589229106903076,0.6631708145141602,-0.2945452928543091,-0.9377782940864563,-0.9577463269233704,-0.5447778105735779,-0.08593578636646271,0.20563717186450958,-0.09283215552568436,-0.7248693108558655,0.14644794166088104,1.672612190246582,2.4220850467681885,2.2599334716796875,1.4502249956130981,0.5739941596984863,0.45852696895599365,0.5302927494049072,0.5527790784835815,0.5085698962211609,0.3154298663139343,-0.16575387120246887,-0.3479914665222168,-0.5269566774368286,-1.129794955253601,-1.386913537979126
1.2853742837905884,1.1765086650848389,1.0599297285079956,0.8222707509994507,-0.28251299262046814,-0.5401075482368469,-0.17545148730278015,0.5230168700218201,0.7692261338233948,0.22852221131324768,-0.48005276918411255,0.5043357014656067,1.1206189393997192,0.5586210489273071,0.16209983825683594,0.9880613088607788,1.3112777471542358,1.1749095916748047,0.566352903842926,-0.3157974183559418,-1.3627487421035767,-1.9190781116485596,-1.5614804029464722,-0.9515675902366638,-0.5731192231178284,-0.4268651604652405,-0.7562599778175354,0.039715006947517395,0.7976716756820679,1.066860318183899,1.1344975233078003,0.804290235042572,0.31876304745674133,0.2911071479320526,0.4119090735912323,0.44892993569374084,0.30121049284935,0.24025729298591614,-0.12384693324565887,-0.5262300968170166,-0.2864634096622467,-1.2179243564605713,-2.093039035797119
