demo/sfcwind/1500-wind-surface-level-gfs-1.0.json
{"header": {"productDefinitionTemplate": 0, "surface1Type": 103, "productStatus": 0, "disciplineName": "Meteorological products", "subDivisions": 0, "winds": "true", "parameterNumberName": "V-component_of_wind", "discipline": 0, "surface2Value": 0, "significanceOfRTName": "Start of forecast", "surface2TypeName": "Missing", "surface2Type": 255, "productTypeName": "Forecast products", "dx": 0.024617210030555725, "dy": 0.01798853650689125, "numberPoints": 65160, "productStatusName": "Operational products", "gribEdition": 2, "parameterUnit": "m.s-1", "forecastTime": 0, "refTime": "2020-09-30T13:00:00.000Z", "productType": 1, "genProcessTypeName": "Forecast", "scanMode": 0, "genProcessType": 2, "gribLength": 11338.0, "significanceOfRT": 1, "productDefinitionTemplateName": "Analysis/forecast at horizontal level/layer at a point in time", "centerName": "WRF OUTPUT", "la1": 43.66691207885742, "la2": 42.426788330078125, "lo2": 13.70867919921875, "gridUnits": "degrees", "surface1Value": 10, "shapeName": "Earth spherical with radius of 6,371,229.0 m", "surface1TypeName": "Specified height level above ground", "nx": 70.0, "ny": 70.0, "lo1": 12.008544921875, "basicAngle": 0, "gridDefinitionTemplate": 0, "shape": 6, "parameterNumber": 3, "subcenter": 0, "parameterCategoryName": "Momentum", "parameterCategory": 2, "center": 0, "gridDefinitionTemplateName": "Latitude_Longitude", "resolution": 48}, "data":
[rows 0 to 18 of 70, columns 0 to 42 of 70]
3.0604522228240967,3.25801682472229,3.4937169551849365,3.2532784938812256,3.0530896186828613,2.6366121768951416,2.2317442893981934,1.485676884651184,1.0711218118667603,0.8703937530517578,0.2806772291660309,0.23469778895378113,0.2314537614583969,-0.03412364050745964,-0.012492026202380657,0.2616620659828186,0.2889890670776367,0.12972542643547058,-0.0694892480969429,-0.26230984926223755,-0.6111518144607544,-0.83031165599823,-0.9394730925559998,-1.0908390283584595,-1.1333115100860596,-0.9962188005447388,-0.9263348579406738,-0.8979124426841736,-0.9199631810188293,-0.8934000730514526,-0.80265873670578,-0.806467592716217,-1.013363003730774,-1.113021731376648,-1.1755375862121582,-1.31026029586792,-1.3774135112762451,-1.3590714931488037,-1.3712050914764404,-1.451395034790039,-1.2946350574493408,-1.2381784915924072,-1.2132724523544312
2.9004788398742676,2.9636049270629883,3.13427472114563,2.8911232948303223,2.7724521160125732,2.4255077838897705,1.9955297708511353,1.3334351778030396,0.9539344906806946,0.8386892676353455,0.2830733358860016,0.2842733860015869,0.2816234529018402,-0.028941484168171883,-0.09383184462785721,0.08940733969211578,0.09655959159135818,-0.0438835434615612,-0.2194208800792694,-0.3397826552391052,-0.4635378420352936,-0.5814809799194336,-0.6248307824134827,-0.814296305179596,-0.908935010433197,-0.8439929485321045,-0.8100882172584534,-0.8469097018241882,-0.8659889698028564,-0.871475100517273,-0.8578652143478394,-0.869605541229248,-1.0837738513946533,-1.1380019187927246,-1.1293312311172485,-1.0777621269226074,-1.071054220199585,-1.0188004970550537,-1.052628755569458,-1.1665310859680176,-1.0763750076293945,-1.0253188610076904,-0.9956876635551453
2.2252120971679688,2.2372639179229736,2.1957314014434814,2.150084972381592,2.1146092414855957,2.1062374114990234,1.9611330032348633,1.8735207319259644,1.5936111211776733,1.3898874521255493,1.0624806880950928,0.853531539440155,0.5864914655685425,0.3176269829273224,0.0828460231423378,-0.200245663523674,-0.35652345418930054,-0.4734277129173279,-0.5647029876708984,-0.6030007600784302,-0.5281745791435242,-0.42013028264045715,-0.33949336409568787,-0.3810328543186188,-0.5705721974372864,-0.8607457876205444,-0.9973374605178833,-1.044908881187439,-1.144412875175476,-1.2402069568634033,-1.4093762636184692,-1.4136614799499512,-1.4229704141616821,-1.3808876276016235,-1.271767020225525,-1.0574803352355957,-0.9447205066680908,-0.889606773853302,-0.9362150430679321,-0.9709261655807495,-0.9552819728851318,-0.9811760783195496,-1.0022729635238647
1.598271131515503,1.5832908153533936,1.5583901405334473,1.5393061637878418,1.4853794574737549,1.4622244834899902,1.4571058750152588,1.6163297891616821,1.5372772216796875,1.3457441329956055,1.0282657146453857,0.5369935631752014,0.03801269829273224,-0.13998965919017792,-0.15508468449115753,-0.346090167760849,-0.20377661287784576,-0.16656732559204102,-0.5366410613059998,-1.054699182510376,-0.8818863034248352,-0.18069635331630707,0.48371756076812744,0.46053358912467957,-0.09265769273042679,-0.9972152709960938,-1.2878233194351196,-1.133971929550171,-1.1552095413208008,-1.3296669721603394,-1.4943568706512451,-1.6409181356430054,-1.7610852718353271,-1.679349422454834,-1.5166027545928955,-1.1284284591674805,-0.8995111584663391,-0.8280737400054932,-0.9412742853164673,-0.9857890605926514,-0.9572389125823975,-0.9463497400283813,-0.893711268901825
1.2983613014221191,1.320663571357727,1.3287404775619507,1.3869458436965942,1.3598227500915527,1.4433276653289795,1.9270154237747192,1.8803845643997192,1.79158616065979,1.4307600259780884,0.9203840494155884,0.5720768570899963,0.18298262357711792,-0.1033681184053421,-0.25885507464408875,-0.35486987233161926,-0.6869692206382751,-0.8233528137207031,-0.9060035347938538,-1.0449120998382568,-0.29987630248069763,0.5717589259147644,0.8876079320907593,0.39847373962402344,-0.39032334089279175,-0.7367872595787048,-1.1269209384918213,-1.446947693824768,-1.1378545761108398,-1.2602770328521729,-1.5934817790985107,-1.8554593324661255,-1.9271997213363647,-1.9005180597305298,-1.1802045106887817,-0.5088635683059692,-0.4431978762149811,-0.7871691584587097,-1.006200909614563,-1.045892357826233,-0.9845237135887146,-0.7869434952735901,-0.7902367115020752
1.174243450164795,1.2083137035369873,1.2273693084716797,1.3158190250396729,1.3666348457336426,1.5680067539215088,1.9681847095489502,1.8209980726242065,1.5123181343078613,0.9129940867424011,0.7031527161598206,0.8216686248779297,0.9282386302947998,0.42391201853752136,-0.19174054265022278,-0.4225788414478302,-0.438025563955307,-0.09463171660900116,0.24653825163841248,0.4919539988040924,1.001479983329773,0.7386884093284607,-0.25423169136047363,-0.9621500372886658,-0.9694380164146423,-0.3968328535556793,-0.23133514821529388,0.06927028298377991,0.8224191665649414,0.7502418160438538,-0.48864424228668213,-1.5607575178146362,-1.8478288650512695,-1.2871646881103516,-0.07069361954927444,0.06872943788766861,-0.5647585988044739,-1.0517820119857788,-1.1479709148406982,-1.1361808776855469,-0.9849761724472046,-0.8426015377044678,-0.9489390850067139
1.1692653894424438,1.1417922973632812,1.2086299657821655,1.2927128076553345,1.2865229845046997,1.1477571725845337,1.2172858715057373,1.3137258291244507,1.160772681236267,0.8487987518310547,0.9908736944198608,1.1385833024978638,1.0263444185256958,0.5581896901130676,0.18739771842956543,0.2523971498012543,0.8081443309783936,1.3146023750305176,1.3956189155578613,1.238033413887024,0.6934752464294434,-0.21653534471988678,-0.9554474353790283,-0.8268031477928162,-0.16760382056236267,-0.22447295486927032,-0.318818062543869,0.08504525572061539,0.38552191853523254,0.2438720315694809,-0.2566272020339966,-0.6851041316986084,-1.0963122844696045,-0.7869418859481812,-0.5955432653427124,-1.4077045917510986,-2.217708110809326,-2.0767745971679688,-1.8149136304855347,-1.4457632303237915,-1.178867220878601,-1.1702232360839844,-1.1577075719833374
1.378809928894043,1.3759263753890991,1.436604619026184,1.497683048248291,1.2530525922775269,1.0513869524002075,1.1323491334915161,1.0853981971740723,1.1003750562667847,1.0942037105560303,1.0731135606765747,1.135994791984558,0.7071248888969421,0.6153960227966309,0.8925381898880005,0.9861015677452087,0.6347392797470093,0.037616267800331116,-0.1291428506374359,-0.2738358974456787,-0.19658800959587097,0.13790887594223022,1.117617130279541,1.6114052534103394,1.7664107084274292,0.28886905312538147,-1.0144189596176147,-1.4709511995315552,-1.9883180856704712,-2.3291945457458496,-1.4523546695709229,-0.7064225077629089,-1.0768523216247559,-1.733978033065796,-2.124164342880249,-2.5995020866394043,-2.128857374191284,-0.9177466034889221,-1.03035306930542,-0.9253972172737122,-0.8126186728477478,-0.9537343382835388,-1.0190232992172241
1.6841881275177002,1.637795329093933,1.7361088991165161,1.692420482635498,1.5691684484481812,1.4690443277359009,1.0332512855529785,0.9565463662147522,0.9158160090446472,0.9721096158027649,1.1475099325180054,1.071503758430481,0.7829285264015198,1.20491361618042,1.4150094985961914,1.2963587045669556,1.0770175457000732,0.5723315477371216,0.22484098374843597,0.08139971643686295,0.716083288192749,1.1399285793304443,1.9873716831207275,2.056508779525757,1.3439602851867676,0.6827337741851807,0.4644409120082855,0.30737990140914917,-0.46355628967285156,-1.0515438318252563,-0.8288586139678955,-0.7397351264953613,-0.8234147429466248,-0.9615942239761353,-1.4826922416687012,-1.3216520547866821,0.11446141451597214,0.8040367960929871,-0.10440607368946075,-0.09128445386886597,-0.10382894426584244,-0.431307852268219,-0.8808424472808838
1.7286028861999512,1.6666325330734253,1.7162153720855713,1.6825215816497803,1.736863136291504,1.9096215963363647,1.2007768154144287,0.871263861656189,0.9574488401412964,0.6881446242332458,0.6391334533691406,0.49061319231987,0.776894748210907,1.6598553657531738,1.5686805248260498,1.4238075017929077,1.4035663604736328,1.2081563472747803,1.0400819778442383,1.1913650035858154,1.6077101230621338,1.5349373817443848,1.1183161735534668,0.18637961149215698,0.17900803685188293,2.105247735977173,2.532893180847168,1.4399280548095703,0.0194377638399601,-0.25892364978790283,-0.23919129371643066,-0.22807849943637848,0.32299530506134033,0.5222136378288269,0.16790369153022766,-0.2931661307811737,-0.0898299440741539,-0.18449267745018005,-0.5973239541053772,-0.37759169936180115,-0.46886348724365234,-0.6177291870117188,-1.2208067178726196
1.694313406944275,1.6350016593933105,1.6558321714401245,1.6198831796646118,1.5581611394882202,1.7857775688171387,1.7342654466629028,0.6694241762161255,0.12610474228858948,0.15959705412387848,0.44587525725364685,0.6711215376853943,1.1065919399261475,1.5097297430038452,1.1831841468811035,0.9300333261489868,0.6874043345451355,0.732012152671814,1.2831593751907349,1.4509401321411133,1.4319194555282593,1.6019595861434937,0.9324616193771362,-0.08276201784610748,0.27572861313819885,1.262982964515686,1.2682552337646484,1.1047699451446533,-0.1624045968055725,-0.8440107107162476,0.6555914878845215,0.8656860589981079,0.40819254517555237,-0.2565721273422241,-0.12443995475769043,-0.34879985451698303,-1.471457839012146,-1.36907160282135,-0.699805498123169,-1.019811749458313,-1.4797102212905884,-1.5815620422363281,-1.444780945777893
1.5711050033569336,1.4953025579452515,1.479272484779358,1.4340059757232666,1.1423710584640503,1.2706429958343506,1.7371896505355835,0.9925212264060974,-0.162323459982872,0.9443804621696472,1.6893845796585083,1.799824833869934,1.5061051845550537,1.1041898727416992,0.762227475643158,0.4898999333381653,0.4151355028152466,1.0536452531814575,1.9096657037734985,1.5877330303192139,1.2295308113098145,1.104455590248108,0.9825478792190552,1.0752179622650146,0.6196098327636719,-0.743118941783905,-0.3014811873435974,0.9374355673789978,1.2988027334213257,-0.4392330050468445,-0.2770804464817047,-0.30495139956474304,-0.8768022656440735,-1.163948893547058,-0.44100043177604675,0.13313670456409454,-0.5383278131484985,-0.9767774939537048,-0.9632425308227539,-1.276239037513733,-1.6837767362594604,-1.5870025157928467,-1.139516830444336
1.2313013076782227,1.1742968559265137,1.1171320676803589,1.0262160301208496,0.6620851159095764,0.557876706123352,0.6224408149719238,0.782080888748169,0.8227317333221436,1.4719393253326416,1.5292571783065796,1.2938753366470337,0.6723804473876953,0.15374243259429932,-0.021584387868642807,0.2484884411096573,0.8369596004486084,1.497193455696106,1.638644814491272,1.2595016956329346,1.009968638420105,1.0492442846298218,1.5470422506332397,1.7582652568817139,1.2745652198791504,0.314613401889801,0.024497052654623985,0.14566440880298615,0.7155522704124451,0.8978946208953857,0.06418182700872421,-0.29293113946914673,-1.3331918716430664,-1.3424115180969238,-0.5732169151306152,-0.48454180359840393,-0.5509030222892761,-0.9227270483970642,-1.2045915126800537,-0.9267827272415161,-1.6661384105682373,-1.5403189659118652,-1.203230619430542
0.882563591003418,0.8300934433937073,0.7670863270759583,0.7414034008979797,0.5387824773788452,0.5206685662269592,-0.007772970478981733,0.7055190205574036,1.7317001819610596,1.8811328411102295,1.4210399389266968,1.0528069734573364,0.5835558772087097,0.5310449600219727,0.6075499653816223,1.156823754310608,1.6071374416351318,1.4579185247421265,1.151473045349121,1.079081654548645,1.1355774402618408,1.3037419319152832,1.463710069656372,1.2412500381469727,1.1249499320983887,0.7551576495170593,-0.026549706235527992,-0.5617120265960693,-0.10077767819166183,1.469018816947937,1.8841235637664795,1.5074108839035034,0.4774530529975891,-1.2232540845870972,-1.6717134714126587,-1.9417505264282227,-2.0801007747650146,-1.4606430530548096,0.03684314712882042,0.2955154776573181,-0.7195255756378174,-1.8129043579101562,-2.084824323654175
0.7219511270523071,0.6852675080299377,0.6064720153808594,0.6329624056816101,0.6452648043632507,1.0880417823791504,1.182648777961731,1.3483481407165527,1.7058717012405396,1.8956773281097412,1.5722754001617432,1.1869325637817383,0.9778857231140137,1.3394856452941895,1.305006980895996,1.4715415239334106,1.2794740200042725,0.977169394493103,0.9356165528297424,0.885593831539154,0.9988484382629395,1.0559097528457642,0.7618687152862549,0.3679640591144562,0.21219035983085632,0.06468183547258377,-0.23823419213294983,0.13578052818775177,1.2469286918640137,1.220862627029419,0.714790940284729,0.4507497251033783,0.4915356934070587,-1.3576548099517822,-2.3859236240386963,-2.102397918701172,-2.0719878673553467,-1.6816492080688477,-0.23256352543830872,-0.37076035141944885,-0.2891523241996765,-1.2796006202697754,-2.090693950653076
0.6775480508804321,0.6415256857872009,0.5506717562675476,0.5825194716453552,0.5963882803916931,0.7388830184936523,1.116965651512146,1.1856213808059692,1.3707932233810425,1.4254038333892822,1.4359320402145386,1.2967374324798584,1.2813860177993774,1.2836679220199585,1.0595064163208008,1.218997836112976,1.0603097677230835,0.8884339332580566,0.61684250831604,0.48155197501182556,0.9854640960693359,1.073085069656372,0.9735927581787109,0.7527856826782227,0.5045313835144043,0.5688818693161011,0.8273157477378845,1.4689422845840454,1.8522065877914429,1.6656996011734009,0.36828580498695374,-0.47735196352005005,-0.7675818800926208,-0.8831169605255127,-1.4675921201705933,-0.6910829544067383,-0.06739610433578491,-1.0842738151550293,-1.6853018999099731,-2.3132622241973877,-1.7951756715774536,-1.621787428855896,-1.8265337944030762
0.6864227652549744,0.6543852090835571,0.589128315448761,0.6532831788063049,0.8141247034072876,0.425838828086853,0.17478053271770477,0.7110363245010376,1.2575596570968628,1.1573925018310547,1.232309341430664,1.2780331373214722,1.2980623245239258,0.8789180517196655,0.9958483576774597,1.0640031099319458,0.43727925419807434,-0.062098369002342224,0.26174241304397583,0.8315147757530212,1.2092864513397217,1.218542218208313,1.3287572860717773,1.2605433464050293,1.101633071899414,1.1390615701675415,1.5642153024673462,1.5381665229797363,1.685762882232666,2.0359888076782227,1.4090521335601807,0.4933841824531555,0.2505897879600525,0.8507979512214661,0.9898129105567932,1.285577654838562,1.4337525367736816,0.5317004919052124,-0.11610542237758636,-0.4402022957801819,-0.4541192352771759,-0.06355905532836914,-0.03132939338684082
0.8244597315788269,0.7804341912269592,0.7358336448669434,0.8359490633010864,1.0517433881759644,0.9517026543617249,0.889189600944519,1.1350939273834229,1.1836334466934204,0.9128950238227844,0.7205307483673096,0.6891425251960754,0.6856829524040222,0.6230032444000244,0.9100006222724915,0.3868497312068939,0.10738149285316467,0.6707323789596558,1.4079687595367432,1.5716335773468018,0.834404706954956,0.31125596165657043,0.27872681617736816,0.5118892192840576,0.8896392583847046,1.2310866117477417,1.3431681394577026,1.2564936876296997,1.4933526515960693,1.463087558746338,1.9305896759033203,1.8552888631820679,1.3241026401519775,1.6266295909881592,1.8503950834274292,1.605854868888855,1.181056261062622,1.045412540435791,1.105773687362671,1.3969696760177612,1.5436270236968994,1.728402853012085,1.8013380765914917
1.0247151851654053,0.9817453622817993,0.9467676877975464,1.028948187828064,1.1523510217666626,1.353514313697815,1.3658435344696045,1.449277639389038,1.4580405950546265,1.1961702108383179,0.9250485897064209,0.7593304514884949,0.2706402838230133,0.6682190895080566,0.5805308222770691,0.478447824716568,1.298292875289917,1.8662177324295044,1.1434669494628906,0.3850763738155365,-0.20116719603538513,-0.6544079184532166,-0.8727772831916809,-0.4649161994457245,0.2178916484117508,0.6770370006561279,0.6905128955841064,0.8502529859542847,0.73545902967453,0.7344326972961426,1.5521434545516968,1.933626413345337,1.5239977836608887,1.549691081047058,1.5316494703292847,1.1253666877746582,0.745612382888794,0.5686255693435669,0.4285273849964142,0.40644508600234985,0.8035469055175781,1.009375810623169,0.9134442210197449
