demo/sfcwind/1500-wind-surface-level-gfs-1.0.json
{"header": {"productDefinitionTemplate": 0, "surface1Type": 103, "productStatus": 0, "disciplineName": "Meteorological products", "subDivisions": 0, "winds": "true", "parameterNumberName": "U-component_of_wind", "discipline": 0, "surface2Value": 0, "significanceOfRTName": "Start of forecast", "surface2TypeName": "Missing", "surface2Type": 255, "productTypeName": "Forecast products", "dx": 0.024617210030555725, "dy": 0.01798853650689125, "numberPoints": 65160, "productStatusName": "Operational products", "gribEdition": 2, "parameterUnit": "m.s-1", "forecastTime": 0, "refTime": "2020-09-30T13:00:00.000Z", "productType": 1, "genProcessTypeName": "Forecast", "scanMode": 0, "genProcessType": 2, "gribLength": 11338.0, "significanceOfRT": 1, "productDefinitionTemplateName": "Analysis/forecast at horizontal level/layer at a point in time", "centerName": "WRF OUTPUT", "la1": 43.66691207885742, "la2": 42.426788330078125, "lo2": 13.70867919921875, "gridUnits": "degrees", "surface1Value": 10, "shapeName": "Earth spherical with radius of 6,371,229.0 m", "surface1TypeName": "Specified height level above ground", "nx": 70.0, "ny": 70.0, "lo1": 12.008544921875, "basicAngle": 0, "gridDefinitionTemplate": 0, "shape": 6, "parameterNumber": 2, "subcenter": 0, "parameterCategoryName": "Momentum", "parameterCategory": 2, "center": 0, "gridDefinitionTemplateName": "Latitude_Longitude", "resolution": 48}, "data":
[rows 0 to 18 of 70, columns 0 to 42 of 70]
0.9052278995513916,1.178328037261963,1.7879775762557983,2.394765853881836,2.612797260284424,2.7459640502929688,2.6879379749298096,2.3396530151367188,1.871833324432373,1.5195308923721313,1.1773936748504639,0.8573040962219238,0.5632678866386414,0.33970528841018677,0.17010851204395294,0.07677721977233887,0.02429877407848835,0.03839370235800743,0.1026962623000145,0.148023784160614,0.18388047814369202,0.22584417462348938,0.3001311719417572,0.3373446762561798,0.2923007011413574,0.19358104467391968,0.062452107667922974,-0.17308789491653442,-0.43963462114334106,-0.6157916784286499,-0.7520723938941956,-0.8678495287895203,-0.920863151550293,-0.9905274510383606,-1.1461210250854492,-1.3240926265716553,-1.4917773008346558,-1.6765251159667969,-1.839520812034607,-1.9240467548370361,-2.0126070976257324,-2.100109100341797,-2.13120436668396
0.7382876873016357,1.0167738199234009,1.6127612590789795,2.205963373184204,2.5094776153564453,2.6546902656555176,2.64109206199646,2.3771047592163086,2.0420281887054443,1.7775846719741821,1.5556771755218506,1.252344012260437,0.9046019315719604,0.5955795049667358,0.36456266045570374,0.2721047103404999,0.2463013380765915,0.298784464597702,0.4054371118545532,0.4993285834789276,0.5342260003089905,0.49712884426116943,0.46561136841773987,0.41171303391456604,0.3367319405078888,0.24088120460510254,0.1039225310087204,-0.10180171579122543,-0.31766194105148315,-0.49996429681777954,-0.6645613312721252,-0.8078065514564514,-0.8572116494178772,-0.9228958487510681,-1.0742790699005127,-1.265744924545288,-1.4696366786956787,-1.6558184623718262,-1.7984102964401245,-1.8873049020767212,-1.9322092533111572,-1.941741704940796,-1.9418553113937378
0.6623566150665283,0.9800781011581421,1.581452488899231,2.1268537044525146,2.5016090869903564,2.65264892578125,2.709179401397705,2.4696826934814453,2.166952133178711,1.8986388444900513,1.671987771987915,1.4057296514511108,1.0938857793807983,0.7920610904693604,0.5559448599815369,0.4459415078163147,0.4446563422679901,0.5348427295684814,0.6753504276275635,0.7758139371871948,0.8041092753410339,0.7390496134757996,0.6898775100708008,0.6303160786628723,0.5285545587539673,0.3967032730579376,0.2570824921131134,0.08699508756399155,-0.09065204858779907,-0.25605595111846924,-0.42366400361061096,-0.5970751047134399,-0.7465474009513855,-0.9043211340904236,-1.0848249197006226,-1.282052755355835,-1.4704047441482544,-1.6427412033081055,-1.7632718086242676,-1.8357312679290771,-1.8599886894226074,-1.8497426509857178,-1.818960428237915
0.7750399112701416,1.1027884483337402,1.5695511102676392,2.0292763710021973,2.3347721099853516,2.44256591796875,2.393817186355591,2.2617125511169434,2.0829901695251465,1.951942801475525,1.8485512733459473,1.7091935873031616,1.425463080406189,1.0701402425765991,0.7834137678146362,0.6828517913818359,0.7361081838607788,0.9237255454063416,1.0902429819107056,1.2026029825210571,1.1286160945892334,0.9802629947662354,1.0021997690200806,1.1003040075302124,1.0043517351150513,0.7412090301513672,0.5124512314796448,0.3567013144493103,0.21857140958309174,0.06897956877946854,-0.06535729765892029,-0.22514192759990692,-0.4316904544830322,-0.6452932357788086,-0.8733858466148376,-1.1261008977890015,-1.3355095386505127,-1.4812216758728027,-1.581369400024414,-1.6782257556915283,-1.749032735824585,-1.771241307258606,-1.7453505992889404
0.8487575054168701,1.2002977132797241,1.6684519052505493,2.016550064086914,2.208315134048462,2.1107370853424072,1.8209894895553589,1.7528958320617676,1.9139988422393799,2.0844249725341797,2.2022147178649902,2.1376428604125977,1.7018711566925049,1.2880373001098633,1.183645486831665,1.1832219362258911,1.2179203033447266,1.611783742904663,1.9044005870819092,1.9670238494873047,1.5886809825897217,1.103013038635254,1.621192216873169,2.676500082015991,2.708812713623047,1.736043095588684,0.9893845915794373,0.7660490870475769,0.6913391351699829,0.7971829771995544,0.9167951941490173,0.7681978940963745,0.17742927372455597,-0.3420288860797882,-0.7156195640563965,-1.152956485748291,-1.3328909873962402,-1.310560941696167,-1.372843623161316,-1.5832064151763916,-1.682684302330017,-1.760994791984558,-1.8325097560882568
1.2607043981552124,1.6131826639175415,1.9179288148880005,2.2548422813415527,2.237651824951172,1.8463767766952515,1.6783580780029297,1.8570680618286133,2.1688592433929443,2.512584686279297,2.5093109607696533,2.4107770919799805,2.168530225753784,1.8278197050094604,1.442791223526001,1.5459682941436768,1.719272494316101,1.5717060565948486,1.5244077444076538,1.725314974784851,1.8410941362380981,1.810744285583496,2.160688638687134,2.901702880859375,2.879638671875,2.2276768684387207,1.7414627075195312,1.5487099885940552,1.4046776294708252,1.5630649328231812,1.8061625957489014,1.5853127241134644,1.1115694046020508,0.41239142417907715,-0.6224037408828735,-1.0599292516708374,-0.6928552389144897,-0.5217128992080688,-0.8771250247955322,-1.298592209815979,-1.7135438919067383,-1.9639338254928589,-1.9726455211639404
1.4244898557662964,1.7640849351882935,2.007012367248535,2.2568657398223877,2.5032951831817627,2.164567708969116,1.5407073497772217,1.618418574333191,2.0458807945251465,2.1275389194488525,2.068897247314453,1.9446502923965454,1.8875994682312012,2.0411980152130127,1.6412484645843506,1.2976086139678955,1.10886549949646,1.2556161880493164,1.7239149808883667,1.9740831851959229,2.4254348278045654,2.642002820968628,2.3600902557373047,1.7766704559326172,1.1179693937301636,0.7401896119117737,0.708966851234436,0.8780847787857056,1.3782901763916016,2.6320011615753174,3.0791189670562744,2.085540294647217,1.3602544069290161,0.6863865256309509,-0.2474944293498993,-0.5893819332122803,-0.6178008913993835,-1.0007083415985107,-1.3439923524856567,-1.60103178024292,-1.9269113540649414,-2.072645902633667,-2.0277528762817383
1.3111900091171265,1.6267597675323486,1.8881781101226807,2.2688584327697754,2.610212802886963,2.091113805770874,1.298364281654358,1.2114373445510864,1.676271915435791,1.8843355178833008,1.7973270416259766,2.016479253768921,2.1141645908355713,1.9154741764068604,1.7037065029144287,1.4021855592727661,1.1744084358215332,1.239842414855957,1.740198016166687,2.1637067794799805,2.505031108856201,2.6500301361083984,2.440001964569092,1.6392301321029663,1.5007195472717285,1.4916598796844482,0.7843624949455261,0.5814114809036255,1.249420166015625,2.388185739517212,2.6917216777801514,1.7813698053359985,0.9330940246582031,0.29972901940345764,-0.029405832290649414,0.13677608966827393,0.38363417983055115,0.3984418511390686,-0.38246282935142517,-1.3583002090454102,-1.7541718482971191,-1.9325870275497437,-2.015340566635132
1.0621436834335327,1.223055362701416,1.6681441068649292,2.072413206100464,2.4745709896087646,2.1398863792419434,1.4196478128433228,0.9004805088043213,0.9742817878723145,1.512070894241333,1.648149847984314,1.8386121988296509,1.9280617237091064,1.770440936088562,1.6053411960601807,1.6140750646591187,1.5945240259170532,1.5915753841400146,1.859389305114746,2.247098922729492,2.1075422763824463,1.9592610597610474,1.941006064414978,1.8005605936050415,2.5283427238464355,2.4843878746032715,1.4999260902404785,1.638563871383667,2.2133357524871826,2.4493942260742188,2.198513984680176,1.5257666110992432,0.806283175945282,0.3460943102836609,0.5633170008659363,1.077957272529602,1.0262011289596558,1.5928033590316772,1.7575844526290894,0.24375450611114502,-1.0024949312210083,-1.3854314088821411,-1.5569428205490112
0.8979268074035645,0.9913343787193298,1.4688785076141357,1.6348949670791626,1.9031550884246826,2.4201207160949707,1.8503937721252441,0.575374186038971,0.5131617784500122,1.1898995637893677,1.6121472120285034,1.8918797969818115,1.782774567604065,1.7082593441009521,1.629370093345642,1.5795940160751343,1.8849347829818726,2.1011962890625,2.2120394706726074,2.1451849937438965,2.014103889465332,2.055776834487915,1.5410948991775513,1.8294850587844849,2.7866928577423096,2.0669267177581787,1.8055670261383057,2.672670841217041,2.5502893924713135,1.8628959655761719,1.40353524684906,0.935589075088501,0.3519461452960968,0.8249087333679199,1.185361623764038,0.16603639721870422,0.18525871634483337,1.9413974285125732,1.5073957443237305,-0.1632571816444397,-0.6733714938163757,-0.7402423024177551,-0.8130910992622375
0.7405288219451904,0.7723974585533142,1.1273590326309204,1.3396201133728027,1.3972758054733276,2.218618869781494,2.5029919147491455,0.7649617791175842,0.4081316888332367,0.9839949011802673,1.0810651779174805,1.5806961059570312,1.4360246658325195,1.3532904386520386,1.4849859476089478,1.6566290855407715,1.8486807346343994,1.8308440446853638,1.9764355421066284,1.8291168212890625,1.815417766571045,2.376410722732544,2.487833023071289,2.0684010982513428,0.41850075125694275,0.15574219822883606,2.1363613605499268,3.2152771949768066,2.0131473541259766,0.31806623935699463,-0.3856427073478699,-0.5821536183357239,-0.3277561068534851,0.8435284495353699,1.7549164295196533,0.7325405478477478,0.1853119432926178,1.7170404195785522,1.2530401945114136,-0.15201276540756226,-0.6352428793907166,-0.6732326745986938,-1.035637617111206
0.7011857628822327,0.6591005325317383,0.9555575251579285,0.9425671100616455,0.9208565950393677,1.8348809480667114,2.766273260116577,1.7701735496520996,0.37776854634284973,-0.4131793975830078,-0.04088451340794563,1.2114914655685425,1.372945785522461,1.4121758937835693,1.6034787893295288,1.9305499792099,1.851885437965393,1.73951256275177,2.151378631591797,2.085362434387207,1.9465622901916504,2.5656075477600098,2.984304904937744,2.193700075149536,0.6529994606971741,0.23627324402332306,1.3440730571746826,2.8939332962036133,2.6931514739990234,0.011692523956298828,-0.8449763655662537,-0.0737207904458046,0.34942716360092163,0.8303645253181458,1.004186987876892,0.9941900372505188,1.2191216945648193,1.6584985256195068,1.7516441345214844,0.5589950084686279,-0.49944397807121277,-0.7711379528045654,-1.4550416469573975
0.7177573442459106,0.6457744836807251,0.8636178970336914,0.8603566884994507,0.9448084831237793,1.5831278562545776,2.281843662261963,2.0399575233459473,0.38900893926620483,-1.1316165924072266,-0.4747049808502197,1.1678619384765625,1.638024926185608,1.677756428718567,2.097480058670044,2.346418857574463,1.8611574172973633,1.6168763637542725,1.9546704292297363,2.1053380966186523,2.0795042514801025,2.407724618911743,2.4087557792663574,2.4832024574279785,2.143785238265991,1.2971454858779907,1.267006278038025,1.9064610004425049,3.115328788757324,2.351578950881958,0.7940786480903625,0.914551854133606,0.4318888783454895,-0.2012721747159958,0.12103310972452164,0.9296154379844666,1.8656091690063477,2.5229978561401367,2.201730966567993,0.6822851300239563,-0.5890119075775146,-0.9696252942085266,-1.1024295091629028
0.7637138366699219,0.6722938418388367,0.9280744194984436,0.9162818789482117,1.0411043167114258,1.553257942199707,1.9626201391220093,1.5593743324279785,1.013075351715088,0.10101616382598877,-0.40529733896255493,0.8126443028450012,1.587619662284851,1.714132308959961,1.7548103332519531,1.6749228239059448,1.5830192565917969,1.696685791015625,2.0545873641967773,2.328711748123169,2.224553346633911,2.0009145736694336,2.331239938735962,2.7790427207946777,2.713165283203125,2.3277454376220703,2.222562074661255,2.6317431926727295,2.8702447414398193,2.372546434402466,2.2932374477386475,2.9124391078948975,1.2650978565216064,-0.6140663623809814,0.06570615619421005,1.092993974685669,1.9615094661712646,2.310537815093994,1.477836012840271,0.9946293234825134,0.04639345407485962,-1.2440804243087769,-0.8893316984176636
0.9162076115608215,0.8320999145507812,1.0476573705673218,1.0422722101211548,1.0856150388717651,1.603929042816162,1.8449299335479736,0.9228426218032837,0.7416096925735474,0.8811370730400085,0.3583098351955414,0.7833691835403442,1.3656940460205078,1.5342146158218384,1.706215739250183,1.6998622417449951,1.7527869939804077,1.923040509223938,2.1621479988098145,2.267862319946289,2.315643787384033,2.4071810245513916,2.502183198928833,2.5639808177948,2.773238182067871,2.990809202194214,2.9680335521698,2.547616481781006,2.370540142059326,2.355416774749756,2.6192092895507812,3.0861971378326416,2.524658441543579,1.1271331310272217,0.9697768092155457,1.696357011795044,1.419014811515808,0.5054799318313599,0.4720447361469269,1.3674830198287964,1.4723150730133057,1.0865122079849243,0.9181090593338013
1.314350962638855,1.1865748167037964,1.303001046180725,1.3361599445343018,1.0846420526504517,1.073324203491211,1.7483572959899902,1.157328486442566,0.7120017409324646,1.2386270761489868,0.8651697635650635,0.7104401588439941,0.8910170793533325,1.263549566268921,1.6036993265151978,1.5071685314178467,1.5893759727478027,1.9929733276367188,2.2506353855133057,2.1894569396972656,2.1022579669952393,2.2831380367279053,2.365647792816162,2.347956418991089,2.2341930866241455,2.4987401962280273,2.2638235092163086,1.4957170486450195,2.1636202335357666,3.0497357845306396,2.637519598007202,2.0596275329589844,2.167029857635498,1.4538072347640991,0.7602601647377014,1.7935590744018555,1.3617347478866577,-0.2032553106546402,0.4731845557689667,1.4267165660858154,1.3374487161636353,1.744441270828247,1.9890503883361816
1.6346217393875122,1.4926749467849731,1.4481059312820435,1.4636449813842773,1.3652899265289307,1.100717306137085,1.3908696174621582,0.8606746792793274,0.5664018988609314,1.330542802810669,1.2408452033996582,0.7499794363975525,0.8377947211265564,1.3545141220092773,1.3367152214050293,1.3877209424972534,1.9596136808395386,2.234442949295044,1.9076019525527954,1.4991302490234375,1.7384544610977173,2.399834632873535,2.64147686958313,2.464916229248047,2.2402520179748535,2.2826409339904785,2.05000638961792,1.8181114196777344,2.1370744705200195,3.0273725986480713,2.9154257774353027,1.9507704973220825,1.505645513534546,1.2826359272003174,1.2694045305252075,1.8497198820114136,2.40116024017334,2.292463779449463,2.269517660140991,1.866182804107666,1.4138076305389404,2.137033700942993,1.730806589126587
1.891582727432251,1.7193504571914673,1.5474921464920044,1.4234157800674438,1.4850603342056274,1.3560082912445068,1.1006981134414673,0.6207988262176514,0.6692589521408081,1.1841025352478027,1.0857772827148438,0.5872595310211182,0.9522245526313782,1.2811622619628906,1.0341845750808716,1.7126643657684326,2.0045719146728516,1.5294102430343628,1.3058724403381348,1.7493976354599,2.158074378967285,2.2923290729522705,2.4099621772766113,2.512083053588867,2.4249205589294434,2.2936935424804688,2.109529733657837,1.8408299684524536,1.905699610710144,2.7570853233337402,3.5711817741394043,3.0884835720062256,2.1775083541870117,2.0854711532592773,2.416210651397705,2.643282413482666,2.6274824142456055,2.3738114833831787,2.7613062858581543,2.79363751411438,2.0071988105773926,2.0472092628479004,2.7764365673065186
2.0261831283569336,1.7739092111587524,1.5385867357254028,1.384174108505249,1.3663482666015625,1.2677305936813354,1.0204399824142456,0.7121763229370117,0.8330079913139343,1.1793924570083618,1.1379590034484863,0.7483125925064087,0.9346560835838318,1.061725378036499,1.3523077964782715,1.8531973361968994,1.5666104555130005,1.3461002111434937,1.7635602951049805,2.428616523742676,2.5129122734069824,2.182624101638794,2.3097314834594727,2.6190288066864014,2.8291850090026855,2.746778964996338,2.3951892852783203,2.1810965538024902,2.254917621612549,2.591686964035034,3.092536449432373,3.248567819595337,2.7435407638549805,2.366382598876953,2.6762657165527344,2.9177613258361816,2.8675665855407715,2.579909086227417,2.8448874950408936,2.5271198749542236,1.2529743909835815,1.087597370147705,2.752568244934082
