demo/sfcwind/1600-wind-surface-level-gfs-1.0.json
{"header": {"productDefinitionTemplate": 0, "surface1Type": 103, "productStatus": 0, "disciplineName": "Meteorological products", "subDivisions": 0, "winds": "true", "parameterNumberName": "U-component_of_wind", "discipline": 0, "surface2Value": 0, "significanceOfRTName": "Start of forecast", "surface2TypeName": "Missing", "surface2Type": 255, "productTypeName": "Forecast products", "dx": 0.024617210030555725, "dy": 0.01798853650689125, "numberPoints": 65160, "productStatusName": "Operational products", "gribEdition": 2, "parameterUnit": "m.s-1", "forecastTime": 0, "refTime": "2020-09-30T14:00:00.000Z", "productType": 1, "genProcessTypeName": "Forecast", "scanMode": 0, "genProcessType": 2, "gribLength": 11338.0, "significanceOfRT": 1, "productDefinitionTemplateName": "Analysis/forecast at horizontal level/layer at a point in time", "centerName": "WRF OUTPUT", "la1": 43.66691207885742, "la2": 42.426788330078125, "lo2": 13.70867919921875, "gridUnits": "degrees", "surface1Value": 10, "shapeName": "Earth spherical with radius of 6,371,229.0 m", "surface1TypeName": "Specified height level above ground", "nx": 70.0, "ny": 70.0, "lo1": 12.008544921875, "basicAngle": 0, "gridDefinitionTemplate": 0, "shape": 6, "parameterNumber": 2, "subcenter": 0, "parameterCategoryName": "Momentum", "parameterCategory": 2, "center": 0, "gridDefinitionTemplateName": "Latitude_Longitude", "resolution": 48}, "data":
[rows 38 to 56 of 70, columns 0 to 42 of 70]
-0.20337755978107452,0.05659586191177368,0.6248550415039062,1.1175624132156372,1.2100415229797363,0.8542259335517883,0.68642657995224,0.5652146339416504,-0.2605581283569336,-0.575776219367981,0.23482239246368408,0.65671706199646,0.8595007061958313,1.7714025974273682,0.9917216300964355,-0.2237388640642166,0.66056227684021,1.5671766996383667,1.526343822479248,1.1167120933532715,0.17797863483428955,-0.9019661545753479,-0.8707249760627747,-0.10893866419792175,0.8396843671798706,1.807982325553894,1.9440069198608398,1.389652967453003,1.6198630332946777,1.7799289226531982,1.6790533065795898,2.3346474170684814,2.4247446060180664,2.2824347019195557,2.3799262046813965,2.654661178588867,2.8553717136383057,2.8437905311584473,3.1634697914123535,3.2773332595825195,3.2786874771118164,2.6000890731811523,0.07178982347249985
0.02438426949083805,0.25465503334999084,0.7358337044715881,1.0035057067871094,1.0457358360290527,0.9530827403068542,0.7817614078521729,0.6425395011901855,0.14603908360004425,-0.22096100449562073,0.11412014812231064,0.16957508027553558,0.8070447444915771,1.8132826089859009,0.4194469451904297,-0.4247888922691345,0.904209554195404,1.5363141298294067,0.8985356688499451,0.2532604932785034,0.797399640083313,0.011512339115142822,-1.0615392923355103,-0.14555513858795166,0.8603065013885498,1.7025854587554932,1.8410204648971558,1.5266088247299194,1.3275727033615112,0.8568018078804016,1.3055799007415771,2.343219518661499,2.420459747314453,2.2515759468078613,2.244718551635742,2.4677579402923584,2.6438660621643066,2.7414612770080566,2.982954502105713,3.1661877632141113,3.292819023132324,2.19006085395813,-0.6646261811256409
0.34678781032562256,0.48034852743148804,0.8006808161735535,0.6746541261672974,0.7203046083450317,1.1212748289108276,1.563156247138977,1.5798616409301758,0.43572571873664856,0.10957412421703339,0.7324479222297668,-0.21193771064281464,0.2775670886039734,1.9203675985336304,0.6939836740493774,-0.20084397494792938,0.9419282674789429,1.281065583229065,0.43413060903549194,-0.24191279709339142,1.1277638673782349,1.3135708570480347,-0.578117311000824,-0.44767865538597107,0.8699991703033447,1.7655029296875,1.694504737854004,1.2385709285736084,0.6904118657112122,0.17249609529972076,1.1222953796386719,2.2250728607177734,2.480295181274414,2.746703624725342,2.2887930870056152,1.6587061882019043,2.1177496910095215,2.427269697189331,2.560392141342163,3.0142147541046143,3.0373764038085938,2.8655757904052734,1.9820351600646973
0.6591092944145203,0.7412854433059692,0.9238095879554749,0.646484911441803,0.6233546137809753,0.9982858896255493,1.5485703945159912,2.0997049808502197,0.8845654726028442,0.2015579342842102,0.9977942109107971,-0.30305370688438416,-0.2766514718532562,1.7350444793701172,1.1172395944595337,0.028639908879995346,0.8963525891304016,1.3011493682861328,0.9135769009590149,0.32794949412345886,0.512850821018219,1.3608777523040771,0.4212437570095062,-0.40630507469177246,0.5518097877502441,1.4059998989105225,0.9792459607124329,0.6851322054862976,0.10932733863592148,-0.42508646845817566,0.5143465995788574,1.5715657472610474,2.1538584232330322,2.6542294025421143,2.617845058441162,2.0743844509124756,1.8922028541564941,2.0470237731933594,2.3616936206817627,2.6650407314300537,2.607576608657837,2.040055751800537,1.8450754880905151
0.9013582468032837,0.9497209787368774,1.0732923746109009,1.122437596321106,1.198508381843567,1.0884162187576294,1.0400694608688354,1.4346131086349487,0.8223141431808472,0.32523927092552185,0.9315892457962036,-0.13009889423847198,-0.5362169146537781,1.1281427145004272,0.833354651927948,-0.07828593254089355,0.9956488609313965,1.4093284606933594,1.3468677997589111,0.7513545751571655,-0.18698465824127197,0.3064125180244446,0.860647439956665,0.5704407691955566,0.49476176500320435,1.0355948209762573,1.0453282594680786,0.47639599442481995,-0.45717373490333557,-0.8527316451072693,-0.09188266098499298,1.2081801891326904,2.58500599861145,3.0439834594726562,2.8393971920013428,2.0918915271759033,1.778333306312561,1.7861992120742798,1.7458456754684448,2.227994680404663,1.949711561203003,1.0321197509765625,1.4769222736358643
1.1256126165390015,1.1744599342346191,1.1681873798370361,1.3853874206542969,1.4049304723739624,1.4402501583099365,1.0306556224822998,0.9749045372009277,1.280215859413147,0.9385558366775513,1.2124379873275757,0.7339155673980713,0.1528186947107315,0.61582350730896,-0.15008899569511414,-0.30405130982398987,0.9515933394432068,1.3629432916641235,1.5779550075531006,0.9339087009429932,-0.4243364632129669,-0.28963616490364075,0.1056564599275589,0.4274970591068268,0.9101232886314392,1.004368782043457,1.2789669036865234,0.45300522446632385,-1.0025914907455444,-1.2609856128692627,-0.3280503749847412,1.3779451847076416,2.972743034362793,3.285370349884033,2.1267082691192627,0.9947462677955627,1.0086723566055298,0.7929434180259705,1.2096859216690063,2.11570143699646,1.6562402248382568,1.1675161123275757,2.1098551750183105
1.236250400543213,1.2523237466812134,1.2118333578109741,1.2605011463165283,1.184780240058899,1.126635193824768,0.8310781717300415,1.0363554954528809,1.9036328792572021,1.6779013872146606,1.1706568002700806,1.1991429328918457,0.6536540985107422,0.10674762725830078,-0.3147684335708618,-0.17918118834495544,0.7239376902580261,1.476661205291748,1.977878451347351,1.4685536623001099,0.041058775037527084,-0.6863587498664856,-0.6120947003364563,-0.28173360228538513,0.2830635607242584,0.7679470181465149,1.1961607933044434,1.2509113550186157,-0.09063667804002762,-1.470142126083374,-0.49261170625686646,1.8219807147979736,3.0427427291870117,2.6226820945739746,1.728228211402893,1.483841061592102,1.3022197484970093,0.623924732208252,0.8103355765342712,1.5971050262451172,1.7921115159988403,1.9582477807998657,2.3634986877441406
1.2939058542251587,1.3212448358535767,1.2977588176727295,1.1241377592086792,1.1256376504898071,0.9909713268280029,0.6661713719367981,1.0763767957687378,1.9906290769577026,2.1060688495635986,1.3164165019989014,0.46144405007362366,-0.30674195289611816,0.13495902717113495,0.6957007646560669,-0.08625500649213791,0.26439544558525085,1.4387352466583252,2.1366589069366455,1.7404507398605347,0.3125837445259094,-0.8809292316436768,-0.8324217200279236,-0.5088350176811218,-0.5467398166656494,0.3709776699542999,1.1472517251968384,1.4745090007781982,0.9188799858093262,-1.0357486009597778,-0.8039951324462891,1.5827741622924805,2.467737913131714,1.6720573902130127,1.802940845489502,2.5734026432037354,1.876574993133545,0.5854949951171875,0.7872756719589233,1.7997733354568481,2.586333990097046,2.9461498260498047,2.8612868785858154
1.3109440803527832,1.3424040079116821,1.352310299873352,1.5203644037246704,1.4097638130187988,1.1413815021514893,0.9830425977706909,1.0936185121536255,1.4711846113204956,2.0714049339294434,1.5812921524047852,-0.6908082962036133,-0.5871677398681641,1.0496536493301392,0.6799537539482117,-0.3979327380657196,0.27163776755332947,1.6604948043823242,2.3674590587615967,1.814060926437378,0.785186231136322,0.25116345286369324,-0.6433767080307007,-0.7581008076667786,-0.4024348855018616,0.3647426664829254,1.2410272359848022,1.4435064792633057,1.0196658372879028,-0.561346173286438,-0.8834176063537598,0.8116908073425293,1.744248867034912,1.5116190910339355,2.2175304889678955,3.3540072441101074,2.1646437644958496,0.5254376530647278,0.9813387989997864,2.3421630859375,2.9705331325531006,3.1669118404388428,2.995964527130127
1.4628920555114746,1.4903165102005005,1.3438925743103027,1.3232868909835815,1.2471387386322021,1.300276756286621,1.2500478029251099,1.3691736459732056,1.6445831060409546,1.8628630638122559,1.5033475160598755,-0.12568584084510803,-0.03181743621826172,0.9571923613548279,-0.20211894810199738,-0.8599044680595398,0.671755850315094,1.8864845037460327,2.4520423412323,2.2366931438446045,0.7248135209083557,0.5187858939170837,0.45649346709251404,-0.41364869475364685,-0.47273850440979004,0.06265150010585785,0.8514631390571594,1.1597814559936523,1.2696573734283447,0.4573490023612976,-0.325671523809433,0.1420651525259018,1.1077440977096558,1.5221084356307983,2.7715137004852295,3.1212263107299805,1.4082270860671997,0.8290340304374695,1.8038429021835327,2.7677669525146484,3.408506393432617,3.489572048187256,2.9456706047058105
1.5829020738601685,1.6220544576644897,1.3894072771072388,1.2332745790481567,1.190865397453308,1.5265990495681763,1.7554532289505005,1.826641321182251,2.016602039337158,1.6839491128921509,0.23360025882720947,0.12589167058467865,1.215848445892334,0.40129441022872925,-1.1306380033493042,-0.5504689812660217,1.300477385520935,1.9089148044586182,2.38187575340271,2.5421416759490967,0.7786638736724854,-0.11385951936244965,1.3298240900039673,0.5933251976966858,-0.7757602334022522,0.11410361528396606,0.8061901330947876,1.0816936492919922,1.5475050210952759,1.228800654411316,0.47692248225212097,0.22136372327804565,0.9078375101089478,1.9759942293167114,2.5279080867767334,2.2180800437927246,1.5829659700393677,1.9918607473373413,2.659959316253662,2.889193534851074,3.3971543312072754,3.680136203765869,3.565082311630249
1.5133349895477295,1.4687161445617676,1.3171257972717285,1.15567147731781,1.2951103448867798,1.7996724843978882,1.9800766706466675,2.064298391342163,2.477649211883545,1.5160048007965088,0.16317220032215118,0.6442220211029053,0.6129218935966492,-0.35635000467300415,-0.6578168869018555,0.4837903082370758,1.8637878894805908,2.009207010269165,2.1063010692596436,2.6041629314422607,1.249811053276062,-0.22639217972755432,1.3273499011993408,1.4212658405303955,-0.54185551404953,-0.26065245270729065,0.5629158020019531,0.5687212944030762,1.336706280708313,1.6362202167510986,1.3634973764419556,1.228872299194336,1.7543110847473145,2.806973457336426,1.8915648460388184,0.7729418277740479,1.8525817394256592,2.83988881111145,2.9762234687805176,2.9152917861938477,2.9059720039367676,3.105623483657837,3.2420389652252197
1.585607647895813,1.5030162334442139,1.3140560388565063,1.27638578414917,1.5414628982543945,1.640811562538147,1.3061482906341553,1.4672932624816895,2.1169066429138184,0.986666738986969,-0.08785225450992584,0.6288794279098511,0.3131665885448456,0.030165648087859154,0.5533351302146912,1.2980668544769287,2.12451171875,2.165140390396118,2.015889883041382,2.4700896739959717,1.8742440938949585,0.3586052358150482,0.7528595328330994,1.8377883434295654,0.17822140455245972,-0.7816689610481262,-0.041801732033491135,-0.15445837378501892,0.7205387949943542,1.7897590398788452,2.014535427093506,1.5087580680847168,1.8509820699691772,2.3609659671783447,1.0733014345169067,0.9106072187423706,2.8907172679901123,3.5596723556518555,3.5335888862609863,3.3888232707977295,3.2387735843658447,2.9100911617279053,3.029353380203247
1.5882129669189453,1.4891314506530762,1.3703315258026123,1.3540915250778198,1.5213497877120972,1.629419207572937,1.6240335702896118,1.7197052240371704,1.4659900665283203,-0.03210308402776718,-0.29034093022346497,0.8641391396522522,0.811516284942627,1.0426286458969116,1.6136623620986938,1.823620080947876,2.09102725982666,2.0385425090789795,1.8925167322158813,1.951899766921997,1.5106652975082397,0.4666195511817932,0.28210365772247314,1.4397834539413452,1.7088370323181152,0.8304328918457031,0.4605447053909302,0.5707094073295593,1.2343460321426392,2.2036848068237305,2.211592435836792,1.4749767780303955,1.5054574012756348,0.9404350519180298,0.23256047070026398,1.76582932472229,3.608750343322754,4.118618965148926,3.821667194366455,3.6078498363494873,2.8140437602996826,1.7876243591308594,2.387667655944824
1.7558292150497437,1.6776747703552246,1.4781404733657837,1.604170560836792,1.6396009922027588,1.56172513961792,1.5169198513031006,1.4863550662994385,1.3657678365707397,0.5677187442779541,0.7864781618118286,1.7503163814544678,1.4801499843597412,1.2915388345718384,1.679455041885376,1.587803602218628,1.3508849143981934,1.0831923484802246,1.2247601747512817,1.1654552221298218,0.8352688550949097,0.31421399116516113,-0.047640517354011536,0.799540102481842,1.8149693012237549,2.1677088737487793,2.262741804122925,2.0162253379821777,1.741159200668335,1.907616138458252,1.6548551321029663,1.3610903024673462,0.8961441516876221,-0.3749130964279175,0.050877153873443604,2.6841771602630615,4.108017921447754,3.2118232250213623,2.181171417236328,1.7824513912200928,0.5780664682388306,-0.19906499981880188,0.7925779819488525
1.6939219236373901,1.6262905597686768,1.5356816053390503,1.458855390548706,1.4018704891204834,1.2712867259979248,1.2184327840805054,1.352017879486084,1.7767524719238281,1.980727195739746,2.4150984287261963,3.0697569847106934,2.1928536891937256,1.2866334915161133,0.8291659951210022,0.5533408522605896,0.9212266206741333,1.2800854444503784,1.3878253698349,1.087671160697937,0.6376962065696716,0.062447961419820786,0.08264929801225662,1.188396692276001,2.0560951232910156,2.19524884223938,2.140787363052368,1.805482029914856,1.211313247680664,1.652919054031372,1.6311149597167969,1.223104476928711,0.6367653608322144,-0.04811237007379532,0.5478840470314026,2.169908285140991,3.501767873764038,3.1995816230773926,2.018062114715576,1.1613706350326538,1.0484644174575806,0.7801276445388794,0.42606234550476074
1.7231190204620361,1.6571098566055298,1.5284245014190674,1.0725276470184326,0.8963394165039062,1.1637576818466187,1.5287272930145264,1.704581618309021,1.8727869987487793,2.0459702014923096,2.2174034118652344,2.5186052322387695,2.1713716983795166,0.9830223321914673,-0.4051925241947174,0.08104430139064789,1.963626503944397,2.330108880996704,1.5961673259735107,1.3600918054580688,0.7196574807167053,-0.14814002811908722,0.3852589428424835,1.4992187023162842,1.9702119827270508,1.8495912551879883,1.8941763639450073,1.8120511770248413,0.6008237600326538,0.4795335531234741,1.4834424257278442,0.9472848773002625,-0.18445101380348206,-0.23211751878261566,0.6775927543640137,1.7363165616989136,2.6962525844573975,2.974936008453369,2.224156379699707,1.0894348621368408,1.320667028427124,1.6663541793823242,1.1534734964370728
1.979173183441162,1.8732805252075195,1.5853123664855957,1.007043719291687,0.5894284248352051,0.8987742066383362,1.6333398818969727,1.9150093793869019,1.5269501209259033,1.257405400276184,1.5178987979888916,1.7484990358352661,1.7285809516906738,0.40317636728286743,-1.3490697145462036,-0.12195079028606415,2.3473408222198486,2.7205371856689453,1.8403985500335693,1.3296966552734375,0.6081997752189636,-0.1594534069299698,0.47761139273643494,1.936734914779663,2.1208174228668213,0.889175295829773,0.8211875557899475,1.5040667057037354,0.5846792459487915,-0.10236748307943344,0.8029630780220032,0.9985700845718384,0.08910629898309708,-0.4543500244617462,0.5865964889526367,1.9101648330688477,2.530395269393921,2.7209720611572266,2.011910915374756,1.4239822626113892,1.9082530736923218,2.6401960849761963,2.378758668899536
2.0176303386688232,1.9285606145858765,1.6903985738754272,1.366323709487915,1.066793441772461,0.9135228991508484,1.1929203271865845,1.443760633468628,1.159359097480774,0.941608726978302,0.9499498605728149,1.1267896890640259,1.123059630393982,0.7442805767059326,-0.7465689778327942,-0.4508045017719269,1.733072280883789,2.553236246109009,2.4832630157470703,1.7323083877563477,0.5482327938079834,-0.13621412217617035,0.6590778231620789,2.0110342502593994,1.6672472953796387,0.020685981959104538,0.40609925985336304,1.7112724781036377,0.7756184935569763,-0.13261978328227997,0.5111925005912781,1.3233009576797485,1.0750371217727661,0.3000681698322296,0.7852882742881775,1.9362314939498901,2.84415340423584,2.847555160522461,2.395350933074951,2.265108823776245,2.840630054473877,3.2118606567382812,2.8977229595184326
