demo/sfcwind/1600-wind-surface-level-gfs-1.0.json
{"header": {"productDefinitionTemplate": 0, "surface1Type": 103, "productStatus": 0, "disciplineName": "Meteorological products", "subDivisions": 0, "winds": "true", "parameterNumberName": "U-component_of_wind", "discipline": 0, "surface2Value": 0, "significanceOfRTName": "Start of forecast", "surface2TypeName": "Missing", "surface2Type": 255, "productTypeName": "Forecast products", "dx": 0.024617210030555725, "dy": 0.01798853650689125, "numberPoints": 65160, "productStatusName": "Operational products", "gribEdition": 2, "parameterUnit": "m.s-1", "forecastTime": 0, "refTime": "2020-09-30T14:00:00.000Z", "productType": 1, "genProcessTypeName": "Forecast", "scanMode": 0, "genProcessType": 2, "gribLength": 11338.0, "significanceOfRT": 1, "productDefinitionTemplateName": "Analysis/forecast at horizontal level/layer at a point in time", "centerName": "WRF OUTPUT", "la1": 43.66691207885742, "la2": 42.426788330078125, "lo2": 13.70867919921875, "gridUnits": "degrees", "surface1Value": 10, "shapeName": "Earth spherical with radius of 6,371,229.0 m", "surface1TypeName": "Specified height level above ground", "nx": 70.0, "ny": 70.0, "lo1": 12.008544921875, "basicAngle": 0, "gridDefinitionTemplate": 0, "shape": 6, "parameterNumber": 2, "subcenter": 0, "parameterCategoryName": "Momentum", "parameterCategory": 2, "center": 0, "gridDefinitionTemplateName": "Latitude_Longitude", "resolution": 48}, "data":
[rows 19 to 37 of 70, columns 0 to 42 of 70]
2.478050947189331,2.266777753829956,1.844313621520996,1.4322463274002075,1.2318528890609741,1.12108314037323,0.8635492324829102,0.5070907473564148,0.8135257363319397,1.1406068801879883,1.1692637205123901,1.2984840869903564,1.2797969579696655,1.336108684539795,1.80546236038208,1.723198652267456,1.3728554248809814,1.6438803672790527,1.951966643333435,2.136608362197876,2.2341551780700684,2.134232521057129,1.8829768896102905,1.7376234531402588,2.0133495330810547,2.480555772781372,2.5452919006347656,2.3496289253234863,2.025782346725464,1.8507750034332275,2.449601173400879,3.307722568511963,3.1317381858825684,2.688413619995117,2.8276915550231934,2.923002004623413,2.8251101970672607,3.0651543140411377,3.3167777061462402,3.0035197734832764,2.250363349914551,1.8679388761520386,2.5674009323120117
2.458932638168335,2.272547483444214,1.898698091506958,1.461130142211914,1.275655746459961,1.03759765625,0.6822421550750732,0.6740402579307556,1.0565290451049805,0.9025570750236511,1.0416892766952515,1.7414567470550537,1.7343947887420654,1.5648839473724365,1.673694133758545,1.6951789855957031,1.7495468854904175,1.781044602394104,1.7162024974822998,1.748331069946289,2.1016836166381836,2.0964324474334717,1.7044914960861206,1.5729303359985352,1.8161295652389526,2.0125033855438232,2.2132153511047363,2.2970762252807617,2.16504168510437,2.136260747909546,2.5190062522888184,3.079939603805542,3.0956413745880127,2.8286800384521484,2.6862316131591797,2.9354093074798584,2.9781179428100586,2.9307401180267334,3.077869415283203,3.137070655822754,2.5446319580078125,2.02156138420105,2.2207658290863037
2.4865827560424805,2.3103649616241455,1.8685439825057983,1.2829028367996216,1.0635052919387817,0.7901637554168701,0.5578818917274475,0.8358566164970398,0.9084203839302063,0.8054280877113342,1.3843698501586914,2.2395880222320557,2.371724843978882,2.030961513519287,1.6309140920639038,1.4149984121322632,1.5358731746673584,1.369171142578125,1.3516499996185303,1.7674143314361572,1.8241945505142212,1.6174019575119019,1.5928443670272827,1.7980759143829346,1.96709144115448,1.8429436683654785,1.835715651512146,2.0687577724456787,2.0376243591308594,2.1057562828063965,2.4342713356018066,3.0591726303100586,3.206934928894043,2.950324773788452,2.9502203464508057,3.4899301528930664,3.2054271697998047,2.945175886154175,3.0282480716705322,3.2056596279144287,2.815448522567749,2.158165454864502,1.9043278694152832
2.574538230895996,2.419464588165283,1.7925206422805786,1.1438038349151611,0.7551347017288208,0.5357171893119812,0.8010261058807373,0.9014708995819092,0.6460626721382141,1.2168033123016357,1.9468388557434082,1.8792564868927002,1.6695663928985596,1.4677088260650635,1.3600884675979614,1.0191956758499146,0.6561557054519653,0.9708399772644043,1.5078173875808716,1.6872749328613281,1.7880288362503052,1.7061740159988403,1.6308815479278564,1.6191833019256592,1.5177903175354004,1.59676194190979,1.7030150890350342,1.9698439836502075,2.2994601726531982,2.278956890106201,2.376084566116333,2.9159796237945557,3.582214832305908,3.4734394550323486,2.9837043285369873,3.0790655612945557,3.022937774658203,2.8899729251861572,2.7748444080352783,2.783195972442627,2.6089134216308594,1.740858793258667,1.4039384126663208
2.5249438285827637,2.3289921283721924,1.5560898780822754,0.8064419627189636,0.32136794924736023,0.5288181900978088,1.0744516849517822,0.6962082982063293,0.4505520462989807,1.5010499954223633,1.9277172088623047,1.557400107383728,1.5000336170196533,1.5465788841247559,1.6842970848083496,0.836789071559906,0.056907329708337784,0.6949637532234192,1.2383196353912354,1.4986878633499146,1.7493839263916016,1.7541249990463257,1.6791883707046509,1.7697588205337524,1.791844129562378,1.749498963356018,1.6843986511230469,2.012418270111084,2.420656204223633,2.2507991790771484,2.296715497970581,2.2530429363250732,2.764475107192993,3.1349496841430664,2.7765774726867676,2.7665810585021973,2.782177209854126,2.5718696117401123,2.123790979385376,1.1865218877792358,0.8879849910736084,0.7770610451698303,0.7836934924125671
2.396655321121216,2.1342556476593018,1.1944925785064697,0.17951726913452148,-0.08644887804985046,0.8150821328163147,1.1535519361495972,0.4915270507335663,0.49784043431282043,1.4180617332458496,1.7193138599395752,1.6609238386154175,1.722394585609436,1.7591931819915771,2.0232014656066895,0.9145044088363647,-0.23755769431591034,0.5601741671562195,1.551318883895874,1.9191070795059204,1.8172073364257812,1.5599125623703003,1.5569370985031128,1.6517146825790405,1.8587839603424072,2.0628204345703125,1.996444821357727,1.9934152364730835,2.12058424949646,2.10829496383667,2.4775454998016357,2.212116003036499,2.5729305744171143,3.7019476890563965,3.521498680114746,2.87760329246521,2.8381118774414062,2.309359312057495,2.17132568359375,1.3659110069274902,0.7415655255317688,0.9953932166099548,0.9200329780578613
2.3883779048919678,2.0326220989227295,0.68680340051651,-0.7099504470825195,-0.5890465378761292,0.7474750876426697,0.8222774267196655,0.45204976201057434,0.8856369256973267,1.7212483882904053,1.9044411182403564,1.9703072309494019,2.082916498184204,2.286860704421997,2.2139675617218018,0.5639210343360901,-0.5890427231788635,0.5412682890892029,1.7442313432693481,1.871529221534729,1.289933443069458,1.2313538789749146,1.6406092643737793,1.6005940437316895,1.534570336341858,1.9292078018188477,1.9082432985305786,1.8353631496429443,2.270026206970215,2.6408135890960693,2.762049436569214,2.2430922985076904,2.399362802505493,3.5119690895080566,3.144462823867798,2.339123487472534,2.4251890182495117,2.017080068588257,2.427781105041504,2.7703592777252197,1.4865367412567139,0.6178221106529236,0.5917013883590698
2.221980571746826,1.8510329723358154,0.2402244657278061,-1.5492969751358032,-1.343787670135498,-0.3653416335582733,-0.1672978699207306,0.751271665096283,1.4931344985961914,1.8326716423034668,2.0242550373077393,1.932992696762085,1.7939107418060303,2.046541452407837,2.432386875152588,1.0270731449127197,-0.5167718529701233,0.3322824239730835,1.1027638912200928,1.1335746049880981,1.1525434255599976,1.3569591045379639,1.6313506364822388,1.6149425506591797,1.4618732929229736,1.742340087890625,1.9288069009780884,2.0610575675964355,2.2984671592712402,2.488252639770508,2.586239814758301,2.2430598735809326,2.382166862487793,3.539609909057617,3.293267250061035,2.7860641479492188,2.69295597076416,2.5267112255096436,2.6877102851867676,3.61885404586792,2.723693370819092,0.6118098497390747,0.21962039172649384
1.9790457487106323,1.6539382934570312,0.08327987045049667,-1.676030158996582,-1.993884801864624,-1.5000919103622437,-1.028200626373291,0.4781874418258667,1.6970419883728027,2.0090577602386475,2.131998062133789,2.1216328144073486,2.0160391330718994,2.2374985218048096,2.711740493774414,2.145688772201538,0.414139062166214,-0.23081916570663452,0.5966454744338989,1.08977210521698,1.0163002014160156,1.2178038358688354,1.633103370666504,1.5094001293182373,1.3561493158340454,1.6833182573318481,2.084900140762329,2.293208599090576,2.493330717086792,2.790255546569824,2.761262893676758,2.45489239692688,2.5650057792663574,2.9102160930633545,3.010878324508667,2.866694688796997,2.748581886291504,2.572874069213867,2.631256341934204,3.227461338043213,3.116551637649536,1.549997329711914,0.4483894407749176
1.7497568130493164,1.5499653816223145,0.02554348111152649,-1.4802322387695312,-1.6059352159500122,-1.1888518333435059,-0.8683626651763916,0.5435689091682434,1.6329028606414795,2.0194242000579834,2.253875255584717,2.285801649093628,2.1720361709594727,2.275956153869629,2.3438096046447754,2.492088556289673,1.5824542045593262,0.4093589186668396,0.45029836893081665,0.5920058488845825,0.8149935007095337,1.2563403844833374,1.4685919284820557,1.3786507844924927,1.510483980178833,1.8913793563842773,2.3674354553222656,2.607710838317871,2.479680061340332,2.56341814994812,2.7487075328826904,2.4349653720855713,2.553463935852051,3.117262601852417,3.2164182662963867,2.968442678451538,3.0496137142181396,2.8565006256103516,2.893747329711914,3.1564066410064697,3.421146869659424,2.442291498184204,1.1032050848007202
1.1628121137619019,0.9860314130783081,-0.1899784505367279,-1.389547348022461,-1.438127875328064,-0.8662917017936707,-0.44248858094215393,0.8117220997810364,1.7079607248306274,1.9992210865020752,2.044247627258301,2.0824973583221436,2.2325363159179688,2.1163783073425293,1.9929922819137573,2.058030605316162,1.750562310218811,1.1061701774597168,0.6993589401245117,0.6920107007026672,0.9576818346977234,1.0899674892425537,1.0623822212219238,1.4552147388458252,1.9315147399902344,2.091744899749756,2.2215843200683594,2.3540053367614746,2.2878928184509277,2.367126941680908,2.069833755493164,1.110322117805481,1.2973154783248901,2.5562195777893066,2.494868516921997,1.778273582458496,2.493381977081299,3.1943864822387695,2.712345838546753,2.5898818969726562,3.0242133140563965,2.530470132827759,1.0946439504623413
0.20900942385196686,0.11831412464380264,-0.33207967877388,-1.2518881559371948,-1.271131157875061,-0.5325658321380615,0.0023288317024707794,1.1352390050888062,1.9170873165130615,1.8619962930679321,1.3612641096115112,1.5506525039672852,2.1503899097442627,1.9718527793884277,1.5467138290405273,1.44983971118927,1.059267282485962,0.491669237613678,0.6377730369567871,0.8583323359489441,0.9957149624824524,1.1126359701156616,1.2232983112335205,1.8532918691635132,2.0524094104766846,2.1021809577941895,1.9106677770614624,1.4093906879425049,1.5418790578842163,2.046752691268921,1.754762887954712,0.6877686977386475,0.9541205167770386,2.2582952976226807,2.613208770751953,2.252866506576538,2.5029842853546143,3.156388998031616,3.366569757461548,3.32031512260437,3.2184717655181885,2.093449354171753,0.2958056926727295
-0.364889919757843,-0.3617789149284363,-0.28568583726882935,-0.9333622455596924,-1.0305606126785278,-0.25164172053337097,0.21758301556110382,1.1330325603485107,1.8493987321853638,1.391646146774292,0.5211304426193237,0.7324671745300293,1.7859631776809692,1.7406702041625977,1.4555898904800415,1.369346261024475,1.290940284729004,0.7416560053825378,0.601712703704834,0.9821256399154663,1.1790231466293335,1.4824559688568115,1.5408077239990234,1.951067328453064,1.9105021953582764,1.612727165222168,1.4769008159637451,1.372801423072815,1.8044533729553223,2.286205768585205,1.7920982837677002,0.978695273399353,1.5472466945648193,2.3581838607788086,2.457641839981079,2.6313180923461914,2.8899993896484375,3.0431337356567383,2.9772562980651855,3.427518844604492,2.824207305908203,0.24357743561267853,-0.8416923880577087
-0.5843284130096436,-0.42044970393180847,-0.006155603099614382,-0.10649994015693665,-0.6361618638038635,-0.5145306587219238,0.4967852532863617,1.2143033742904663,1.1918367147445679,0.6794223785400391,-0.044231608510017395,0.4243846535682678,0.993242621421814,1.3690732717514038,1.7398940324783325,1.4914250373840332,1.3011654615402222,0.7625864148139954,0.6920439600944519,1.2416073083877563,1.5119588375091553,1.8575170040130615,1.8643478155136108,1.7899274826049805,1.6530187129974365,1.5455236434936523,1.9239767789840698,2.0414209365844727,2.2651548385620117,2.131021022796631,1.004607915878296,0.8585386276245117,1.9364415407180786,2.519719123840332,2.7175490856170654,3.1574041843414307,3.5655860900878906,3.2362208366394043,2.6265482902526855,2.730668067932129,2.1963980197906494,-0.33724743127822876,-1.0580105781555176
-0.6576153635978699,-0.4759555757045746,0.1501513570547104,0.909537136554718,0.8009316921234131,-0.007905791513621807,0.6723231077194214,1.200188398361206,0.0003268246364314109,-0.17569175362586975,0.9350888729095459,0.947839081287384,0.776884913444519,1.394700050354004,1.3155511617660522,1.3257396221160889,1.0090121030807495,0.6875090599060059,1.168914794921875,1.637606143951416,1.6756161451339722,1.5639954805374146,1.333706021308899,1.1853545904159546,1.246131420135498,1.1789518594741821,2.1286704540252686,2.7597177028656006,1.5136953592300415,0.11575476825237274,-0.11814995110034943,0.8872493505477905,1.9828593730926514,2.1170637607574463,2.1928036212921143,2.7276809215545654,3.0210025310516357,2.810481548309326,2.505885124206543,2.1991398334503174,2.730640172958374,1.915635585784912,0.0972905233502388
-0.6733013391494751,-0.5042715668678284,0.21198269724845886,1.191693902015686,1.5801197290420532,0.8520745635032654,1.0270075798034668,1.1756197214126587,0.2142001837491989,0.2421094924211502,0.7210379242897034,0.7125148177146912,0.9930794835090637,1.2579604387283325,1.2843503952026367,1.2269245386123657,0.6870665550231934,0.6109049916267395,1.1937381029129028,1.6817821264266968,1.5591864585876465,1.2444462776184082,1.2351223230361938,1.3185104131698608,1.3435029983520508,1.154906153678894,1.96963632106781,2.6506803035736084,0.632695198059082,-0.9351635575294495,-0.2795572578907013,0.5637028217315674,1.5081071853637695,2.203350305557251,2.368924856185913,2.4214701652526855,2.4853134155273438,2.392484664916992,2.726930618286133,3.1479508876800537,3.265639543533325,2.592148780822754,0.3236483037471771
-0.5738709568977356,-0.3733484745025635,0.28389716148376465,1.0700763463974,1.5251102447509766,1.4967087507247925,1.2075697183609009,0.5317469835281372,-0.2363419532775879,-0.08523395657539368,0.6260811686515808,1.165314793586731,1.4424195289611816,1.3812965154647827,1.3281259536743164,0.791090190410614,0.32761991024017334,0.8234190940856934,1.426815390586853,1.8750332593917847,1.7689323425292969,1.3135260343551636,1.11544930934906,1.1434104442596436,1.4597325325012207,1.0755040645599365,1.0309412479400635,2.3405377864837646,1.9700407981872559,0.29144400358200073,0.018685147166252136,0.6225606203079224,1.6711214780807495,2.4973630905151367,2.5988810062408447,2.584192991256714,2.6821529865264893,2.6648905277252197,3.051223039627075,3.3301596641540527,2.953672409057617,2.691345453262329,1.4678584337234497
-0.5174660086631775,-0.28414610028266907,0.32358312606811523,0.8249423503875732,1.2772266864776611,1.539478063583374,1.0355361700057983,0.7610966563224792,-0.18217182159423828,-0.4863329827785492,0.8288102746009827,1.3826370239257812,1.0903323888778687,1.1884887218475342,1.438521385192871,0.6469707489013672,0.34180355072021484,1.0645174980163574,1.6464935541152954,2.0914063453674316,1.8181172609329224,1.0087305307388306,0.4817390739917755,0.43805691599845886,1.3237507343292236,1.411051869392395,1.0953501462936401,2.0715925693511963,2.153623580932617,1.2256697416305542,1.0504083633422852,1.5260955095291138,2.061170816421509,2.588876724243164,2.796898365020752,2.8718910217285156,2.9337761402130127,3.0901684761047363,3.195767641067505,3.3653666973114014,3.2250211238861084,2.903324842453003,2.0923380851745605
-0.40620067715644836,-0.12459301203489304,0.45391160249710083,0.881184995174408,1.3131179809570312,1.370476245880127,0.9564395546913147,0.6156430840492249,-0.43224260210990906,-0.7836010456085205,0.5426160097122192,1.3463703393936157,0.9308518767356873,1.4641519784927368,1.568853735923767,0.23348204791545868,0.26426437497138977,1.2882301807403564,1.7648097276687622,1.7387681007385254,1.0616174936294556,-0.2000703364610672,-0.49695128202438354,-0.022052668035030365,1.1352704763412476,1.9078197479248047,1.650625228881836,1.3577641248703003,1.7728114128112793,1.8322093486785889,1.5316628217697144,2.1389496326446533,2.2735037803649902,2.5441153049468994,2.8905746936798096,2.9308249950408936,2.9213309288024902,3.0845015048980713,3.389002799987793,3.5183658599853516,3.264101982116699,2.7710978984832764,1.7957078218460083
