demo/sfcwind/1600-wind-surface-level-gfs-1.0.json
{"header": {"productDefinitionTemplate": 0, "surface1Type": 103, "productStatus": 0, "disciplineName": "Meteorological products", "subDivisions": 0, "winds": "true", "parameterNumberName": "V-component_of_wind", "discipline": 0, "surface2Value": 0, "significanceOfRTName": "Start of forecast", "surface2TypeName": "Missing", "surface2Type": 255, "productTypeName": "Forecast products", "dx": 0.024617210030555725, "dy": 0.01798853650689125, "numberPoints": 65160, "productStatusName": "Operational products", "gribEdition": 2, "parameterUnit": "m.s-1", "forecastTime": 0, "refTime": "2020-09-30T14:00:00.000Z", "productType": 1, "genProcessTypeName": "Forecast", "scanMode": 0, "genProcessType": 2, "gribLength": 11338.0, "significanceOfRT": 1, "productDefinitionTemplateName": "Analysis/forecast at horizontal level/layer at a point in time", "centerName": "WRF OUTPUT", "la1": 43.66691207885742, "la2": 42.426788330078125, "lo2": 13.70867919921875, "gridUnits": "degrees", "surface1Value": 10, "shapeName": "Earth spherical with radius of 6,371,229.0 m", "surface1TypeName": "Specified height level above ground", "nx": 70.0, "ny": 70.0, "lo1": 12.008544921875, "basicAngle": 0, "gridDefinitionTemplate": 0, "shape": 6, "parameterNumber": 3, "subcenter": 0, "parameterCategoryName": "Momentum", "parameterCategory": 2, "center": 0, "gridDefinitionTemplateName": "Latitude_Longitude", "resolution": 48}, "data":
[rows 0 to 18 of 70, columns 0 to 42 of 70]
1.7128876447677612,1.9725220203399658,2.3798916339874268,2.128864288330078,1.8228752613067627,1.675489902496338,1.563852310180664,1.303577184677124,0.9153553247451782,0.7989903688430786,0.3416714668273926,0.524684727191925,0.29057762026786804,0.0412600040435791,0.015117545612156391,0.22286367416381836,0.19309207797050476,0.11074254661798477,-0.05687437951564789,-0.529583752155304,-0.6756155490875244,-0.4247029721736908,-0.431401789188385,-0.8001141548156738,-0.8889948725700378,-0.6388596296310425,-0.670941948890686,-0.7800231575965881,-0.9205154776573181,-1.0260645151138306,-1.0474952459335327,-1.1566814184188843,-1.3855024576187134,-1.6202789545059204,-1.6948646306991577,-1.8471955060958862,-2.024339437484741,-2.1261370182037354,-2.2317891120910645,-2.2419798374176025,-2.2694897651672363,-2.350717544555664,-2.3560376167297363
1.8285183906555176,2.045501470565796,2.3577167987823486,2.061215400695801,1.7360825538635254,1.5656712055206299,1.3957651853561401,1.1674202680587769,0.7636831402778625,0.659115731716156,0.2967056632041931,0.5454855561256409,0.336068719625473,0.07439400255680084,0.01463534589856863,0.1884448081254959,0.14902910590171814,0.07181498408317566,-0.1261826604604721,-0.5813999176025391,-0.5775327086448669,-0.25978532433509827,-0.26356804370880127,-0.7192037105560303,-0.8523169755935669,-0.6075789928436279,-0.6729128956794739,-0.8026338815689087,-0.944435715675354,-1.0620557069778442,-1.1133437156677246,-1.2000080347061157,-1.424343228340149,-1.6173858642578125,-1.6220142841339111,-1.6728343963623047,-1.8106275796890259,-1.8804075717926025,-1.969672679901123,-1.9891610145568848,-2.068389654159546,-2.188368082046509,-2.2145190238952637
1.9507122039794922,2.0636963844299316,2.064260244369507,1.9653751850128174,1.866734266281128,1.8139479160308838,1.7062335014343262,1.6568686962127686,1.434449315071106,1.2522153854370117,1.0069282054901123,0.8665648102760315,0.6437684297561646,0.41108059883117676,0.20460091531276703,0.14385351538658142,0.019445179030299187,-0.08607438951730728,-0.20413410663604736,-0.2448607236146927,-0.12795016169548035,-0.15463218092918396,-0.24772490561008453,-0.445711612701416,-0.6014342904090881,-0.7655349373817444,-0.924254834651947,-1.0814191102981567,-1.195164442062378,-1.2475035190582275,-1.3096834421157837,-1.3584154844284058,-1.478432297706604,-1.5543204545974731,-1.592717170715332,-1.6753065586090088,-1.7623032331466675,-1.836885929107666,-1.917330026626587,-2.000464677810669,-2.0669479370117188,-2.1539077758789062,-2.213970899581909
2.112199544906616,2.0092527866363525,1.9792574644088745,1.880813479423523,1.6790708303451538,1.4649282693862915,1.150770902633667,1.1063573360443115,1.1035977602005005,1.1308979988098145,1.0551366806030273,1.0225937366485596,0.9083846211433411,0.6563241481781006,0.3455374538898468,-0.02741304412484169,-0.19190970063209534,-0.15125742554664612,-0.11235804110765457,-0.054075565189123154,-0.2762082517147064,-0.5058351159095764,-0.5011774301528931,-0.5943231582641602,-0.7099591493606567,-1.1073848009109497,-1.4153867959976196,-1.3620887994766235,-1.251712679862976,-1.3407377004623413,-1.2530701160430908,-1.235466480255127,-1.3087533712387085,-1.4183111190795898,-1.4577363729476929,-1.6940127611160278,-1.760573387145996,-1.7518340349197388,-1.7894457578659058,-1.8152177333831787,-1.7902096509933472,-1.944159746170044,-2.07015323638916
2.129676342010498,1.9816608428955078,1.9469025135040283,1.883583426475525,1.5886393785476685,1.3557931184768677,1.5574166774749756,1.3705013990402222,1.393406629562378,1.2571014165878296,1.0581387281417847,0.9429393410682678,0.7808332443237305,0.493295818567276,0.31952470541000366,0.08229046314954758,-0.0666266679763794,-0.26522067189216614,-0.46809569001197815,-0.4023747444152832,-0.22361408174037933,-0.06113239377737045,0.07842876762151718,0.00921532604843378,-0.495898962020874,-0.9339295625686646,-1.6123032569885254,-1.5078130960464478,-1.0407123565673828,-1.1178264617919922,-1.2767361402511597,-1.361982822418213,-1.522356629371643,-1.6756912469863892,-1.7466877698898315,-1.7954596281051636,-1.6813921928405762,-1.5580589771270752,-1.5535993576049805,-1.6668378114700317,-1.684796929359436,-1.8529409170150757,-1.9293160438537598
2.086479425430298,1.9404921531677246,1.8741729259490967,1.8161742687225342,1.567383885383606,1.5815150737762451,1.9557862281799316,1.7971413135528564,1.5266910791397095,1.0976721048355103,0.9998606443405151,0.8285566568374634,0.6277685165405273,0.35868391394615173,0.2422734946012497,0.3251578211784363,0.3450305163860321,0.1607867330312729,0.2652881145477295,0.49405068159103394,0.9419673085212708,0.7841524481773376,0.26451772451400757,-0.281493216753006,-0.926811933517456,-1.027444839477539,-0.7229358553886414,-0.3739857077598572,-0.33486688137054443,-0.5952563881874084,-1.0441679954528809,-1.3306243419647217,-1.6727958917617798,-1.7224102020263672,-1.6129869222640991,-1.253077745437622,-1.1833277940750122,-1.4134474992752075,-1.6710087060928345,-1.7576037645339966,-1.746268630027771,-1.5632216930389404,-1.4562408924102783
1.981905460357666,1.7867423295974731,1.7628878355026245,1.6878936290740967,1.4986257553100586,1.5228040218353271,1.5005446672439575,1.4796953201293945,1.3235913515090942,1.1096442937850952,1.2953574657440186,1.2545892000198364,0.9961737394332886,0.8140802383422852,0.61701899766922,0.49850207567214966,0.6091791391372681,0.7755930423736572,0.9544229507446289,0.9303948283195496,0.7189273238182068,0.1767340451478958,-0.7878299951553345,-1.166765570640564,-1.056898832321167,-0.9150599837303162,-0.14272497594356537,-0.11866065859794617,-0.4523890018463135,-0.6056452989578247,-0.8484267592430115,-1.2274165153503418,-1.602232813835144,-1.475969910621643,-1.2067394256591797,-0.8560939431190491,-0.7491440176963806,-0.9914583563804626,-1.3375154733657837,-1.5018192529678345,-1.4410706758499146,-1.2294145822525024,-1.182512879371643
1.7727632522583008,1.6611374616622925,1.6361359357833862,1.5874016284942627,1.3551949262619019,1.4909071922302246,1.4106214046478271,1.014016032218933,0.8579438328742981,0.9267006516456604,1.0916775465011597,1.168795108795166,0.6932297945022583,0.352172315120697,0.34107744693756104,0.36714401841163635,0.511589765548706,0.7713434100151062,0.7737804055213928,0.40069398283958435,-0.20882980525493622,-0.44648754596710205,0.27263373136520386,1.1234391927719116,1.474371075630188,0.8530146479606628,0.2071833461523056,-0.615290641784668,-1.5408371686935425,-1.5043351650238037,-1.4597795009613037,-1.5562149286270142,-1.6512832641601562,-1.5143444538116455,-1.3955191373825073,-0.9943404197692871,-0.44519439339637756,-0.5985915660858154,-0.7861683368682861,-0.986314594745636,-1.0615142583847046,-1.0285561084747314,-1.001989483833313
1.5951749086380005,1.4981882572174072,1.5352791547775269,1.4464306831359863,1.2460507154464722,1.2802097797393799,0.9815901517868042,0.5257411599159241,0.22426284849643707,0.5463259816169739,1.3389101028442383,1.5326740741729736,1.1464208364486694,1.0591195821762085,0.9034062027931213,0.9906567335128784,1.2095654010772705,1.2317243814468384,1.1941334009170532,0.9120016098022461,0.6096814870834351,0.43828967213630676,1.625657320022583,2.3190906047821045,2.2052552700042725,1.0683643817901611,0.4977775514125824,0.08867205679416656,-1.4686810970306396,-2.351242780685425,-2.4481887817382812,-2.0542008876800537,-1.5981745719909668,-1.3852876424789429,-1.3561822175979614,-1.0988857746124268,-0.7347667217254639,-1.4638946056365967,-1.8516850471496582,-1.4735236167907715,-1.0576461553573608,-0.7353318929672241,-0.8546177744865417
1.392026424407959,1.3270117044448853,1.3271502256393433,1.2326161861419678,0.9845364689826965,0.7942764163017273,0.3890058100223541,0.26915279030799866,0.33046838641166687,0.7823519706726074,1.823304295539856,1.9967719316482544,1.9772088527679443,2.410806179046631,2.0164196491241455,1.7833949327468872,1.6840072870254517,1.3506271839141846,0.9510467648506165,0.4946358799934387,0.8300592303276062,1.3613197803497314,1.195560097694397,0.481919527053833,-0.11729597300291061,0.7638199925422668,1.4996005296707153,0.9277994632720947,-0.5915492177009583,-2.0292234420776367,-3.0825164318084717,-2.865508556365967,-2.228637933731079,-1.8810644149780273,-1.9232159852981567,-2.227579116821289,-1.9391463994979858,-1.574240803718567,-1.2300533056259155,-1.2485105991363525,-0.7877234816551208,-0.3256145417690277,-1.0928761959075928
1.185152530670166,1.0926649570465088,1.0997759103775024,1.0185476541519165,0.6572294235229492,0.55953049659729,0.3077504634857178,0.28613510727882385,0.5048235058784485,0.8235301375389099,1.7011761665344238,2.0288355350494385,2.0179989337921143,2.144996404647827,1.6568539142608643,1.2416038513183594,0.8615118861198425,0.6211681962013245,0.670142412185669,0.6057169437408447,0.9925826787948608,1.6296470165252686,1.1594640016555786,0.18395256996154785,-0.4924647808074951,0.5283178687095642,1.3325605392456055,1.2615711688995361,0.3165363669395447,-1.1566318273544312,-1.2707040309906006,-1.316562533378601,-1.4738658666610718,-1.7313082218170166,-1.820767879486084,-2.101392984390259,-1.8176935911178589,-0.9816104769706726,-0.11789970099925995,-0.45077401399612427,-0.590417742729187,-0.3864883482456207,-0.7075858116149902
0.9849292635917664,0.8474337458610535,0.8415846824645996,0.856090784072876,0.7976090908050537,0.7476202249526978,0.629788339138031,0.47941306233406067,0.09217366576194763,0.3741210103034973,1.260377049446106,1.7492464780807495,1.6104625463485718,1.3153482675552368,0.9566060900688171,0.656651496887207,0.33382704854011536,0.46159976720809937,1.1472501754760742,1.3555798530578613,1.5002641677856445,1.5222833156585693,1.228422999382019,0.895119845867157,0.6539167165756226,0.1375855654478073,0.33094072341918945,1.1848833560943604,1.391072154045105,0.02893659472465515,-0.5058228373527527,-0.7392156720161438,-1.1243351697921753,-0.8651199340820312,-0.5132886171340942,-0.566290557384491,-0.35345858335494995,-0.2636265158653259,-0.4023231267929077,-0.20857827365398407,-0.8596912026405334,-0.9923020005226135,-0.19951950013637543
0.7598224878311157,0.6143102645874023,0.535509467124939,0.5339969992637634,0.5134321451187134,0.24933147430419922,0.24436409771442413,0.3816838562488556,0.2576321065425873,0.2456488311290741,0.579576313495636,0.9305372834205627,0.8954825401306152,0.8263471126556396,0.7954306602478027,0.7115367650985718,0.8198057413101196,1.2746734619140625,1.7742234468460083,1.682403564453125,1.328763723373413,1.1334840059280396,1.1415473222732544,1.329596996307373,1.1593843698501587,0.7007238864898682,0.4444272816181183,0.43470194935798645,0.77681565284729,1.1911195516586304,0.2522631287574768,-0.04361534118652344,-1.178166151046753,-1.1246540546417236,-0.28773513436317444,-0.3404705226421356,-0.3236154615879059,-0.288600355386734,-0.17844542860984802,0.19453176856040955,-0.6250069737434387,-0.742207407951355,-0.3674508035182953
0.5813136100769043,0.4289589524269104,0.28695157170295715,0.2769588232040405,0.2294679433107376,0.27059808373451233,0.5169849395751953,1.030234694480896,1.371578335762024,1.389604091644287,1.2067410945892334,0.9351149797439575,0.8902454376220703,1.3784027099609375,1.5126290321350098,1.630358338356018,1.8084996938705444,1.7537546157836914,1.6370131969451904,1.3938381671905518,1.1314103603363037,1.0580768585205078,1.1691336631774902,1.1436651945114136,1.0722143650054932,0.6273996829986572,0.037283964455127716,-0.5700747966766357,-0.41301965713500977,0.7252019047737122,1.3488253355026245,1.2795369625091553,0.7736872434616089,-0.5885893702507019,-1.2423030138015747,-1.434364676475525,-1.4018266201019287,-0.8495088219642639,-0.08097709715366364,0.05717052146792412,-0.190995991230011,-0.5193490386009216,-1.035449743270874
0.508895993232727,0.37841174006462097,0.2045079916715622,0.20505674183368683,0.09092404693365097,0.3424206078052521,0.7223175168037415,1.050026774406433,1.607500433921814,1.9309029579162598,1.718563199043274,1.3565651178359985,1.2413184642791748,1.6667594909667969,1.4938304424285889,1.6801458597183228,1.5344513654708862,1.2653363943099976,1.1065163612365723,0.9077078104019165,0.8766726851463318,0.8790103197097778,0.6356275677680969,0.19210612773895264,0.03685898706316948,-0.04335468262434006,-0.3139994144439697,-0.18231336772441864,0.6390663385391235,0.7495704889297485,0.7005990147590637,0.7129388451576233,1.0292928218841553,-0.17908072471618652,-1.742777705192566,-1.623923659324646,-1.4625043869018555,-1.3286583423614502,-0.8127104043960571,-0.8947542309761047,-0.4605642855167389,-1.1487141847610474,-1.6304504871368408
0.5284609794616699,0.4032851457595825,0.22487357258796692,0.2532484531402588,0.21069492399692535,0.02229941450059414,0.11835331469774246,0.48278456926345825,1.1569691896438599,1.492081880569458,1.6229695081710815,1.5096300840377808,1.3603280782699585,1.3560599088668823,1.1819818019866943,1.4122965335845947,1.1878774166107178,0.8652004599571228,0.6023406386375427,0.636809229850769,1.1127532720565796,1.0902998447418213,0.9535189270973206,0.6808328032493591,0.4012756645679474,0.4612860083580017,0.5849927067756653,1.1959446668624878,1.915347695350647,1.848389983177185,0.7226421236991882,0.10316739231348038,-0.3246619701385498,-0.28799277544021606,-1.257796049118042,-1.2786436080932617,-1.0023963451385498,-1.9641258716583252,-1.811060905456543,-2.0219786167144775,-1.2313462495803833,-1.240298867225647,-1.6337943077087402
0.6108801960945129,0.48069003224372864,0.33895066380500793,0.41674479842185974,0.7247638702392578,0.6371574997901917,0.6567862033843994,0.5579941868782043,0.7486487627029419,1.3063087463378906,1.652077317237854,1.3567487001419067,1.2881810665130615,1.138586401939392,1.2705481052398682,1.2189000844955444,0.5339089035987854,0.0003778012178372592,0.6186069846153259,1.2222521305084229,1.4406715631484985,1.3349467515945435,1.4169920682907104,1.2497730255126953,1.0027127265930176,0.9553429484367371,1.2277551889419556,1.4880377054214478,1.5091770887374878,1.821215033531189,1.237108826637268,0.36479392647743225,0.09344305843114853,0.6710498929023743,-0.3067639470100403,-1.459651231765747,-0.7911298274993896,-1.346659779548645,-1.306671380996704,-1.1727029085159302,-1.6739274263381958,-1.4411249160766602,-1.6046195030212402
0.8345509767532349,0.7097206711769104,0.6121408939361572,0.6898897290229797,0.8856021165847778,1.1659624576568604,1.2819117307662964,1.087099313735962,1.1799248456954956,1.3742854595184326,1.1116691827774048,0.9720070362091064,1.3982948064804077,1.20585298538208,1.0459617376327515,0.39523786306381226,0.1343347132205963,0.8833910226821899,1.7462553977966309,1.7751826047897339,0.930586576461792,0.389668345451355,0.2718941867351532,0.43082886934280396,0.7819660902023315,1.0021905899047852,1.0587633848190308,0.9205073118209839,0.888997495174408,1.1296852827072144,1.7621064186096191,1.6953003406524658,1.0971447229385376,1.3837658166885376,1.2254552841186523,0.17780093848705292,0.16508962213993073,-0.18755026161670685,-0.5530600547790527,-0.2028980255126953,-0.755575954914093,-0.6246187686920166,-0.07270896434783936
1.0790722370147705,0.9742072820663452,0.9167006611824036,0.976707935333252,1.1060298681259155,1.3301374912261963,1.462515950202942,1.6936684846878052,1.8741583824157715,1.485143780708313,1.174230933189392,1.4010368585586548,1.498579740524292,1.3639742136001587,0.6544003486633301,0.33989623188972473,1.2080364227294922,1.9600037336349487,1.1863048076629639,0.3851567208766937,-0.203569233417511,-0.6655986905097961,-0.9913781881332397,-0.6648285388946533,0.06431042402982712,0.553055465221405,0.5511842370033264,0.512840986251831,0.4998748004436493,0.6709949374198914,1.4752742052078247,1.931203842163086,1.5424442291259766,1.7124122381210327,1.9221175909042358,1.5128802061080933,1.0826513767242432,0.6269243955612183,0.23888379335403442,0.04936200752854347,-0.05321924388408661,0.17550648748874664,0.5033377408981323
