demo/sfcwind/1600-wind-surface-level-gfs-1.0.json
{"header": {"productDefinitionTemplate": 0, "surface1Type": 103, "productStatus": 0, "disciplineName": "Meteorological products", "subDivisions": 0, "winds": "true", "parameterNumberName": "V-component_of_wind", "discipline": 0, "surface2Value": 0, "significanceOfRTName": "Start of forecast", "surface2TypeName": "Missing", "surface2Type": 255, "productTypeName": "Forecast products", "dx": 0.024617210030555725, "dy": 0.01798853650689125, "numberPoints": 65160, "productStatusName": "Operational products", "gribEdition": 2, "parameterUnit": "m.s-1", "forecastTime": 0, "refTime": "2020-09-30T14:00:00.000Z", "productType": 1, "genProcessTypeName": "Forecast", "scanMode": 0, "genProcessType": 2, "gribLength": 11338.0, "significanceOfRT": 1, "productDefinitionTemplateName": "Analysis/forecast at horizontal level/layer at a point in time", "centerName": "WRF OUTPUT", "la1": 43.66691207885742, "la2": 42.426788330078125, "lo2": 13.70867919921875, "gridUnits": "degrees", "surface1Value": 10, "shapeName": "Earth spherical with radius of 6,371,229.0 m", "surface1TypeName": "Specified height level above ground", "nx": 70.0, "ny": 70.0, "lo1": 12.008544921875, "basicAngle": 0, "gridDefinitionTemplate": 0, "shape": 6, "parameterNumber": 3, "subcenter": 0, "parameterCategoryName": "Momentum", "parameterCategory": 2, "center": 0, "gridDefinitionTemplateName": "Latitude_Longitude", "resolution": 48}, "data":
[rows 19 to 37 of 70, columns 0 to 42 of 70]
1.2152948379516602,1.1392945051193237,1.1253485679626465,1.21826171875,1.3049920797348022,1.3934112787246704,1.5295323133468628,1.9314637184143066,1.9025911092758179,1.6423925161361694,2.2037267684936523,2.0648186206817627,1.3428282737731934,1.0774656534194946,0.6919969320297241,1.0779261589050293,1.2021260261535645,0.427516371011734,-0.21635085344314575,-0.22916702926158905,0.10996152460575104,-0.03198898211121559,-0.3134121000766754,-0.3558289110660553,-0.020758990198373795,0.5026621222496033,0.9191923141479492,1.094673991203308,1.1535836458206177,1.3816837072372437,1.6642746925354004,2.0060172080993652,1.9475605487823486,1.8864620923995972,1.5517274141311646,1.225696325302124,0.8948451280593872,0.6489137411117554,0.4295092821121216,0.1363740861415863,-0.52913898229599,-0.8454009890556335,-0.6137877702713013
1.3147907257080078,1.268052577972412,1.3297901153564453,1.4133471250534058,1.4227198362350464,1.5294384956359863,1.7056214809417725,2.1299808025360107,2.0355710983276367,1.8711344003677368,2.14955472946167,1.4280914068222046,0.6328563690185547,0.19508692622184753,0.08646131306886673,0.1380443274974823,-0.14163897931575775,-0.12261466681957245,0.3616580367088318,0.7028605937957764,0.618862509727478,0.6294736266136169,0.9498457312583923,0.9384244680404663,1.0006715059280396,1.0070507526397705,1.41373610496521,1.7555588483810425,2.0004005432128906,2.071490526199341,1.978836178779602,1.9031341075897217,1.4201037883758545,1.146087646484375,0.8927896618843079,0.6311138868331909,0.2503461241722107,-0.0833137184381485,-0.3639454245567322,-0.5352224707603455,-0.7431620359420776,-1.2829959392547607,-0.8559518456459045
1.3479909896850586,1.391442060470581,1.4923841953277588,1.5308313369750977,1.5356413125991821,1.6878101825714111,1.9240931272506714,2.08428955078125,2.0170960426330566,1.9221924543380737,1.1752698421478271,0.43315085768699646,0.007138610817492008,-0.2565186023712158,-0.425531804561615,-0.6503973603248596,0.13127486407756805,1.245527982711792,1.4162575006484985,1.2578387260437012,1.0803301334381104,1.342171549797058,1.4281865358352661,1.2344759702682495,1.0225883722305298,1.1798630952835083,1.5188298225402832,1.9608665704727173,1.954066276550293,1.7535207271575928,1.5401206016540527,1.3336576223373413,0.9748134016990662,0.5707309246063232,0.2571205496788025,-0.08947476744651794,-0.40741342306137085,-0.7385516166687012,-1.1435942649841309,-1.3566113710403442,-1.3637990951538086,-1.500931739807129,-1.1974687576293945
1.2946324348449707,1.4294261932373047,1.5738095045089722,1.5928215980529785,1.6721352338790894,1.836654782295227,2.029468297958374,1.6817748546600342,1.7706995010375977,1.9932312965393066,0.9074523448944092,0.4651973843574524,0.5632234811782837,0.8903126120567322,0.6476048827171326,0.43544092774391174,1.308336853981018,1.9684200286865234,1.5727839469909668,1.534083604812622,1.7284822463989258,1.4467462301254272,1.2886322736740112,1.2004890441894531,1.347569227218628,1.7933127880096436,1.846911907196045,1.8373781442642212,1.7276523113250732,1.2216812372207642,1.0984976291656494,1.0265076160430908,1.3389561176300049,0.9485474824905396,0.30738991498947144,-0.019899286329746246,-0.15509606897830963,-0.40642860531806946,-1.0888148546218872,-1.568927526473999,-1.9058356285095215,-2.032022714614868,-1.8158645629882812
1.27534818649292,1.433954119682312,1.5717989206314087,1.6508790254592896,1.7449380159378052,1.9149701595306396,1.572287678718567,1.5567388534545898,1.9382476806640625,1.8578944206237793,1.0218102931976318,1.122708797454834,1.4872725009918213,1.5853248834609985,1.050368070602417,0.8998273611068726,1.4654479026794434,1.6432452201843262,1.4357273578643799,1.3705453872680664,0.9817190766334534,0.8876137137413025,1.1640150547027588,1.51503324508667,1.7237191200256348,1.4102858304977417,1.0922476053237915,1.126863718032837,1.108549952507019,0.8796842098236084,1.0362707376480103,0.9376758337020874,1.435510277748108,1.2375730276107788,0.6848115921020508,0.5652387142181396,0.5437385439872742,0.2813706398010254,-0.11852197349071503,-0.4737185835838318,-0.7086629867553711,-1.816386103630066,-2.4478838443756104
1.294069766998291,1.4465887546539307,1.630035161972046,1.77378249168396,1.9020915031433105,1.9097634553909302,1.2528964281082153,1.7612651586532593,1.9720479249954224,1.5128058195114136,1.0442793369293213,1.227250576019287,1.0002413988113403,0.770896852016449,0.5079678893089294,0.29861798882484436,0.6110479831695557,0.8801125884056091,0.8141366243362427,0.3282421827316284,0.3277478516101837,1.0331881046295166,1.2079826593399048,1.104163646697998,1.0190767049789429,0.8474999070167542,0.84521484375,1.1282546520233154,1.2162472009658813,1.0803375244140625,1.0213249921798706,0.6334954500198364,0.6563053727149963,0.660930335521698,0.22844554483890533,0.16915753483772278,0.23875616490840912,0.2669943571090698,0.758051335811615,0.1925785094499588,-1.0630356073379517,-1.825762152671814,-2.3663628101348877
1.337045431137085,1.4919583797454834,1.7021409273147583,1.986117959022522,2.185603141784668,1.7022255659103394,1.719182014465332,2.0335657596588135,1.5473699569702148,1.02411687374115,0.9056168794631958,0.8468944430351257,0.8975330591201782,1.1370429992675781,0.775570273399353,-0.13614480197429657,-0.6307796835899353,-0.6349843740463257,-0.8414449095726013,-0.5356891751289368,0.5151023864746094,1.0340352058410645,1.044309377670288,0.884374737739563,0.99814772605896,1.2418947219848633,1.2978363037109375,1.2276755571365356,1.1902118921279907,0.9009101986885071,0.5794330835342407,0.1693587303161621,-0.11172524094581604,0.07643668353557587,0.3025748133659363,0.6256250143051147,0.8438660502433777,1.3376133441925049,1.857276439666748,1.4643867015838623,-0.8835364580154419,-2.0608677864074707,-2.116766929626465
1.4033151865005493,1.5755988359451294,1.8011800050735474,2.037710428237915,2.1528570652008057,1.7408428192138672,1.7197413444519043,1.6249228715896606,0.916854977607727,0.6239723563194275,0.7113617658615112,0.7758578658103943,1.2700533866882324,1.4306150674819946,1.055285930633545,0.3585631847381592,-0.9855656027793884,-1.080605387687683,-0.9029892086982727,0.10742557048797607,1.1266170740127563,1.3967519998550415,1.3444294929504395,1.2577118873596191,1.384848713874817,1.5208991765975952,1.4208232164382935,1.1183977127075195,0.8015748858451843,0.502593994140625,0.2807447016239166,0.24073268473148346,-0.10371305793523788,0.1786290407180786,1.0029069185256958,1.4503583908081055,1.5840656757354736,1.640051245689392,1.5762341022491455,1.5601154565811157,0.8352625966072083,-1.0116844177246094,-1.8252285718917847
1.5300480127334595,1.6769754886627197,1.8003556728363037,1.802526593208313,1.480630874633789,1.298402190208435,0.8987111449241638,0.6640735864639282,0.4998380243778229,0.5404714345932007,0.5193199515342712,0.6595289707183838,0.626727283000946,0.48300695419311523,0.5718371272087097,0.8792588710784912,-0.4451221227645874,-1.3986852169036865,-0.5608839988708496,0.9010323286056519,1.6191470623016357,1.6569569110870361,1.4347807168960571,1.454154372215271,1.5640075206756592,1.5016242265701294,1.2711708545684814,0.8320637941360474,0.3386342525482178,0.0684036910533905,0.09386923909187317,0.1626930832862854,-0.10279260575771332,0.09002496302127838,0.6371293663978577,0.8249726295471191,0.7734931707382202,0.25891926884651184,-0.05116819962859154,-0.29658597707748413,0.2948170304298401,-0.4096246659755707,-1.5246171951293945
1.625126838684082,1.675489902496338,1.7556341886520386,1.56888747215271,0.9743974208831787,0.737848162651062,0.3658813536167145,-0.038496553897857666,0.2700558602809906,0.45507562160491943,0.3372710049152374,0.4412839710712433,0.1856839954853058,-0.44102227687835693,-0.46704399585723877,-0.14857108891010284,-0.0560423843562603,-0.5961806774139404,0.39959341287612915,1.4343485832214355,1.6497383117675781,1.4986320734024048,1.6171538829803467,1.7308679819107056,1.5177576541900635,1.0365782976150513,0.6161608695983887,0.3132550120353699,-0.014046147465705872,-0.18162080645561218,-0.2574068605899811,-0.37848225235939026,-0.32132384181022644,-0.23048946261405945,-0.31988397240638733,-0.37405267357826233,-0.2906127870082855,-0.5670984983444214,-1.1452124118804932,-1.3223482370376587,-1.1233439445495605,-1.201066255569458,-1.8733291625976562
1.6821675300598145,1.6070787906646729,1.6610374450683594,1.4296714067459106,0.7903174161911011,0.6312134265899658,0.04409688338637352,-0.4461008310317993,-0.27607378363609314,-0.42581358551979065,-0.5635295510292053,-0.2881999909877777,-0.38853296637535095,-0.9211339950561523,-1.0588253736495972,-0.5260705351829529,0.5115737318992615,1.5094949007034302,1.8231154680252075,1.8652628660202026,1.7616171836853027,1.7823784351348877,1.8446276187896729,1.588679552078247,0.8653600811958313,0.30023038387298584,-0.03886464610695839,0.06346787512302399,0.7745620012283325,0.8382901549339294,0.5482449531555176,0.5098951458930969,0.7882205843925476,0.7213018536567688,0.46185094118118286,0.1629752516746521,0.30976974964141846,0.3420390188694,0.037584446370601654,-0.3619508743286133,-0.7055696249008179,-1.2178771495819092,-2.1423444747924805
1.7040871381759644,1.5898427963256836,1.6042464971542358,1.2715874910354614,0.35820963978767395,0.24264688789844513,-0.3382713496685028,-0.7266232371330261,-0.47903305292129517,-0.8231497406959534,-1.0605056285858154,-0.8025210499763489,-0.19677695631980896,0.062428832054138184,0.40402835607528687,0.9813405871391296,1.3029102087020874,1.8182200193405151,1.7215746641159058,1.8153225183486938,2.005549669265747,1.9206161499023438,1.5375478267669678,1.1542259454727173,0.6276941299438477,0.596997857093811,0.5931316614151001,1.3405430316925049,1.9196276664733887,1.424187183380127,1.1189162731170654,1.7010142803192139,1.7958420515060425,1.6016881465911865,1.5879788398742676,1.390303134918213,0.8347781300544739,0.6644061803817749,0.5445113182067871,0.17240910232067108,-0.4445972442626953,-0.7824156284332275,-1.8123984336853027
1.7130037546157837,1.6580135822296143,1.587616205215454,1.1561933755874634,0.005274201277643442,-0.200808584690094,-0.5402427315711975,-1.2062327861785889,-0.9101464748382568,-0.9530715942382812,-1.3721915483474731,-1.2825323343276978,-0.42739662528038025,0.8320149779319763,1.4453871250152588,1.3800849914550781,1.6255985498428345,1.7134233713150024,1.9089336395263672,1.771878957748413,1.9417349100112915,1.6602346897125244,1.1364655494689941,0.7806664705276489,0.9907817840576172,1.4991945028305054,1.6489713191986084,1.842774748802185,1.1685621738433838,0.3835146427154541,0.6986148357391357,1.8114798069000244,1.6515198945999146,1.220107078552246,0.9812846183776855,0.7095007300376892,0.0801500529050827,-0.40367063879966736,-0.5052632093429565,-0.48273253440856934,-0.30308154225349426,-0.32805901765823364,-1.058030605316162
1.710013747215271,1.6808466911315918,1.584326148033142,1.1138863563537598,-0.7446293830871582,-1.0196452140808105,-1.0283111333847046,-1.5041038990020752,-1.3860794305801392,-0.17168556153774261,-0.5855903029441833,-1.5560182332992554,-0.7629665732383728,0.14625567197799683,0.37192004919052124,0.9651647806167603,1.4674794673919678,1.7074329853057861,1.6970075368881226,1.3506760597229004,1.3493947982788086,1.0911738872528076,0.6100291013717651,0.6674810647964478,1.2863812446594238,1.7037127017974854,1.3284310102462769,0.09781035780906677,-0.8357998132705688,-0.5477779507637024,1.0451692342758179,2.152698278427124,1.715116262435913,0.7484725117683411,0.28646430373191833,0.057976022362709045,0.15414054691791534,0.27858611941337585,0.5656707882881165,0.8436330556869507,1.5542885065078735,0.678307831287384,-1.14949631690979
1.6992130279541016,1.6532565355300903,1.5970592498779297,1.2278088331222534,-0.2584110200405121,-0.8437537550926208,-1.1222370862960815,-1.0066920518875122,-0.5763646960258484,0.5743615627288818,0.0875575914978981,-0.6064191460609436,-0.27165621519088745,-0.22110970318317413,0.2794174253940582,0.7706246972084045,0.8338899612426758,0.986815333366394,0.945878803730011,0.822575032711029,0.7076587677001953,0.7214319109916687,0.9464551210403442,1.2727583646774292,1.418299674987793,1.3345154523849487,0.9274092316627502,0.17606213688850403,-1.1762651205062866,-0.21862292289733887,1.903863787651062,2.532243251800537,1.9384968280792236,1.1429874897003174,0.7482558488845825,0.5076153874397278,0.6958065032958984,1.404771089553833,1.999087929725647,1.7390868663787842,1.4119651317596436,0.6279616951942444,-1.6464498043060303
1.6289634704589844,1.5759544372558594,1.5629374980926514,1.3559353351593018,0.9224412441253662,0.10199695825576782,-0.932873010635376,-0.4494472146034241,0.935915470123291,1.0428310632705688,0.7976362705230713,0.8456517457962036,0.12047392129898071,-0.05382150784134865,0.2811202108860016,0.21818135678768158,0.5678672194480896,0.7939098477363586,0.8644608855247498,0.8943483233451843,0.8272116184234619,0.8216749429702759,1.024835228919983,0.8825920224189758,0.8422733545303345,0.7244088649749756,1.1729376316070557,1.510200023651123,0.6794902682304382,1.3579127788543701,2.466498851776123,2.4636757373809814,1.972639799118042,1.6880733966827393,1.2853151559829712,0.9984169602394104,1.0106877088546753,1.4383918046951294,1.5670033693313599,1.041172742843628,0.2568552792072296,0.3723472058773041,-1.0796235799789429
1.488214373588562,1.4175834655761719,1.39302659034729,1.2455090284347534,1.1149835586547852,0.573065459728241,-0.037974871695041656,0.7662413120269775,1.400511384010315,1.4927992820739746,1.1739290952682495,0.2864348590373993,-0.24162206053733826,-0.0016273051733151078,0.22573770582675934,0.4048321843147278,0.8126375675201416,0.9936786890029907,0.9617906808853149,0.8377360105514526,0.4186933636665344,0.10182440280914307,-0.11146734654903412,0.20753367245197296,0.7000302672386169,0.7523573040962219,0.7658542990684509,1.2764058113098145,1.8043395280838013,2.4869377613067627,2.3855419158935547,1.7113524675369263,1.1967390775680542,1.1458488702774048,0.9623857736587524,0.8597868084907532,0.8880400657653809,0.8167517781257629,0.6500768065452576,0.6025631427764893,0.286365270614624,0.21815578639507294,-0.12447820603847504
1.3162388801574707,1.2076364755630493,1.1310443878173828,0.9746388792991638,0.9870209097862244,0.7833235859870911,0.7741349339485168,0.9975577592849731,0.9610422849655151,0.7861587405204773,0.5083764791488647,-0.37635818123817444,-0.41638028621673584,0.5517399907112122,0.5965149402618408,0.45431435108184814,0.9708173871040344,1.0442924499511719,0.752536952495575,0.3937537372112274,-0.4882601201534271,-1.188042402267456,-0.8990962505340576,-0.17827735841274261,0.46563470363616943,0.3746528923511505,-0.6143839359283447,-0.31613031029701233,1.216431736946106,2.0180561542510986,1.7379045486450195,0.9111546277999878,0.19720065593719482,0.26559609174728394,0.4441901743412018,0.49618667364120483,0.5374336838722229,0.4172993302345276,0.121945820748806,-0.08065524697303772,-0.32030314207077026,-0.6398634314537048,-0.6872198581695557
1.0310888290405273,0.8558686971664429,0.7052895426750183,0.550482988357544,0.2866341471672058,0.3887225389480591,0.08261097222566605,-0.11098866164684296,0.18313175439834595,-0.04441872239112854,-0.11613945662975311,-0.1910426765680313,0.5935090780258179,0.8914939761161804,0.30800962448120117,0.6338632702827454,1.265847086906433,1.0282485485076904,0.5815920829772949,0.36608943343162537,0.015194667503237724,-1.2566237449645996,-0.898473858833313,-0.6601128578186035,-0.25075653195381165,0.08542512357234955,-0.7454981803894043,-0.8448129892349243,0.28265780210494995,0.8941020369529724,1.0221526622772217,0.7007104754447937,0.2533128261566162,0.2899681031703949,0.5046543478965759,0.47990334033966064,0.36860933899879456,0.388861745595932,0.16440068185329437,-0.12947134673595428,-0.20218899846076965,-0.4721328318119049,-1.3096920251846313
