demo/sfcwind/1730-wind-surface-level-gfs-1.0.json
{"header": {"productDefinitionTemplate": 0, "surface1Type": 103, "productStatus": 0, "disciplineName": "Meteorological products", "subDivisions": 0, "winds": "true", "parameterNumberName": "V-component_of_wind", "discipline": 0, "surface2Value": 0, "significanceOfRTName": "Start of forecast", "surface2TypeName": "Missing", "surface2Type": 255, "productTypeName": "Forecast products", "dx": 0.024617210030555725, "dy": 0.01798853650689125, "numberPoints": 65160, "productStatusName": "Operational products", "gribEdition": 2, "parameterUnit": "m.s-1", "forecastTime": 0, "refTime": "2020-09-30T15:30:00.000Z", "productType": 1, "genProcessTypeName": "Forecast", "scanMode": 0, "genProcessType": 2, "gribLength": 11338.0, "significanceOfRT": 1, "productDefinitionTemplateName": "Analysis/forecast at horizontal level/layer at a point in time", "centerName": "WRF OUTPUT", "la1": 43.66691207885742, "la2": 42.426788330078125, "lo2": 13.70867919921875, "gridUnits": "degrees", "surface1Value": 10, "shapeName": "Earth spherical with radius of 6,371,229.0 m", "surface1TypeName": "Specified height level above ground", "nx": 70.0, "ny": 70.0, "lo1": 12.008544921875, "basicAngle": 0, "gridDefinitionTemplate": 0, "shape": 6, "parameterNumber": 3, "subcenter": 0, "parameterCategoryName": "Momentum", "parameterCategory": 2, "center": 0, "gridDefinitionTemplateName": "Latitude_Longitude", "resolution": 48}, "data":
[rows 19 to 37 of 70, columns 0 to 42 of 70]
1.2609513998031616,1.2785639762878418,1.2939053773880005,1.4244751930236816,1.7949151992797852,1.9734723567962646,1.9180914163589478,2.0828301906585693,2.1062068939208984,1.7939097881317139,2.2198965549468994,2.114621877670288,1.5010607242584229,1.0869468450546265,0.5888120532035828,0.7172125577926636,0.968868613243103,0.5321358442306519,-0.11833953857421875,-0.19466260075569153,0.11406226456165314,0.22657684981822968,0.03405607491731644,-0.2313910573720932,-0.5646082162857056,-0.5301901698112488,-0.11916439980268478,0.32220956683158875,0.5621557831764221,1.0063027143478394,1.246484637260437,1.6861457824707031,1.763858675956726,1.6593241691589355,1.2086238861083984,0.989412248134613,0.7103610634803772,0.4988822638988495,0.21303953230381012,-0.07661914825439453,-0.5843422412872314,-0.7540176510810852,-0.3874940872192383
1.2471599578857422,1.3257948160171509,1.374332308769226,1.5071574449539185,1.7703508138656616,1.9859658479690552,2.084660053253174,2.3264856338500977,2.066769599914551,1.8776201009750366,2.1520180702209473,1.6914243698120117,0.9197183847427368,0.2651408016681671,-0.06654593348503113,-0.05254856124520302,-0.2077760100364685,-0.33448708057403564,-0.23846378922462463,0.11147642135620117,0.1260071098804474,-0.005386140197515488,0.12130891531705856,0.3063735067844391,0.29256972670555115,0.09805714339017868,0.5636103749275208,1.1846059560775757,1.592510461807251,1.7224795818328857,1.61970055103302,1.686320424079895,1.3735573291778564,1.1796985864639282,0.8496617078781128,0.6453597545623779,0.21623724699020386,-0.14639128744602203,-0.42277172207832336,-0.4816563129425049,-0.7771523594856262,-1.7140246629714966,-1.4337997436523438
1.2442224025726318,1.2704493999481201,1.3558036088943481,1.4988116025924683,1.7110686302185059,1.847076177597046,2.086761474609375,2.17954683303833,1.9151643514633179,2.006824016571045,1.5782456398010254,0.9281274080276489,0.4220145344734192,-0.17269858717918396,-0.46341899037361145,-0.5116135478019714,-0.24031803011894226,0.2972826063632965,0.5489246249198914,0.6408951878547668,0.7005713582038879,0.9792789220809937,1.058995008468628,0.8398948907852173,0.6059882044792175,0.6978947520256042,1.1561343669891357,1.58210289478302,1.6405563354492188,1.4746421575546265,1.3903703689575195,1.2233092784881592,0.9398139715194702,0.6526293754577637,0.34657996892929077,0.05819825455546379,-0.29010283946990967,-0.7062714695930481,-0.9870714545249939,-1.1798096895217896,-1.201592206954956,-1.7050999402999878,-1.5724693536758423
1.2727482318878174,1.2971296310424805,1.3365710973739624,1.490572214126587,1.6338080167770386,1.8842265605926514,2.162813663482666,1.74907648563385,1.5627907514572144,2.177584409713745,1.4706367254257202,0.7844445109367371,0.5572298169136047,0.6488766670227051,0.5197886228561401,0.3651319444179535,0.6017310619354248,1.0981773138046265,1.0537586212158203,1.1182888746261597,1.3923550844192505,1.3485350608825684,1.1570439338684082,0.8242752552032471,0.6806942820549011,1.0605735778808594,1.327359676361084,1.3483532667160034,1.245707631111145,0.7632796764373779,0.5492701530456543,0.31639188528060913,0.8029687404632568,0.8470361232757568,0.383708119392395,0.055421896278858185,-0.02444852888584137,-0.1530608981847763,-0.5452880263328552,-1.1205127239227295,-1.5701817274093628,-2.076728343963623,-2.088278293609619
1.2450376749038696,1.2727222442626953,1.2696772813796997,1.3377246856689453,1.4958381652832031,1.8250713348388672,1.6294357776641846,1.3362451791763306,1.7031235694885254,2.0217883586883545,1.276485800743103,1.0124998092651367,1.1574718952178955,1.311694622039795,1.0428296327590942,0.7515894174575806,0.9510974287986755,1.020033597946167,0.8354195356369019,0.9068299531936646,0.7790425419807434,0.538036584854126,0.5090358257293701,0.5411047339439392,0.8197469711303711,0.8587532043457031,0.6471514105796814,0.5309913158416748,0.4174090027809143,0.22552409768104553,0.22125686705112457,0.39396223425865173,1.2629066705703735,1.3981750011444092,0.9477236270904541,0.6751108765602112,0.6165792942047119,0.43710824847221375,0.09563424438238144,-0.35075631737709045,-0.666244387626648,-1.2807613611221313,-2.085200309753418
1.2114640474319458,1.240831971168518,1.2576152086257935,1.3114417791366577,1.4150606393814087,1.6625995635986328,1.0887787342071533,1.3361455202102661,1.7591925859451294,1.4941599369049072,0.9429865479469299,0.9200457334518433,0.6726683974266052,0.32698312401771545,0.07593216001987457,-0.15956036746501923,-0.3162374198436737,-0.2965084910392761,-0.05785277485847473,0.09056638181209564,0.07074958831071854,0.21464723348617554,0.24687151610851288,-0.0036240038461983204,0.05010104924440384,0.23408295214176178,0.3294673562049866,0.5415736436843872,0.7941205501556396,0.8844181895256042,0.9365028738975525,0.8346529603004456,0.9244537353515625,0.9031490087509155,0.5451499223709106,0.31113770604133606,0.2868397533893585,0.11727087199687958,0.1932879090309143,-0.08659344166517258,-0.5752328634262085,-0.6727092266082764,-1.241569995880127
1.2176162004470825,1.258718490600586,1.2758889198303223,1.3940962553024292,1.6750223636627197,1.443848967552185,1.3037794828414917,1.5835298299789429,1.2011343240737915,0.7318507432937622,0.4804469347000122,0.4406163990497589,0.13431121408939362,0.2068869024515152,0.1907794177532196,-0.22596648335456848,-0.8473785519599915,-1.1863945722579956,-0.9645561575889587,-0.8476138710975647,-0.686759889125824,-0.5470190644264221,-0.5591957569122314,-0.4253467321395874,0.25678446888923645,1.066603422164917,1.37964928150177,1.3297429084777832,1.319706678390503,1.0593352317810059,0.7395933270454407,0.22574542462825775,-0.162896066904068,-0.07636652141809464,0.12863940000534058,0.3203487992286682,0.5367285013198853,0.7360008955001831,1.2899343967437744,1.182145118713379,0.1522451639175415,-0.37200671434402466,-0.2644023597240448
1.251261591911316,1.3186522722244263,1.3954551219940186,1.5444655418395996,1.9383360147476196,1.6289069652557373,1.5035382509231567,1.3906842470169067,0.483655720949173,-0.07925448566675186,-0.14140111207962036,-0.04206366464495659,0.1628546267747879,0.6736656427383423,0.57391756772995,0.3124476373195648,-0.16624245047569275,-0.8078573942184448,-1.2597918510437012,-1.1591072082519531,-0.769641637802124,-0.5584505796432495,-0.3502272069454193,0.5353720784187317,1.4644466638565063,1.865534782409668,1.7552876472473145,1.3990899324417114,0.9310895800590515,0.4978570342063904,0.1566038429737091,0.014184371568262577,-0.5478024482727051,-0.37952515482902527,0.4120591878890991,0.9519743919372559,1.11281156539917,1.1511346101760864,1.223850965499878,1.272659420967102,0.982260525226593,0.5874475836753845,0.6241517663002014
1.3209326267242432,1.4413578510284424,1.5480467081069946,1.6889406442642212,1.8994003534317017,1.6655821800231934,1.4130750894546509,1.152669906616211,0.46967095136642456,0.05051547661423683,-0.12345883995294571,-0.09762545675039291,-0.033599887043237686,0.1255953311920166,0.19884487986564636,0.3775956630706787,-0.29766789078712463,-1.0421838760375977,-0.9661082625389099,-0.6987857818603516,-0.5860572457313538,-0.26680251955986023,0.6667829751968384,1.55585777759552,1.8992228507995605,1.7800276279449463,1.5137120485305786,1.0520281791687012,0.4844619929790497,0.09808729588985443,-0.021567191928625107,-0.03717794641852379,-0.5209019780158997,-0.35862022638320923,0.33096572756767273,0.7294868230819702,0.7422745227813721,0.2894725501537323,-0.26930031180381775,-0.5871806740760803,-0.20763757824897766,-0.11817429959774017,-0.029419712722301483
1.4113035202026367,1.5124025344848633,1.6503475904464722,1.7138646841049194,1.6957330703735352,1.3488975763320923,1.1719646453857422,0.6730839610099792,0.5075666308403015,0.7204753160476685,0.5426636338233948,0.33127105236053467,0.017293769866228104,-0.6486868858337402,-0.6360733509063721,-0.4266682267189026,-0.20947107672691345,-1.6785290241241455,-1.6986740827560425,-1.434228777885437,-0.922039806842804,0.25252968072891235,1.531578540802002,1.957586407661438,1.7395879030227661,1.2944726943969727,0.7861629128456116,0.4295024871826172,0.010902628302574158,-0.2042243778705597,-0.2792840898036957,-0.19871832430362701,0.1500466763973236,0.49700215458869934,0.6402914524078369,0.6562594175338745,0.8090144991874695,0.5000141263008118,-0.28093189001083374,-0.8597651720046997,-1.023789644241333,-1.4014978408813477,-1.6513971090316772
1.4177860021591187,1.4844577312469482,1.5869014263153076,1.6259055137634277,1.3920360803604126,1.0054726600646973,0.5855565071105957,0.14210838079452515,0.06071941554546356,0.1781032681465149,0.20207978785037994,0.17687535285949707,-0.1803319752216339,-0.9538689255714417,-1.381300449371338,-1.1883394718170166,-0.44902530312538147,-0.9128851890563965,-1.5246502161026,-1.0754626989364624,0.32036319375038147,1.5951863527297974,2.0118064880371094,1.8119720220565796,1.1614267826080322,0.4906814992427826,-0.062312833964824677,-0.18917366862297058,0.4352356791496277,0.6989917755126953,0.5883834362030029,0.7766068577766418,1.2548046112060547,1.4467601776123047,1.2688237428665161,1.1694016456604004,1.2418991327285767,1.1518696546554565,0.7284120917320251,0.2896568477153778,-0.1557098925113678,-0.7598297595977783,-1.7717171907424927
1.4009753465652466,1.4424084424972534,1.5148241519927979,1.4905062913894653,0.9470068216323853,0.42663347721099854,0.1156066432595253,-0.13610488176345825,-0.29170501232147217,-0.5617622137069702,-0.6895303726196289,-0.7258968949317932,-0.4178880453109741,-0.22208677232265472,-0.353823721408844,-0.32851776480674744,-0.5141626000404358,0.16120460629463196,0.4002850353717804,0.7692373394966125,1.7438369989395142,2.093749761581421,1.849349856376648,1.5129599571228027,0.7521176338195801,0.3766670525074005,0.13899457454681396,0.8556694388389587,1.7840996980667114,1.5509986877441406,1.322451114654541,1.3050416707992554,1.2867294549942017,1.2767263650894165,1.3275713920593262,1.354671597480774,0.8315629959106445,0.5053226947784424,0.40059536695480347,0.14673444628715515,-0.3289022147655487,-0.6596783399581909,-1.2564620971679688
1.399464726448059,1.4276762008666992,1.434889316558838,1.3004481792449951,0.6754497289657593,-0.18570716679096222,-0.43135133385658264,-0.31868794560432434,-0.42093998193740845,-0.6052370071411133,-0.8248990774154663,-1.2043638229370117,-0.7451627254486084,0.39333248138427734,1.0880967378616333,1.0248188972473145,1.0382331609725952,1.0942350625991821,1.6510307788848877,1.6108225584030151,1.9414716958999634,1.755773663520813,1.305765986442566,0.7915166616439819,0.7802720069885254,1.307478904724121,1.4473109245300293,1.9161347150802612,1.5843571424484253,0.8883213400840759,0.5223971605300903,0.6913184523582458,0.84136962890625,0.7404452562332153,0.7767079472541809,0.7610618472099304,0.28479716181755066,-0.16170868277549744,-0.24668893218040466,-0.18141473829746246,-0.1334536075592041,-0.20713017880916595,-0.1633269041776657
1.385603666305542,1.3610976934432983,1.29154634475708,1.0802949666976929,0.5426527857780457,-0.4843934178352356,-1.0870704650878906,-0.756902813911438,-0.6893019676208496,-0.4231473505496979,-0.6014856696128845,-1.4554648399353027,-1.5041629076004028,-0.550880491733551,0.24633468687534332,0.9360679984092712,1.2140045166015625,1.4343914985656738,1.6072584390640259,1.196826457977295,0.9979549050331116,0.7040778398513794,0.2534625232219696,0.17217420041561127,1.1321996450424194,1.8352017402648926,1.50527024269104,0.537399172782898,-0.48629915714263916,-0.6693010330200195,-0.22259823977947235,0.8926878571510315,1.2849838733673096,0.8011330962181091,0.7198135256767273,0.7003737688064575,0.7203977704048157,0.7825471758842468,0.97450852394104,1.2672423124313354,1.6367990970611572,1.7059369087219238,1.2270524501800537
1.3397539854049683,1.2597299814224243,1.1380387544631958,0.9046262502670288,0.44455331563949585,0.0762740820646286,-0.731078565120697,-1.2089093923568726,-1.193610668182373,-0.4639583230018616,-0.5791971683502197,-1.3696260452270508,-1.3445125818252563,-0.9433274865150452,-1.0613166093826294,-0.6185682415962219,0.014162594452500343,0.5376955270767212,0.46143344044685364,0.20941494405269623,0.1282752901315689,0.2388366013765335,0.38089871406555176,0.8089878559112549,1.3000247478485107,1.3466311693191528,1.0172863006591797,0.39704030752182007,-0.6298706531524658,-1.3591777086257935,-0.22133693099021912,1.5390921831130981,1.841984748840332,1.3950365781784058,1.2533845901489258,1.0435065031051636,0.9958959817886353,1.3631224632263184,1.9239588975906372,1.8291436433792114,1.5229384899139404,1.3625448942184448,0.8192785382270813
1.2302829027175903,1.1376304626464844,1.009097695350647,0.8303672671318054,0.6432328224182129,0.5612939596176147,-0.027520200237631798,-0.7942183017730713,-1.1803045272827148,-1.1089235544204712,-0.9334366321563721,-0.7021595239639282,-0.3429083824157715,0.028192488476634026,-0.07669024914503098,-0.3515479266643524,-0.26042628288269043,0.04241956025362015,0.27350693941116333,0.5163558125495911,0.6736113429069519,0.7510005235671997,0.7850263714790344,0.5835370421409607,0.3178718388080597,0.5549994707107544,1.3520832061767578,1.6168365478515625,1.123295545578003,0.023819848895072937,0.7698792219161987,1.9532889127731323,1.8454601764678955,1.5575799942016602,1.1090703010559082,0.7340748906135559,0.6182718276977539,0.8549440503120422,1.2267569303512573,0.9947217702865601,0.5164013504981995,0.4087631106376648,0.4323204755783081
1.0812842845916748,0.9639779329299927,0.8321606516838074,0.7019132971763611,0.736208975315094,0.620734453201294,0.5512255430221558,0.3049792945384979,-0.040812935680150986,-0.42602142691612244,-0.42703184485435486,-0.417876660823822,-0.4490859806537628,-0.3519185781478882,-0.01231073122471571,-0.11018159985542297,0.04612141475081444,0.7294941544532776,0.9893077611923218,0.8234655261039734,0.4626598656177521,0.3350769281387329,0.28195440769195557,0.25115737318992615,0.06106994301080704,0.2707805335521698,0.7494507431983948,1.2225165367126465,1.5821828842163086,1.5338451862335205,2.047546625137329,1.8915925025939941,1.2772969007492065,0.9652400016784668,0.6127910017967224,0.3289938271045685,0.28880375623703003,0.3368685245513916,0.32500237226486206,0.39561131596565247,0.2314748913049698,0.09897172451019287,0.3280818462371826
0.9062082767486572,0.7437005043029785,0.5939617156982422,0.42988696694374084,0.3156501054763794,0.27877336740493774,0.3900275230407715,0.5556045770645142,0.8934286832809448,0.8752898573875427,0.5560446977615356,-0.051803652197122574,-0.2123367041349411,-0.36739471554756165,-0.4487171769142151,-0.4148809015750885,0.4311314821243286,1.040117621421814,0.7627714276313782,0.28995481133461,-0.34211623668670654,-0.24188272655010223,0.15290701389312744,0.45575666427612305,0.27628207206726074,-0.019494015723466873,-0.6803845763206482,-0.4496322274208069,0.7773385643959045,1.7008261680603027,2.0417392253875732,1.3380446434020996,0.4481685757637024,0.08206997811794281,0.02809055522084236,-0.0794258862733841,-0.09051485359668732,-0.08504515141248703,-0.2301516830921173,-0.2483334094285965,-0.2978978753089905,-0.4446084797382355,-0.5700847506523132
0.618950605392456,0.4736074209213257,0.3177764117717743,0.1781293749809265,-0.027766112238168716,-0.0729072093963623,-0.2907763421535492,-0.3256415128707886,0.16573452949523926,0.34396785497665405,0.4586244523525238,0.15992532670497894,0.6312755346298218,0.6822125315666199,0.37215256690979004,0.2699867784976959,0.8482508063316345,0.8289083242416382,0.4411724805831909,0.1894088089466095,-0.15801025927066803,-0.2553991377353668,-0.08615603297948837,-0.19095700979232788,-0.24163980782032013,-0.35040006041526794,-0.842251181602478,-1.1146953105926514,-0.49714627861976624,0.43818145990371704,0.9007783532142639,0.68205726146698,0.08921395987272263,-0.26637640595436096,-0.19232434034347534,-0.05950765684247017,-0.014784716069698334,0.12448003888130188,0.12328596413135529,-0.06422963738441467,-0.003035247325897217,-0.07825958728790283,-0.3669643700122833
