demo/sfcwind/1730-wind-surface-level-gfs-1.0.json
{"header": {"productDefinitionTemplate": 0, "surface1Type": 103, "productStatus": 0, "disciplineName": "Meteorological products", "subDivisions": 0, "winds": "true", "parameterNumberName": "V-component_of_wind", "discipline": 0, "surface2Value": 0, "significanceOfRTName": "Start of forecast", "surface2TypeName": "Missing", "surface2Type": 255, "productTypeName": "Forecast products", "dx": 0.024617210030555725, "dy": 0.01798853650689125, "numberPoints": 65160, "productStatusName": "Operational products", "gribEdition": 2, "parameterUnit": "m.s-1", "forecastTime": 0, "refTime": "2020-09-30T15:30:00.000Z", "productType": 1, "genProcessTypeName": "Forecast", "scanMode": 0, "genProcessType": 2, "gribLength": 11338.0, "significanceOfRT": 1, "productDefinitionTemplateName": "Analysis/forecast at horizontal level/layer at a point in time", "centerName": "WRF OUTPUT", "la1": 43.66691207885742, "la2": 42.426788330078125, "lo2": 13.70867919921875, "gridUnits": "degrees", "surface1Value": 10, "shapeName": "Earth spherical with radius of 6,371,229.0 m", "surface1TypeName": "Specified height level above ground", "nx": 70.0, "ny": 70.0, "lo1": 12.008544921875, "basicAngle": 0, "gridDefinitionTemplate": 0, "shape": 6, "parameterNumber": 3, "subcenter": 0, "parameterCategoryName": "Momentum", "parameterCategory": 2, "center": 0, "gridDefinitionTemplateName": "Latitude_Longitude", "resolution": 48}, "data":
[rows 0 to 18 of 70, columns 0 to 42 of 70]
1.7608966827392578,1.8475782871246338,2.0767741203308105,2.190429925918579,2.1976587772369385,2.1320412158966064,2.1083152294158936,1.8312861919403076,1.5264118909835815,1.246150016784668,0.2200831174850464,-0.0540822334587574,-0.17154806852340698,-0.6501311659812927,-0.937964677810669,-0.9148244261741638,-1.085538625717163,-1.2441800832748413,-1.692267894744873,-2.1005825996398926,-2.1928186416625977,-2.202394723892212,-2.232558012008667,-2.058232069015503,-1.7495778799057007,-0.9217828512191772,-0.6668426394462585,-0.4765630066394806,-0.3721562623977661,-0.21386252343654633,-0.25102823972702026,-0.18427713215351105,-0.1921146661043167,-0.3089197278022766,-0.3793255090713501,-0.5740200877189636,-0.7335764169692993,-0.7588909864425659,-0.7626006007194519,-0.7430728077888489,-0.8265201449394226,-0.8286716938018799,-0.8447710275650024
1.843469262123108,1.8388586044311523,2.108166456222534,2.132312536239624,2.076321601867676,1.9462865591049194,1.8446773290634155,1.5492157936096191,1.190656065940857,0.93404620885849,0.13174843788146973,-0.003996156621724367,0.0008614392136223614,-0.39873865246772766,-0.6739493608474731,-0.6989189982414246,-0.8357941508293152,-1.175230860710144,-1.711411476135254,-2.116469144821167,-2.160776376724243,-2.17760968208313,-2.082010507583618,-1.9824976921081543,-1.6228814125061035,-0.791761577129364,-0.50819331407547,-0.27316492795944214,-0.16347774863243103,-0.05246492475271225,-0.2058115005493164,-0.11867443472146988,-0.1569017767906189,-0.2856059670448303,-0.35669177770614624,-0.5059522390365601,-0.6612185835838318,-0.6827666163444519,-0.7090405225753784,-0.7286635041236877,-0.852578341960907,-0.8799231648445129,-0.9386299252510071
1.9555842876434326,1.9745757579803467,2.0534555912017822,1.993456482887268,1.8527967929840088,1.7052682638168335,1.5778428316116333,1.559378981590271,1.2721890211105347,1.011436104774475,0.7341515421867371,0.5633952617645264,0.41020506620407104,0.1957055628299713,-0.07505118101835251,-0.25059258937835693,-0.4791875183582306,-0.7987599968910217,-1.111190915107727,-1.269927978515625,-1.4056105613708496,-1.4209702014923096,-1.4229274988174438,-1.2946797609329224,-1.147265911102295,-0.7337149381637573,-0.4815394878387451,-0.2085101157426834,-0.08367595076560974,-0.05756162479519844,-0.18656577169895172,-0.21318766474723816,-0.29856565594673157,-0.422403484582901,-0.5480996966362,-0.6880818605422974,-0.7897977828979492,-0.8694738149642944,-0.9196447730064392,-0.9915250539779663,-1.0661916732788086,-1.1365983486175537,-1.213639497756958
2.1558895111083984,1.9505414962768555,1.9525669813156128,1.8269364833831787,1.5699310302734375,1.2749724388122559,0.9101649522781372,0.8033366203308105,0.7569236159324646,0.7983555197715759,0.8193058967590332,0.9118679165840149,0.9711512327194214,0.9002837538719177,0.8039999604225159,0.606855571269989,0.19664353132247925,-0.3274681270122528,-0.7182343006134033,-0.8751183748245239,-1.287431240081787,-1.4167160987854004,-1.4195507764816284,-1.4247312545776367,-1.2963567972183228,-1.103872299194336,-0.4881822168827057,0.3405393660068512,0.382985919713974,0.2001999318599701,0.07736315578222275,0.01547804195433855,-0.0969855785369873,-0.315744549036026,-0.5782028436660767,-0.8011265397071838,-0.9396328330039978,-1.040165662765503,-1.0800220966339111,-1.1036016941070557,-1.1786428689956665,-1.262520432472229,-1.3666584491729736
2.175424337387085,1.8833836317062378,1.8399646282196045,1.681861162185669,1.3719050884246826,1.1157537698745728,1.2491350173950195,1.1682308912277222,1.2344119548797607,1.176103949546814,1.0228792428970337,0.9160471558570862,0.8070523738861084,0.6526725888252258,0.6077118515968323,0.4234198033809662,0.32050177454948425,0.04274393990635872,-0.18378835916519165,-0.38945960998535156,-0.9629170894622803,-1.0964313745498657,-0.9397165179252625,-0.8464798331260681,-0.9280446767807007,-0.6215587258338928,-0.231111079454422,0.6474864482879639,0.48220589756965637,0.25224927067756653,-0.11309804022312164,-0.22611741721630096,-0.4051535129547119,-0.5810001492500305,-0.7884469628334045,-0.9349451065063477,-1.037829875946045,-1.047292709350586,-1.0432308912277222,-1.1293970346450806,-1.2615662813186646,-1.389316201210022,-1.51003098487854
2.0095455646514893,1.7411936521530151,1.6069484949111938,1.4983552694320679,1.2969015836715698,1.330678105354309,1.6534324884414673,1.4875668287277222,1.3685697317123413,0.9385113716125488,0.6165229678153992,0.38965922594070435,0.3170832693576813,0.3178331255912781,0.3542889356613159,0.47163692116737366,0.8148287534713745,0.8067430853843689,0.9611600041389465,0.849669873714447,0.6407541036605835,0.20106667280197144,-0.20692862570285797,-0.23595938086509705,-0.3424789607524872,-0.15610754489898682,0.21973463892936707,0.2763059139251709,-0.01603466272354126,-0.26302096247673035,-0.6462488770484924,-0.764413595199585,-0.7322905659675598,-0.6805785894393921,-0.7388293743133545,-0.8288276195526123,-0.9066466093063354,-0.9402135610580444,-1.0861743688583374,-1.3239331245422363,-1.4959877729415894,-1.5702465772628784,-1.6441969871520996
1.6449471712112427,1.3682860136032104,1.3170117139816284,1.2482566833496094,1.1056779623031616,1.0054371356964111,0.7719035744667053,0.48825839161872864,0.5771363377571106,0.534679651260376,0.6288447380065918,0.6976016759872437,0.7547021508216858,0.7033906579017639,0.8145176768302917,1.5040892362594604,1.7526227235794067,1.5965579748153687,1.6928271055221558,1.8081578016281128,1.6100994348526,1.0740563869476318,0.5190877318382263,0.2110753059387207,-0.17945274710655212,-0.37586113810539246,-0.17552652955055237,-0.6659402847290039,-0.7849808931350708,-0.6735020279884338,-0.531298041343689,-0.5186765193939209,-0.31459492444992065,-0.3589874804019928,-0.5806683897972107,-0.7827895879745483,-0.90212082862854,-1.1281647682189941,-1.3869948387145996,-1.5441960096359253,-1.5838203430175781,-1.61577570438385,-1.6911115646362305
0.9987866878509521,0.8594517707824707,0.8543164134025574,0.8733842372894287,0.6822924613952637,0.42826828360557556,0.2437833845615387,0.19798898696899414,0.48202750086784363,0.6691934466362,0.6544832587242126,0.7359263300895691,0.6524465680122375,0.9926740527153015,1.5389841794967651,2.058419942855835,2.0399158000946045,1.8140617609024048,1.602988600730896,1.517433524131775,1.1076704263687134,0.9926428198814392,1.2892334461212158,1.4467155933380127,1.3195219039916992,0.7290662527084351,-0.26049649715423584,-1.1053534746170044,-1.147189974784851,-1.024869441986084,-0.6562502980232239,-0.5317732691764832,-0.5697089433670044,-0.7905221581459045,-0.9870303273200989,-1.0396246910095215,-1.1408904790878296,-1.228893756866455,-1.2453821897506714,-1.3527473211288452,-1.488034963607788,-1.670953392982483,-1.8328787088394165
0.44762641191482544,0.3607158958911896,0.4535842537879944,0.5251340866088867,0.32804444432258606,0.14256921410560608,0.14479529857635498,0.3598368763923645,0.4913008213043213,0.6223190426826477,0.8826669454574585,0.9711220860481262,1.102184534072876,2.2471346855163574,2.3683695793151855,2.179347515106201,1.9113881587982178,1.600602388381958,1.2559115886688232,0.9672111868858337,0.7534911632537842,0.7832366228103638,1.1159526109695435,1.4658169746398926,1.7248075008392334,1.1571896076202393,0.845330536365509,0.2316480427980423,-0.6851249933242798,-0.8341928720474243,-1.1003252267837524,-1.0362151861190796,-1.077120065689087,-1.1306686401367188,-1.1427600383758545,-1.1621602773666382,-1.1333317756652832,-1.0630450248718262,-1.1039503812789917,-1.2817325592041016,-1.6851531267166138,-2.0582404136657715,-2.2224602699279785
0.15330475568771362,0.14125221967697144,0.2366785854101181,0.31294435262680054,0.1857134848833084,0.27622148394584656,0.48012787103652954,0.9581634998321533,1.3244777917861938,1.1501582860946655,1.32932448387146,1.4742004871368408,1.9444608688354492,2.50260066986084,2.002444267272949,1.6203746795654297,1.426883339881897,1.2225472927093506,0.9832247495651245,0.792755126953125,1.0751959085464478,1.559483289718628,1.2641775608062744,0.8688731789588928,0.7309956550598145,1.5658938884735107,2.2600595951080322,1.5065304040908813,-0.42779502272605896,-0.767642080783844,-1.4505195617675781,-1.3420108556747437,-1.1539998054504395,-1.249058723449707,-1.1669272184371948,-1.1690113544464111,-1.1518291234970093,-1.140790581703186,-1.424736738204956,-1.8085296154022217,-2.2695915699005127,-2.5361099243164062,-2.4158079624176025
0.031097551807761192,0.03434578701853752,0.14742371439933777,0.21054770052433014,0.20531518757343292,0.7129599452018738,1.073104977607727,1.3815627098083496,1.2712794542312622,0.8643962740898132,1.2647665739059448,1.6788698434829712,1.8390328884124756,1.7518988847732544,1.3083794116973877,1.020742654800415,0.8136956095695496,0.7109360694885254,1.119179606437683,1.3231853246688843,1.6063737869262695,2.101940155029297,1.630051851272583,1.1027543544769287,0.7738267183303833,1.5558212995529175,1.8305801153182983,1.5815246105194092,0.5289148092269897,-0.9490950107574463,-1.072774052619934,-0.7209118008613586,-0.7825252413749695,-1.3382015228271484,-1.1919405460357666,-1.181066632270813,-1.4784945249557495,-1.510462760925293,-1.6705927848815918,-2.218374013900757,-2.5195648670196533,-2.080322742462158,-1.768251895904541
0.030904781073331833,0.012109171599149704,0.13119129836559296,0.19850517809391022,0.35172390937805176,0.7779784798622131,1.0257340669631958,0.9210076332092285,0.017119187861680984,0.0839119553565979,1.0073589086532593,1.467477560043335,1.3115819692611694,1.047634482383728,0.7744102478027344,0.558595597743988,0.3860377371311188,0.7379782795906067,1.6397463083267212,1.674666404724121,1.6116209030151367,1.4391825199127197,1.225898027420044,1.0005894899368286,0.854809582233429,0.44942033290863037,0.2936572730541229,1.1185327768325806,1.4512734413146973,0.025820106267929077,-1.0040702819824219,-0.7129955887794495,-0.8648067116737366,-1.4191889762878418,-1.2442892789840698,-1.4162195920944214,-1.6323566436767578,-1.6928762197494507,-1.583462119102478,-1.4397344589233398,-1.4718037843704224,-0.7541162967681885,-1.164158582687378
0.15628916025161743,0.10501354932785034,0.17207899689674377,0.20399373769760132,0.17921282351016998,0.13741259276866913,0.1127101257443428,0.1372717320919037,-0.17184221744537354,0.3287540674209595,0.7557963728904724,0.9801755547523499,0.8848668336868286,0.7647321820259094,0.6453066468238831,0.6547383069992065,0.8526893854141235,1.4250023365020752,1.7453747987747192,1.484574317932129,1.0701136589050293,0.8219856023788452,0.9763222932815552,1.190901756286621,1.0890274047851562,0.6003226041793823,0.22981683909893036,0.29187652468681335,0.47135213017463684,0.8779724836349487,-0.06633555889129639,-1.0167591571807861,-1.6356004476547241,-1.6429251432418823,-1.3184537887573242,-1.8238131999969482,-1.7983225584030151,-1.6457276344299316,-1.6050529479980469,-1.0671430826187134,-0.59161376953125,-0.25995469093322754,-1.023898720741272
0.3860769271850586,0.2878742218017578,0.24143406748771667,0.22547569870948792,0.22129499912261963,0.3280295431613922,0.10584628582000732,0.35900551080703735,0.9227103590965271,1.5320074558258057,1.6096827983856201,1.436283826828003,1.1365077495574951,1.1810765266418457,1.1411417722702026,1.128317952156067,1.358161211013794,1.504923939704895,1.355848789215088,0.9960628747940063,0.6970195174217224,0.9170670509338379,1.2951545715332031,1.3567941188812256,1.2263966798782349,0.7816101908683777,0.11674715578556061,-0.6364507079124451,-0.8288517594337463,0.10606230795383453,0.3499199450016022,-0.28242719173431396,-0.7404255867004395,-1.6537058353424072,-1.4010469913482666,-1.7330670356750488,-1.6311354637145996,-1.3829667568206787,-1.5357872247695923,-1.1600897312164307,-0.5653002262115479,-0.81645268201828,-1.2997312545776367
0.5629479885101318,0.4687497317790985,0.32741180062294006,0.25546127557754517,0.2943040430545807,0.07681930810213089,0.12743115425109863,0.4099995195865631,0.8753174543380737,1.534314751625061,1.7204828262329102,1.4917577505111694,1.1511880159378052,1.1793991327285767,0.9155927300453186,1.0598163604736328,1.3999111652374268,1.3735833168029785,1.0705034732818604,0.6527438759803772,0.9450474977493286,1.4929183721542358,1.4379558563232422,0.7986194491386414,0.35684719681739807,0.07796929031610489,-0.4190877079963684,-0.5354679822921753,-0.00756989698857069,0.23019692301750183,-0.1341419219970703,-0.058740247040987015,0.2797536849975586,-1.3918073177337646,-1.7655130624771118,-1.5134482383728027,-1.443888783454895,-1.4018338918685913,-1.5588397979736328,-1.3288627862930298,-0.5798689723014832,-1.2345402240753174,-1.6863263845443726
0.7421320080757141,0.6621453762054443,0.4953334927558899,0.3917853534221649,0.3983615040779114,0.05959488824009895,0.4768574833869934,0.42941775918006897,0.6686107516288757,1.3820551633834839,1.8018375635147095,1.6716450452804565,1.2111210823059082,0.870129406452179,0.5932053923606873,1.1875107288360596,1.2705844640731812,0.838801383972168,0.4574505686759949,0.770831286907196,1.7047895193099976,1.7117902040481567,1.2788448333740234,0.8131340742111206,0.4929870665073395,0.44064900279045105,0.48274070024490356,0.8997353315353394,1.6108999252319336,1.8809113502502441,0.9180974364280701,-0.12710945308208466,-0.28689444065093994,-0.8780018091201782,-2.060692310333252,-1.817297101020813,-1.4423904418945312,-1.6239304542541504,-1.7214137315750122,-1.7745862007141113,-0.22239921987056732,-1.1364834308624268,-1.648082971572876
0.9096804857254028,0.8244736790657043,0.6814764142036438,0.6029475331306458,0.7980473637580872,1.1301790475845337,1.3035595417022705,1.180432915687561,1.642518401145935,2.110107183456421,2.1299240589141846,1.638821005821228,1.3631844520568848,1.2423559427261353,1.4628726243972778,1.4912877082824707,0.6470513343811035,0.05355985462665558,0.7486898303031921,1.64948308467865,1.7182682752609253,1.208433985710144,0.9884582757949829,1.0137525796890259,0.8603084683418274,0.8313056826591492,1.086232304573059,1.4554907083511353,1.7091174125671387,2.0163111686706543,1.5533037185668945,0.5066515207290649,-0.11203404515981674,0.23545245826244354,-0.847258985042572,-1.3453620672225952,-0.8935388326644897,-2.049177408218384,-2.031376361846924,-1.8415532112121582,-1.1552952527999878,-1.4286667108535767,-1.3180923461914062
1.0306388139724731,0.9677670001983643,0.8784175515174866,0.9184414744377136,1.1955922842025757,1.4866877794265747,1.3987447023391724,1.7175365686416626,2.1573026180267334,2.1023309230804443,1.6780284643173218,1.4011286497116089,1.6300617456436157,1.7955607175827026,1.7944600582122803,0.8546071648597717,0.2488824725151062,0.917473316192627,1.7935975790023804,1.8691643476486206,0.9511235356330872,0.20433764159679413,-0.05317283421754837,0.2137397676706314,0.6231365203857422,0.9739633202552795,1.2063860893249512,1.1896575689315796,1.116842269897461,0.9068440794944763,1.471503734588623,1.5740832090377808,0.8446921706199646,0.9096412062644958,0.9067660570144653,0.31508395075798035,0.17138679325580597,-1.1802018880844116,-1.7984603643417358,-1.5203207731246948,-1.482416033744812,-0.8398804664611816,-0.41384822130203247
1.1722615957260132,1.1212331056594849,1.1368412971496582,1.190950632095337,1.459707260131836,1.7381813526153564,1.6459745168685913,1.9849872589111328,2.1742351055145264,1.8874711990356445,1.7574766874313354,1.8154691457748413,1.8339101076126099,1.7627500295639038,1.1980923414230347,0.5883515477180481,1.1175979375839233,1.85429048538208,1.3091928958892822,0.6419263482093811,0.2672971785068512,0.04832815006375313,-0.2824614942073822,-0.4537392556667328,-0.04288742318749428,0.5211912393569946,0.6264963150024414,0.4849092364311218,0.26003503799438477,0.23420687019824982,1.0298413038253784,1.797666311264038,1.5200490951538086,1.2704557180404663,1.2496460676193237,1.03445303440094,0.8480671644210815,0.29097214341163635,-0.3650418221950531,-0.48053300380706787,-0.4150574207305908,0.23422548174858093,0.36028966307640076
