demo/sfcwind/1730-wind-surface-level-gfs-1.0.json
{"header": {"productDefinitionTemplate": 0, "surface1Type": 103, "productStatus": 0, "disciplineName": "Meteorological products", "subDivisions": 0, "winds": "true", "parameterNumberName": "U-component_of_wind", "discipline": 0, "surface2Value": 0, "significanceOfRTName": "Start of forecast", "surface2TypeName": "Missing", "surface2Type": 255, "productTypeName": "Forecast products", "dx": 0.024617210030555725, "dy": 0.01798853650689125, "numberPoints": 65160, "productStatusName": "Operational products", "gribEdition": 2, "parameterUnit": "m.s-1", "forecastTime": 0, "refTime": "2020-09-30T15:30:00.000Z", "productType": 1, "genProcessTypeName": "Forecast", "scanMode": 0, "genProcessType": 2, "gribLength": 11338.0, "significanceOfRT": 1, "productDefinitionTemplateName": "Analysis/forecast at horizontal level/layer at a point in time", "centerName": "WRF OUTPUT", "la1": 43.66691207885742, "la2": 42.426788330078125, "lo2": 13.70867919921875, "gridUnits": "degrees", "surface1Value": 10, "shapeName": "Earth spherical with radius of 6,371,229.0 m", "surface1TypeName": "Specified height level above ground", "nx": 70.0, "ny": 70.0, "lo1": 12.008544921875, "basicAngle": 0, "gridDefinitionTemplate": 0, "shape": 6, "parameterNumber": 2, "subcenter": 0, "parameterCategoryName": "Momentum", "parameterCategory": 2, "center": 0, "gridDefinitionTemplateName": "Latitude_Longitude", "resolution": 48}, "data":
[rows 0 to 18 of 70, columns 0 to 42 of 70]
1.2619576454162598,1.4532338380813599,1.7601827383041382,2.1566028594970703,2.3674042224884033,2.5936877727508545,2.6810832023620605,2.6268789768218994,2.5473620891571045,2.411417245864868,2.189364433288574,1.7169002294540405,0.9344608783721924,0.23191699385643005,-0.19307787716388702,-0.4237418472766876,-0.4756110608577728,-0.4390869438648224,-0.43067798018455505,-0.43525201082229614,-0.4506482481956482,-0.5008777976036072,-0.658952534198761,-0.8359090685844421,-1.0342636108398438,-1.1858594417572021,-1.4103660583496094,-1.7138044834136963,-2.1016879081726074,-2.326542854309082,-2.4235002994537354,-2.6194241046905518,-2.798630475997925,-2.9649770259857178,-3.073770761489868,-3.165102243423462,-3.2132482528686523,-3.195690155029297,-3.1763973236083984,-3.158644914627075,-3.10380482673645,-3.0449812412261963,-2.9863922595977783
1.0228651762008667,1.1472949981689453,1.521059274673462,1.8511698246002197,2.11289381980896,2.380906343460083,2.5336289405822754,2.549329996109009,2.5846264362335205,2.5841786861419678,2.5111520290374756,2.175523042678833,1.521202802658081,0.7954410314559937,0.24706974625587463,-0.11119267344474792,-0.21309423446655273,-0.21092043817043304,-0.19489091634750366,-0.1924082189798355,-0.22617124021053314,-0.3138124942779541,-0.48610422015190125,-0.6836938858032227,-0.8041549324989319,-0.9703153371810913,-1.1835711002349854,-1.4406516551971436,-1.7004553079605103,-1.9706295728683472,-2.166368246078491,-2.3793277740478516,-2.566154956817627,-2.7509071826934814,-2.8916425704956055,-2.9823882579803467,-3.058570384979248,-3.1000096797943115,-3.133913993835449,-3.168553590774536,-3.1707963943481445,-3.1581106185913086,-3.1459243297576904
0.8943894505500793,1.079215407371521,1.4629490375518799,1.767660140991211,2.0719151496887207,2.306792736053467,2.5370519161224365,2.574312925338745,2.6378254890441895,2.6902923583984375,2.653449296951294,2.413304328918457,1.854871392250061,1.1440644264221191,0.6140441298484802,0.257916659116745,0.14903412759304047,0.10970510542392731,0.09315274655818939,0.08205843716859818,0.05914435535669327,-0.017627496272325516,-0.1816835105419159,-0.33500227332115173,-0.472272127866745,-0.6569606065750122,-0.899026095867157,-1.1734458208084106,-1.458797812461853,-1.7718003988265991,-2.0083701610565186,-2.2464914321899414,-2.406331777572632,-2.569840431213379,-2.7179362773895264,-2.8385210037231445,-2.9313268661499023,-3.0304486751556396,-3.1053693294525146,-3.171445608139038,-3.2119786739349365,-3.232445001602173,-3.2312755584716797
1.2472611665725708,1.434706211090088,1.5291260480880737,1.8230056762695312,2.082810878753662,2.2514054775238037,2.3646442890167236,2.3952813148498535,2.4254775047302246,2.491177797317505,2.5465149879455566,2.4629340171813965,2.1895358562469482,1.781097412109375,1.4033806324005127,1.07822585105896,0.8241639137268066,0.6589930653572083,0.5452513098716736,0.47515302896499634,0.45068228244781494,0.39062607288360596,0.23478835821151733,0.06895001977682114,-0.05972322076559067,-0.25827324390411377,-0.6063151955604553,-0.8979424834251404,-1.1393622159957886,-1.4622719287872314,-1.7493995428085327,-1.964421272277832,-2.1457936763763428,-2.302051305770874,-2.4756858348846436,-2.640533208847046,-2.789426326751709,-2.931429147720337,-3.0584919452667236,-3.166734457015991,-3.2299423217773438,-3.257495641708374,-3.2791340351104736
1.5314662456512451,1.7128753662109375,1.6903860569000244,1.9649686813354492,2.272854804992676,2.38564133644104,2.2445602416992188,1.9801652431488037,1.797337293624878,1.8467419147491455,1.96117103099823,2.153059482574463,2.3278310298919678,2.572028160095215,2.8132150173187256,2.8480031490325928,2.332369804382324,1.9513574838638306,1.8993041515350342,1.813875436782837,1.5689811706542969,1.074501395225525,0.7637696862220764,0.5789347887039185,0.7600150108337402,0.5794636607170105,-0.653147280216217,-0.938133716583252,-0.43232208490371704,-0.8622109889984131,-1.4503262042999268,-1.642834186553955,-1.903619408607483,-2.0552170276641846,-2.208616256713867,-2.4294638633728027,-2.629257917404175,-2.829738140106201,-3.0620875358581543,-3.227987766265869,-3.302037000656128,-3.354785442352295,-3.4030232429504395
1.9836008548736572,2.2446272373199463,2.087160110473633,2.2278428077697754,2.2331347465515137,2.1122241020202637,2.1463675498962402,2.2320992946624756,2.3238492012023926,2.574936866760254,2.620670795440674,2.6289970874786377,2.5197300910949707,2.2837419509887695,2.070406675338745,2.1286113262176514,2.25624680519104,2.089268922805786,1.810207486152649,1.555213451385498,1.6561990976333618,1.7299302816390991,1.6716731786727905,1.7522386312484741,1.9430067539215088,1.8711968660354614,0.38490307331085205,-0.9355116486549377,-0.6188134551048279,-0.37618377804756165,-0.6554631590843201,-1.1067087650299072,-1.4571540355682373,-1.7494944334030151,-2.0047247409820557,-2.3040013313293457,-2.615319013595581,-2.8620188236236572,-3.0333335399627686,-3.2130990028381348,-3.337841272354126,-3.4361908435821533,-3.477236747741699
2.134002447128296,2.36613130569458,2.2198679447174072,2.2340810298919678,2.3274426460266113,2.3415675163269043,2.3279366493225098,2.295657157897949,2.201821804046631,2.0616531372070312,1.9621814489364624,1.9313957691192627,1.80747652053833,1.8479406833648682,1.8720276355743408,1.9999858140945435,2.04929518699646,2.001300573348999,1.8363392353057861,1.8204598426818848,2.2737464904785156,2.480659008026123,2.2719106674194336,1.9484374523162842,1.6693631410598755,0.5713247060775757,-0.6745003461837769,-0.994488537311554,-0.6105577945709229,-0.41722676157951355,-0.7279878258705139,-1.2204304933547974,-1.6726590394973755,-1.8594727516174316,-1.9850040674209595,-2.289292573928833,-2.637986660003662,-2.83154034614563,-2.9423537254333496,-3.139676094055176,-3.354830741882324,-3.5058176517486572,-3.476480722427368
2.0083060264587402,2.268958806991577,2.1233489513397217,2.1504111289978027,2.2292377948760986,2.228212356567383,2.209822177886963,1.96794855594635,1.8812600374221802,1.883382797241211,1.7920169830322266,1.9492624998092651,1.9200010299682617,1.5591896772384644,1.4476945400238037,1.52618408203125,1.903412103652954,2.0545637607574463,2.225633144378662,2.4359681606292725,2.5644116401672363,2.5739126205444336,2.554643154144287,1.9726004600524902,1.5213829278945923,1.2574166059494019,0.5960217118263245,-0.0768127292394638,-0.5235174894332886,-0.9431386590003967,-1.1419254541397095,-1.5299140214920044,-1.8374454975128174,-1.9142767190933228,-2.146045446395874,-2.501847267150879,-2.6925954818725586,-2.7267282009124756,-2.7999165058135986,-3.08294415473938,-3.3731606006622314,-3.4589242935180664,-3.3592495918273926
1.8657417297363281,1.8518115282058716,1.883110523223877,1.9915423393249512,2.161885976791382,2.0871076583862305,1.9079136848449707,1.4625290632247925,1.2755365371704102,1.5431426763534546,1.548784613609314,1.584272027015686,1.330721378326416,1.1192861795425415,1.1717885732650757,1.510894775390625,1.9860858917236328,2.357539653778076,2.5261449813842773,2.675110340118408,2.6022331714630127,2.269446611404419,2.088062286376953,2.0156683921813965,2.331861734390259,2.4915051460266113,1.9147920608520508,0.6211972832679749,-0.2675526738166809,-0.771591305732727,-1.1297059059143066,-1.521691083908081,-1.6686264276504517,-1.6439566612243652,-1.92666494846344,-2.439512252807617,-2.4826297760009766,-2.5139477252960205,-2.730731964111328,-2.9780449867248535,-3.1722612380981445,-3.254183530807495,-3.154200553894043
1.885256052017212,1.7252570390701294,1.731086015701294,1.8384990692138672,1.9604231119155884,1.716564655303955,1.1968905925750732,0.6294411420822144,0.7424896359443665,1.2980626821517944,1.5440300703048706,1.4527833461761475,1.1355305910110474,1.3241811990737915,1.5712298154830933,1.8828892707824707,2.3563008308410645,2.7270379066467285,2.721796989440918,2.567920446395874,2.227102518081665,1.9357627630233765,1.6992900371551514,1.516128659248352,2.267529249191284,2.304365396499634,1.8330132961273193,1.8441025018692017,0.7507724165916443,-0.23992331326007843,-0.5017086267471313,-1.110874056816101,-1.3650822639465332,-1.0452609062194824,-0.9501595497131348,-1.5623829364776611,-1.842961311340332,-1.9080348014831543,-2.4487619400024414,-2.8662400245666504,-2.8332512378692627,-2.842878580093384,-2.956098794937134
1.9307748079299927,1.6387065649032593,1.5390986204147339,1.7321577072143555,1.6415036916732788,1.0339242219924927,0.6412639617919922,0.06480300426483154,0.6619690656661987,1.3280117511749268,1.0304040908813477,0.8814231157302856,0.9271871447563171,1.2317332029342651,1.5549341440200806,1.974990725517273,2.4142515659332275,2.5251669883728027,2.485591173171997,2.120844841003418,1.7738145589828491,2.2431955337524414,2.4596612453460693,2.223463773727417,1.4010288715362549,0.8696072101593018,1.7350473403930664,2.7547459602355957,1.7346271276474,0.09069804102182388,-0.3766655921936035,-0.7020177841186523,-0.8800181746482849,-0.46984100341796875,-0.5246090888977051,-0.8655225038528442,-0.8498896360397339,-1.0613940954208374,-1.5145905017852783,-1.840044379234314,-1.8923231363296509,-2.1641132831573486,-2.7141759395599365
1.9508386850357056,1.5422192811965942,1.385791540145874,1.3909698724746704,0.8409530520439148,0.4782542288303375,0.5259210467338562,0.3773140013217926,1.026961326599121,0.730497419834137,0.1443699449300766,0.6396093368530273,1.1586755514144897,1.3926349878311157,1.7117681503295898,2.213001012802124,2.3560268878936768,2.18477463722229,2.2906887531280518,2.030714988708496,1.8323121070861816,2.3082361221313477,2.706145763397217,2.2190818786621094,1.3857131004333496,0.7102681398391724,1.013687252998352,2.14359188079834,2.6144297122955322,0.6882004737854004,-0.9247801303863525,-0.4952881932258606,0.014827540144324303,0.10642238706350327,-0.5092863440513611,-0.4959813356399536,-0.11807383596897125,-0.3914673626422882,-0.544520378112793,-0.6746060848236084,-1.1718746423721313,-1.9637404680252075,-2.7718400955200195
1.9413809776306152,1.4548121690750122,1.2195451259613037,1.14018714427948,0.3698636591434479,0.15517576038837433,0.34285855293273926,0.8965112566947937,0.8347424268722534,-0.838951051235199,-0.9023177027702332,0.4568365812301636,1.1175471544265747,1.4288349151611328,1.9694126844406128,2.3557708263397217,2.118164539337158,1.832267165184021,1.8526519536972046,1.871556282043457,1.9048373699188232,2.2275285720825195,2.2739155292510986,2.1333112716674805,1.776703119277954,1.1160495281219482,0.728207528591156,1.0607285499572754,2.5236105918884277,2.3637986183166504,0.3841306269168854,-0.12934744358062744,0.13261716067790985,0.3053588569164276,-0.03666999191045761,-0.15811897814273834,0.1804783195257187,-0.09223287552595139,-0.5191360712051392,-0.7145550847053528,-1.154420018196106,-1.795140266418457,-2.0375874042510986
1.9779629707336426,1.3949599266052246,1.222428321838379,1.052711844444275,0.5767198204994202,0.2428259402513504,0.28097912669181824,0.8027887940406799,1.176516056060791,0.3127814531326294,-0.11511319130659103,0.539781391620636,1.0477060079574585,1.3164198398590088,1.629006028175354,1.8315422534942627,1.7461963891983032,1.6256976127624512,1.817923903465271,2.114280939102173,2.1257526874542236,1.8293914794921875,1.9340267181396484,2.206233024597168,2.227567434310913,2.013679265975952,1.7873775959014893,1.9331527948379517,2.4600989818573,2.5524234771728516,2.2491090297698975,1.853224515914917,0.17809581756591797,-0.564594030380249,0.3010253310203552,0.2952733635902405,0.0925954207777977,-0.16370564699172974,-0.7053492665290833,-1.1119494438171387,-1.5211162567138672,-1.749945044517517,-1.4460264444351196
2.043123245239258,1.536840796470642,1.3076188564300537,1.1459335088729858,0.988370418548584,0.7526172399520874,0.579265296459198,0.6664544939994812,1.1028310060501099,0.7963539361953735,0.286333292722702,0.5404905676841736,0.8858522176742554,1.2804179191589355,1.8641366958618164,1.998534917831421,1.7165910005569458,1.7420669794082642,2.129467248916626,2.2190964221954346,1.9597771167755127,1.7348312139511108,1.9174211025238037,2.1514101028442383,2.374971866607666,2.5190770626068115,2.4511029720306396,2.2818708419799805,2.408642292022705,2.3998806476593018,2.129225492477417,2.247776985168457,1.5981851816177368,0.3012780249118805,0.2348954975605011,0.24221785366535187,-0.14637818932533264,-0.4576762914657593,-0.5903456807136536,-0.9006070494651794,-1.6219762563705444,-1.4685654640197754,-0.9218475222587585
2.263164758682251,1.8941307067871094,1.590022087097168,1.5127315521240234,1.3448210954666138,0.6853424906730652,0.48391035199165344,0.6681767702102661,0.7021852731704712,0.46172013878822327,0.2712061107158661,0.5331962704658508,0.9058679938316345,1.3971229791641235,1.668295979499817,1.4285211563110352,1.515522837638855,2.157170534133911,2.3138413429260254,1.7887423038482666,1.3360364437103271,1.5188212394714355,1.988911509513855,2.1504430770874023,1.895890235900879,2.0330824851989746,1.9167789220809937,1.3499431610107422,1.8342443704605103,2.698061943054199,2.491075277328491,1.4902523756027222,1.5857588052749634,0.8219575881958008,-0.09238892793655396,0.1573932021856308,-0.18782900273799896,-0.4136078357696533,-0.04618402570486069,-0.2950032949447632,-0.9315521121025085,-0.5475821495056152,-0.27622827887535095
2.3878471851348877,2.1252424716949463,1.7492799758911133,1.5956441164016724,1.5090371370315552,0.975043773651123,1.0397354364395142,0.9617185592651367,0.4572538435459137,0.5256301760673523,0.7624058127403259,0.9780728816986084,1.3199821710586548,1.6486577987670898,1.323149561882019,1.3318262100219727,2.0915005207061768,2.231736898422241,1.4749993085861206,1.0985296964645386,1.4482030868530273,1.9444341659545898,2.2537128925323486,2.276113271713257,2.1168811321258545,2.131686210632324,1.8251707553863525,1.4281548261642456,1.490861415863037,2.477142810821533,2.9193081855773926,2.1331238746643066,1.5778708457946777,0.7663238644599915,-0.26631221175193787,0.061357785016298294,-0.4149896204471588,-0.8116568922996521,0.2972410023212433,-0.2948126494884491,-1.1649775505065918,-0.10175591707229614,-0.025112062692642212
2.334540367126465,2.168715476989746,1.7979568243026733,1.612608790397644,1.357793927192688,1.0495951175689697,1.016689419746399,0.9572075605392456,0.7249180674552917,0.7106821537017822,0.8951197862625122,1.0307451486587524,1.2765789031982422,1.369895339012146,1.3423197269439697,1.957189679145813,2.00188946723938,1.236154556274414,0.9635115265846252,1.6520179510116577,2.0384323596954346,2.0148277282714844,2.09801983833313,2.2687180042266846,2.1626129150390625,1.935773253440857,1.679128646850586,1.4131453037261963,1.4683799743652344,2.216520309448242,3.3232202529907227,3.2095723152160645,2.1931402683258057,1.8378033638000488,2.044938087463379,2.32900071144104,1.8730182647705078,1.070236325263977,1.2720448970794678,0.8921197056770325,0.17600172758102417,0.8300715088844299,0.16927695274353027
2.3933041095733643,2.211121082305908,1.874575138092041,1.455307960510254,1.2874480485916138,1.3058372735977173,1.0388067960739136,0.9225318431854248,1.0498220920562744,1.0660878419876099,0.9737862348556519,0.8815348744392395,1.0555304288864136,1.2857345342636108,1.7123792171478271,1.9823808670043945,1.5736759901046753,1.1619714498519897,1.3539631366729736,1.997290849685669,2.249027729034424,1.9329626560211182,1.9123669862747192,2.1660046577453613,2.3794126510620117,2.3652234077453613,2.2237210273742676,2.1084744930267334,2.028937816619873,2.0979626178741455,2.5781171321868896,3.1776325702667236,2.91982102394104,2.2873501777648926,2.400495767593384,2.738255500793457,2.8702566623687744,2.6079790592193604,2.483088493347168,2.4311370849609375,1.595017910003662,1.3475396633148193,2.113372802734375
