demo/sfcwind/1730-wind-surface-level-gfs-1.0.json
{"header": {"productDefinitionTemplate": 0, "surface1Type": 103, "productStatus": 0, "disciplineName": "Meteorological products", "subDivisions": 0, "winds": "true", "parameterNumberName": "U-component_of_wind", "discipline": 0, "surface2Value": 0, "significanceOfRTName": "Start of forecast", "surface2TypeName": "Missing", "surface2Type": 255, "productTypeName": "Forecast products", "dx": 0.024617210030555725, "dy": 0.01798853650689125, "numberPoints": 65160, "productStatusName": "Operational products", "gribEdition": 2, "parameterUnit": "m.s-1", "forecastTime": 0, "refTime": "2020-09-30T15:30:00.000Z", "productType": 1, "genProcessTypeName": "Forecast", "scanMode": 0, "genProcessType": 2, "gribLength": 11338.0, "significanceOfRT": 1, "productDefinitionTemplateName": "Analysis/forecast at horizontal level/layer at a point in time", "centerName": "WRF OUTPUT", "la1": 43.66691207885742, "la2": 42.426788330078125, "lo2": 13.70867919921875, "gridUnits": "degrees", "surface1Value": 10, "shapeName": "Earth spherical with radius of 6,371,229.0 m", "surface1TypeName": "Specified height level above ground", "nx": 70.0, "ny": 70.0, "lo1": 12.008544921875, "basicAngle": 0, "gridDefinitionTemplate": 0, "shape": 6, "parameterNumber": 2, "subcenter": 0, "parameterCategoryName": "Momentum", "parameterCategory": 2, "center": 0, "gridDefinitionTemplateName": "Latitude_Longitude", "resolution": 48}, "data":
[rows 19 to 37 of 70, columns 0 to 42 of 70]
2.3458049297332764,2.2400574684143066,1.8027204275131226,1.1710277795791626,1.0224697589874268,1.2671198844909668,1.1498457193374634,0.9655176997184753,1.0813119411468506,0.9404082894325256,0.9142696857452393,1.1104835271835327,1.275490641593933,1.4957367181777954,1.9566444158554077,1.941512107849121,1.5653425455093384,1.5439441204071045,1.8157130479812622,2.02134108543396,2.006357192993164,2.1399104595184326,2.3819339275360107,2.2655282020568848,1.8439885377883911,1.8842918872833252,2.1418046951293945,2.1270699501037598,1.8373204469680786,1.6598738431930542,2.059817314147949,2.926474094390869,3.1653544902801514,2.73559832572937,2.254958152770996,2.186553955078125,2.4200236797332764,2.8023264408111572,3.2196896076202393,3.1664798259735107,2.1269283294677734,1.4578880071640015,2.5276801586151123
2.1992032527923584,2.1205127239227295,1.6544406414031982,0.9935036301612854,0.8857306241989136,1.1818761825561523,1.2725093364715576,1.5192785263061523,1.5614980459213257,1.0261001586914062,0.8542700409889221,1.427117109298706,1.6746934652328491,1.6993286609649658,1.8910746574401855,1.9216264486312866,1.7527821063995361,1.6537086963653564,1.7420201301574707,1.829311490058899,2.076422691345215,2.192631244659424,2.085891008377075,1.9444429874420166,1.933680772781372,1.9190009832382202,1.9449783563613892,1.9246203899383545,1.8310984373092651,1.866335153579712,2.166745662689209,2.6493616104125977,3.019704580307007,2.9434096813201904,2.2527711391448975,2.2974541187286377,2.6432061195373535,2.8683509826660156,3.124049663543701,3.250190496444702,2.522075653076172,1.6833770275115967,2.200232744216919
2.1631805896759033,2.0065906047821045,1.6174100637435913,0.9370787739753723,0.7294237017631531,0.87228924036026,1.0858418941497803,1.6021562814712524,1.621695637702942,1.116370439529419,1.199528455734253,1.8079410791397095,2.279790163040161,2.099440813064575,1.724064588546753,1.6393506526947021,1.7106479406356812,1.578495979309082,1.597133755683899,1.8791613578796387,1.8698921203613281,1.6628493070602417,1.581374168395996,1.6947129964828491,1.8518227338790894,1.7077538967132568,1.554134726524353,1.7754157781600952,1.8426992893218994,1.927667498588562,2.0606603622436523,2.5608091354370117,3.040806293487549,3.0892465114593506,2.672390937805176,2.91696834564209,2.7194037437438965,2.5854952335357666,2.6598312854766846,3.092433452606201,2.9908556938171387,2.309783697128296,1.9342139959335327
2.1705925464630127,2.013134241104126,1.6017669439315796,1.0912723541259766,0.8253787755966187,0.8681544661521912,1.300382375717163,1.7366124391555786,1.4360885620117188,1.3529936075210571,1.771042823791504,1.7774605751037598,1.7386109828948975,1.6069447994232178,1.301627278327942,0.9605565667152405,0.963823676109314,1.340148687362671,1.6430718898773193,1.6531180143356323,1.5953923463821411,1.5667487382888794,1.7350126504898071,1.7969996929168701,1.6026031970977783,1.424588918685913,1.4392938613891602,1.7380062341690063,2.0483593940734863,2.051880359649658,2.0884573459625244,2.5365164279937744,3.302739143371582,3.5269460678100586,3.0456061363220215,2.6940388679504395,2.56422758102417,2.503598213195801,2.463559865951538,2.524717330932617,2.578308582305908,2.427387237548828,2.127959728240967
2.1175496578216553,1.9951239824295044,1.577757716178894,1.0779699087142944,0.645336389541626,0.6022946238517761,1.234969973564148,1.4318448305130005,1.1003913879394531,1.4359352588653564,1.8999361991882324,1.9165763854980469,1.872958779335022,1.8219759464263916,1.6179778575897217,1.2389289140701294,1.064617395401001,1.2912495136260986,1.3570880889892578,1.3679606914520264,1.5176912546157837,1.7045378684997559,1.9155024290084839,2.0911293029785156,1.8904304504394531,1.5920122861862183,1.5602054595947266,1.8372060060501099,2.1897802352905273,1.9997541904449463,1.9627968072891235,1.8132425546646118,2.193735361099243,2.9263031482696533,2.9639530181884766,2.648331880569458,2.533590793609619,2.489799976348877,2.498090982437134,2.340489387512207,2.285796880722046,2.0809779167175293,1.7255395650863647
2.039977788925171,1.9518821239471436,1.5400810241699219,0.9984508752822876,0.5113492608070374,0.6658152937889099,1.212418794631958,1.108424186706543,0.9498079419136047,1.4182049036026,1.9250223636627197,2.1021740436553955,2.0363709926605225,1.9075864553451538,1.787715196609497,1.4562749862670898,1.1954164505004883,1.4153876304626465,1.5198638439178467,1.541104793548584,1.7044017314910889,1.8248822689056396,1.9788522720336914,1.9944758415222168,1.9198163747787476,1.866566777229309,1.7435449361801147,1.6419408321380615,1.7212810516357422,1.6999763250350952,1.9487078189849854,1.4540612697601318,1.5609526634216309,3.130239963531494,3.7861838340759277,3.2443201541900635,2.8531031608581543,2.4054105281829834,2.287666082382202,2.120832920074463,2.1586649417877197,2.340068817138672,2.1185107231140137
2.150083065032959,2.099942207336426,1.590928077697754,1.1983400583267212,0.753966212272644,0.7811989784240723,0.9838502407073975,0.8166415095329285,1.0559030771255493,1.703787922859192,2.108231544494629,2.2772088050842285,2.34356951713562,2.323174238204956,2.055115222930908,1.6054047346115112,1.1742573976516724,1.2689402103424072,1.4596599340438843,1.688208818435669,1.7184605598449707,1.7264059782028198,2.008584976196289,1.8107850551605225,1.3187007904052734,1.5233769416809082,1.5579133033752441,1.4188865423202515,1.7086846828460693,2.1179885864257812,2.3398597240448,1.6934417486190796,1.4935435056686401,2.958259105682373,3.4281439781188965,2.5674831867218018,2.2173948287963867,2.109304189682007,2.396111488342285,2.756495952606201,2.4446542263031006,2.0352463722229004,1.9040080308914185
2.0002543926239014,1.9780398607254028,1.622427225112915,1.4345754384994507,1.19914972782135,0.807732343673706,0.8197393417358398,1.2023652791976929,1.4847667217254639,1.7399171590805054,2.094008684158325,2.1432507038116455,2.0797953605651855,2.0910274982452393,2.3420634269714355,1.9472081661224365,0.8660317659378052,0.5890852212905884,1.0400663614273071,1.551025629043579,1.7501299381256104,1.8573156595230103,2.002711772918701,1.6085892915725708,1.1102383136749268,1.2373226881027222,1.4926294088363647,1.6799644231796265,1.8633239269256592,2.0872802734375,2.269754648208618,1.9016332626342773,1.7376002073287964,3.0712368488311768,3.4965059757232666,2.923158645629883,2.644935369491577,2.6706180572509766,2.7898693084716797,3.5974206924438477,3.5891714096069336,2.7610208988189697,2.405766248703003
1.9025501012802124,1.943894624710083,1.6086180210113525,1.3605784177780151,1.075839638710022,1.0046417713165283,1.2157500982284546,1.5817850828170776,1.8089066743850708,1.6285933256149292,1.7875627279281616,1.9730134010314941,1.9096150398254395,2.059987783432007,2.459364414215088,2.371347665786743,1.6584550142288208,0.9911130666732788,1.0653016567230225,1.4436609745025635,1.7485431432724,1.8899234533309937,1.7476177215576172,1.151253581047058,0.8919052481651306,1.1492475271224976,1.5952961444854736,1.9060544967651367,2.1616055965423584,2.4192328453063965,2.4744033813476562,2.290632486343384,2.1980135440826416,2.6581122875213623,3.104691982269287,2.7532927989959717,2.5459909439086914,2.525315999984741,2.4922878742218018,2.9771456718444824,3.128061294555664,3.048322916030884,2.9262900352478027
2.06372332572937,2.1607577800750732,1.5070050954818726,1.1945034265518188,0.9524233937263489,0.8398077487945557,1.1369720697402954,1.6571663618087769,1.8005313873291016,1.715570330619812,1.8899202346801758,1.9945592880249023,1.9293841123580933,1.8807026147842407,2.0242583751678467,2.4170877933502197,1.582948923110962,0.15270018577575684,0.39805400371551514,1.2023530006408691,1.5005550384521484,1.5059876441955566,1.187986135482788,0.9253490567207336,1.049586534500122,1.3440946340560913,1.8739641904830933,2.2634029388427734,2.3025155067443848,2.355762004852295,2.546370029449463,2.181408405303955,1.9783226251602173,2.544323682785034,2.818850040435791,2.3177337646484375,2.383622884750366,2.6727559566497803,2.7554638385772705,2.666011333465576,2.881213665008545,2.892427921295166,2.809990167617798
1.793832778930664,1.94134521484375,1.2005987167358398,0.9862097501754761,0.7421659231185913,0.7439301013946533,1.3856229782104492,1.8885031938552856,1.8084017038345337,1.822083592414856,2.0094213485717773,2.05856990814209,2.1137588024139404,1.8542778491973877,1.6875321865081787,1.812256932258606,1.9353857040405273,1.0969651937484741,0.3637409806251526,0.9318361282348633,1.341924786567688,1.0746711492538452,0.7494471073150635,1.033684253692627,1.418013095855713,1.674393653869629,1.963577151298523,2.1757595539093018,2.1345505714416504,2.1877260208129883,2.0060417652130127,1.1902862787246704,1.0707392692565918,1.9915711879730225,2.3158769607543945,1.8029366731643677,2.148188352584839,3.180999755859375,3.16255784034729,2.6934361457824707,2.787173271179199,2.5903685092926025,2.2278120517730713
0.8644092082977295,0.9976614117622375,0.749798595905304,0.8299610614776611,0.6796640753746033,0.7052674293518066,1.4612456560134888,2.0807690620422363,2.0430705547332764,1.8394594192504883,1.788926601409912,1.993818759918213,2.212371349334717,1.9431045055389404,1.5816307067871094,1.5074584484100342,1.3446487188339233,0.85509192943573,0.8889110088348389,1.1048346757888794,0.9438883662223816,0.889491856098175,0.9916114211082458,1.4470053911209106,1.7360117435455322,1.9910751581192017,1.8218967914581299,1.323432207107544,1.3232452869415283,1.8167235851287842,2.006697177886963,1.4175293445587158,1.237247109413147,1.974870204925537,2.4796481132507324,2.301457166671753,2.462019681930542,3.296527624130249,3.8249285221099854,3.7058560848236084,3.511964797973633,3.081923007965088,2.3962273597717285
0.3783511221408844,0.47783201932907104,0.5519872307777405,0.8933342695236206,0.8506832122802734,0.7020859122276306,1.308542013168335,2.0072782039642334,2.149475574493408,1.8717358112335205,1.61855947971344,1.6492879390716553,2.1203267574310303,1.9084768295288086,1.6248937845230103,1.486488938331604,1.3046530485153198,0.7069046497344971,0.5731134414672852,0.8286997675895691,0.8748422265052795,1.2068500518798828,1.3688313961029053,1.7718937397003174,1.7541213035583496,1.4948201179504395,1.2716249227523804,1.0462493896484375,1.4246684312820435,2.0181403160095215,2.2386655807495117,1.634560227394104,1.4651308059692383,1.9231996536254883,2.147878885269165,2.306751251220703,2.6659669876098633,3.1197433471679688,3.137990713119507,3.2549870014190674,2.8985652923583984,1.9581496715545654,1.5618202686309814
0.09152505546808243,0.19431863725185394,0.4552336037158966,0.8872722387313843,1.1523033380508423,1.0860346555709839,0.9911832809448242,1.3816839456558228,1.8564969301223755,1.8398441076278687,1.6387455463409424,1.762693166732788,1.7077568769454956,1.527811884880066,1.7271431684494019,1.6751905679702759,1.7349820137023926,1.1814748048782349,0.7034425735473633,1.0938469171524048,1.291983962059021,1.660110592842102,1.785778284072876,1.6798515319824219,1.1135389804840088,0.788187563419342,1.3542706966400146,1.753594160079956,1.8826537132263184,2.2586536407470703,1.9868673086166382,1.3319921493530273,1.7104949951171875,2.0106871128082275,2.0419857501983643,2.4280946254730225,3.0612735748291016,3.091951370239258,2.669058084487915,2.592284917831421,2.5728137493133545,2.473153591156006,2.531571865081787
0.1165170669555664,0.2112528681755066,0.46081987023353577,0.9129193425178528,1.1743745803833008,0.9188090562820435,0.591278612613678,0.9217676520347595,1.3008718490600586,1.7688206434249878,2.04510235786438,1.786250352859497,1.4470003843307495,1.330406904220581,1.280578374862671,1.654463529586792,1.7787449359893799,1.1512978076934814,1.0798377990722656,1.452613353729248,1.5841387510299683,1.5706535577774048,1.3891217708587646,0.9600153565406799,0.23760110139846802,0.16055642068386078,1.5038175582885742,2.392885684967041,1.8849369287490845,0.9694105982780457,0.3063814640045166,0.5957149863243103,1.4063830375671387,1.5879004001617432,1.730020523071289,2.19659686088562,2.588373899459839,2.7609920501708984,2.6971404552459717,2.5567924976348877,2.934720993041992,3.359178066253662,3.298424005508423
0.06990974396467209,0.1661151945590973,0.4832534193992615,0.9017797112464905,1.073466181755066,1.1355557441711426,1.1302076578140259,0.9907021522521973,0.8635604977607727,1.4231728315353394,2.0061192512512207,1.7501534223556519,1.5583664178848267,1.6228886842727661,1.4416583776474,1.4113919734954834,1.3172448873519897,0.9126200675964355,1.0311079025268555,1.3858513832092285,1.6172372102737427,1.7557635307312012,1.6050657033920288,1.0226209163665771,0.03197271749377251,-0.20045830309391022,0.9110997915267944,2.095517158508301,1.545058250427246,0.46333497762680054,0.3444397747516632,0.40826958417892456,1.0037871599197388,1.8239657878875732,2.2548842430114746,2.4520726203918457,2.6556217670440674,2.6341824531555176,2.804772138595581,3.271921157836914,3.538372039794922,3.538147211074829,3.2681047916412354
0.39081424474716187,0.5049718618392944,0.6627181172370911,0.8939590454101562,1.0243549346923828,1.1471694707870483,1.6232857704162598,1.7675403356552124,1.2994705438613892,1.273624300956726,1.674008846282959,1.6499100923538208,1.3855634927749634,1.1322754621505737,1.0961322784423828,1.4316294193267822,1.3258615732192993,0.9142515659332275,1.0763576030731201,1.6543642282485962,2.0285117626190186,1.9948961734771729,1.4229239225387573,0.39865195751190186,-0.6752303838729858,-1.2111083269119263,-0.3972463309764862,1.5230876207351685,2.442087173461914,2.0679702758789062,1.4061505794525146,0.8843839764595032,1.2824994325637817,2.1029458045959473,2.4995617866516113,2.5998897552490234,2.7514984607696533,2.6896848678588867,2.9466307163238525,3.307429790496826,3.2876265048980713,3.0722310543060303,2.908827304840088
0.6038176417350769,0.6927196979522705,0.6930909752845764,0.9097926616668701,1.179419755935669,1.1615904569625854,1.5666121244430542,2.1380538940429688,1.75038743019104,1.3371347188949585,1.8380696773529053,2.009676218032837,1.4274152517318726,0.907256543636322,1.0341689586639404,1.3160974979400635,0.9427762627601624,0.7354789972305298,1.4377576112747192,2.0522775650024414,1.7453001737594604,0.8301477432250977,-0.27838432788848877,-0.6161752343177795,-0.4395029544830322,-0.857856035232544,-0.4063021242618561,1.3110593557357788,2.3868913650512695,2.265749931335449,1.8248895406723022,1.640454649925232,1.817387580871582,2.347782611846924,2.7214481830596924,2.880643367767334,2.8805456161499023,2.9445338249206543,3.00557541847229,3.337493658065796,3.492398262023926,3.295078992843628,2.5059800148010254
0.7267829775810242,0.8183348774909973,0.7914886474609375,0.9965583086013794,1.2928951978683472,1.2118594646453857,1.0983885526657104,1.3085113763809204,1.335983395576477,1.410622000694275,2.1068975925445557,2.4236724376678467,1.8071702718734741,1.1853961944580078,1.2130520343780518,0.9184359312057495,0.36488375067710876,0.7476510405540466,1.6766369342803955,1.6545231342315674,0.22086448967456818,-1.0904916524887085,-1.0364824533462524,-0.4522007703781128,-0.024986248463392258,0.08383703231811523,0.3388485312461853,0.6573392152786255,1.5975451469421387,2.0569543838500977,1.7572685480117798,2.0285768508911133,2.1356310844421387,2.432121753692627,2.7798912525177,2.8997809886932373,2.85738468170166,2.9359323978424072,3.224881649017334,3.455296516418457,3.44533634185791,2.7777068614959717,0.9504666328430176
