demo/sfcwind/1800-wind-surface-level-gfs-1.0.json
{"header": {"productDefinitionTemplate": 0, "surface1Type": 103, "productStatus": 0, "disciplineName": "Meteorological products", "subDivisions": 0, "winds": "true", "parameterNumberName": "U-component_of_wind", "discipline": 0, "surface2Value": 0, "significanceOfRTName": "Start of forecast", "surface2TypeName": "Missing", "surface2Type": 255, "productTypeName": "Forecast products", "dx": 0.024617210030555725, "dy": 0.01798853650689125, "numberPoints": 65160, "productStatusName": "Operational products", "gribEdition": 2, "parameterUnit": "m.s-1", "forecastTime": 0, "refTime": "2020-09-30T16:00:00.000Z", "productType": 1, "genProcessTypeName": "Forecast", "scanMode": 0, "genProcessType": 2, "gribLength": 11338.0, "significanceOfRT": 1, "productDefinitionTemplateName": "Analysis/forecast at horizontal level/layer at a point in time", "centerName": "WRF OUTPUT", "la1": 43.66691207885742, "la2": 42.426788330078125, "lo2": 13.70867919921875, "gridUnits": "degrees", "surface1Value": 10, "shapeName": "Earth spherical with radius of 6,371,229.0 m", "surface1TypeName": "Specified height level above ground", "nx": 70.0, "ny": 70.0, "lo1": 12.008544921875, "basicAngle": 0, "gridDefinitionTemplate": 0, "shape": 6, "parameterNumber": 2, "subcenter": 0, "parameterCategoryName": "Momentum", "parameterCategory": 2, "center": 0, "gridDefinitionTemplateName": "Latitude_Longitude", "resolution": 48}, "data":
[rows 0 to 18 of 70, columns 0 to 42 of 70]
1.0380792617797852,1.1611526012420654,1.4150079488754272,1.7219685316085815,1.8629812002182007,2.136598825454712,2.3251097202301025,2.49308180809021,2.5542335510253906,2.448391914367676,2.226734161376953,1.8553260564804077,1.2538599967956543,0.6693804860115051,0.23604702949523926,-0.1287875771522522,-0.4363659918308258,-0.6299026608467102,-0.7715765237808228,-0.9261280298233032,-1.0279080867767334,-1.091354250907898,-1.1783946752548218,-1.2281299829483032,-1.4197399616241455,-1.575604796409607,-1.853723406791687,-2.3024842739105225,-2.78283953666687,-2.9794509410858154,-3.021782636642456,-2.9624686241149902,-2.9461820125579834,-2.9025585651397705,-2.749211072921753,-2.661764144897461,-2.515749931335449,-2.3620693683624268,-2.241849184036255,-2.0842337608337402,-1.964493751525879,-1.888484001159668,-1.8291397094726562
1.039317011833191,1.1525930166244507,1.2561057806015015,1.4381422996520996,1.6706087589263916,1.9632253646850586,2.221062183380127,2.397033452987671,2.5517468452453613,2.5343120098114014,2.528322219848633,2.2933902740478516,1.71078360080719,1.019720435142517,0.5055418610572815,0.05712266266345978,-0.2749800384044647,-0.4178944230079651,-0.5536457300186157,-0.6717607975006104,-0.7675394415855408,-0.8426616191864014,-0.8966037631034851,-0.9832556843757629,-1.0910232067108154,-1.3278659582138062,-1.6461094617843628,-2.199345111846924,-2.602905511856079,-2.917813301086426,-2.9624106884002686,-2.858405351638794,-2.766425371170044,-2.6883528232574463,-2.6609787940979004,-2.5771777629852295,-2.480478048324585,-2.386138439178467,-2.3382153511047363,-2.2417681217193604,-2.120140552520752,-2.009887933731079,-1.9456533193588257
1.0383979082107544,1.1989612579345703,1.3082588911056519,1.488480806350708,1.7461501359939575,1.9566841125488281,2.2478229999542236,2.43813157081604,2.595977783203125,2.666152238845825,2.6388962268829346,2.450791120529175,1.8997944593429565,1.2449541091918945,0.7430363297462463,0.317443311214447,0.010181463323533535,-0.1284441202878952,-0.21232980489730835,-0.3405122756958008,-0.40672317147254944,-0.4667471945285797,-0.5249196290969849,-0.5646322965621948,-0.7276067137718201,-0.9553890228271484,-1.3656115531921387,-1.9008240699768066,-2.334617853164673,-2.7365880012512207,-2.8447492122650146,-2.8928542137145996,-2.7152795791625977,-2.561009645462036,-2.4346506595611572,-2.4320106506347656,-2.4100148677825928,-2.436088800430298,-2.4326579570770264,-2.369816303253174,-2.2536141872406006,-2.174372673034668,-2.0834920406341553
1.503137230873108,1.7381027936935425,1.5221792459487915,1.624556303024292,1.9442269802093506,2.1382052898406982,2.381392002105713,2.4641976356506348,2.5500407218933105,2.5844500064849854,2.589134693145752,2.4576165676116943,2.0930256843566895,1.6460325717926025,1.3161927461624146,0.9611494541168213,0.6324175596237183,0.43882647156715393,0.3154316544532776,0.1841086447238922,0.09416958689689636,0.03208320587873459,-0.011660144664347172,-0.11167444288730621,-0.29861709475517273,-0.6085147857666016,-1.0457160472869873,-1.5827126502990723,-1.9580470323562622,-2.4033048152923584,-2.677025318145752,-2.716902494430542,-2.7172157764434814,-2.546980142593384,-2.414750814437866,-2.415713310241699,-2.554014205932617,-2.562537431716919,-2.4522364139556885,-2.372894525527954,-2.3564469814300537,-2.3897669315338135,-2.293656587600708
1.7351784706115723,1.9788696765899658,1.741577386856079,1.909814476966858,2.2953312397003174,2.494917154312134,2.265416145324707,2.0943212509155273,1.854735016822815,1.9791467189788818,2.233335256576538,2.4339096546173096,2.4991986751556396,2.6235575675964355,2.8308520317077637,2.852234363555908,2.618027687072754,2.195608139038086,1.603051781654358,1.1962682008743286,0.9341920018196106,0.7956990003585815,0.7516030669212341,0.5433669686317444,0.5358009338378906,-0.2827397286891937,-1.2574421167373657,-0.9002973437309265,-1.1422278881072998,-2.0543670654296875,-2.4254956245422363,-2.509931802749634,-2.5631439685821533,-2.6183371543884277,-2.495007276535034,-2.297276020050049,-2.4139511585235596,-2.428345203399658,-2.3395421504974365,-2.423708438873291,-2.225400686264038,-2.0767385959625244,-2.2640786170959473
1.9707740545272827,2.392085075378418,2.1092522144317627,2.2625129222869873,2.3597919940948486,2.2914516925811768,2.2493295669555664,2.264064073562622,2.639956474304199,2.914198398590088,2.982820987701416,2.931870222091675,2.810720205307007,2.5793678760528564,2.1813740730285645,1.8095910549163818,1.6654409170150757,1.6641194820404053,1.7685484886169434,1.7744265794754028,1.8105015754699707,1.831791639328003,1.8077759742736816,1.8221778869628906,1.957913875579834,1.873494267463684,0.1871849000453949,-0.974087655544281,-0.9448317885398865,-1.5023990869522095,-2.1526050567626953,-2.26164174079895,-2.281792163848877,-2.524374008178711,-2.4608633518218994,-2.2967026233673096,-2.479403257369995,-2.514517307281494,-2.290123462677002,-2.4841079711914062,-2.750554084777832,-2.8549892902374268,-2.860935926437378
2.021636486053467,2.332796573638916,2.2440683841705322,2.2974042892456055,2.459547758102417,2.550122022628784,2.457730293273926,2.325990915298462,2.270204782485962,2.1781387329101562,2.0411951541900635,2.0078277587890625,2.152489185333252,2.1472995281219482,1.7479898929595947,1.449661374092102,1.474328875541687,1.5929843187332153,1.7683045864105225,1.9786356687545776,2.2347288131713867,2.2680439949035645,2.3328657150268555,2.1227240562438965,2.0173730850219727,1.4482189416885376,-0.025470292195677757,-0.9759469032287598,-1.1149104833602905,-1.485385775566101,-2.0520191192626953,-2.2337944507598877,-2.268294095993042,-2.578770875930786,-2.6163229942321777,-2.2934632301330566,-2.095301628112793,-2.3965678215026855,-2.781982183456421,-2.8131160736083984,-2.854184627532959,-2.840757369995117,-2.686861038208008
2.1022543907165527,2.4110164642333984,2.299147844314575,2.305880069732666,2.4284865856170654,2.4617092609405518,2.41422963142395,2.093524694442749,2.0097174644470215,2.017444133758545,2.0130951404571533,2.206022262573242,2.4520785808563232,1.6448168754577637,1.2659480571746826,1.1567838191986084,1.362517237663269,1.5716992616653442,1.8496726751327515,2.1716248989105225,2.314197063446045,2.2358899116516113,2.299846887588501,1.9394309520721436,1.892821192741394,2.076639175415039,1.454008936882019,-0.0784980058670044,-0.9553125500679016,-1.5161330699920654,-1.9490090608596802,-2.274697780609131,-2.4058666229248047,-2.62113881111145,-2.7111284732818604,-2.4079253673553467,-2.204314708709717,-2.297400951385498,-2.6252529621124268,-2.690387725830078,-2.5671474933624268,-2.527022361755371,-2.417724609375
1.92939031124115,2.016099214553833,2.138974666595459,2.201465129852295,2.385223627090454,2.3277225494384766,2.3097572326660156,1.8159515857696533,1.2012715339660645,1.285943627357483,1.4811100959777832,1.696051001548767,1.3488874435424805,0.8761805891990662,0.9627363681793213,1.3282982110977173,1.6403398513793945,1.9133800268173218,2.1490018367767334,2.5732359886169434,2.5950589179992676,2.329428195953369,1.939145565032959,1.7007482051849365,2.013592481613159,2.251835346221924,2.098572254180908,0.9584842324256897,-0.296114981174469,-1.131123423576355,-1.7526429891586304,-2.2390592098236084,-2.4619410037994385,-2.7514588832855225,-2.6099259853363037,-2.2131187915802,-2.0402774810791016,-2.2196848392486572,-2.0647013187408447,-2.0187036991119385,-2.3109824657440186,-2.460750102996826,-2.136559009552002
1.8252670764923096,1.8274681568145752,2.110116958618164,2.140667676925659,2.240622043609619,2.1810710430145264,1.7059626579284668,0.7183380126953125,0.4482404887676239,1.0395851135253906,1.5335818529129028,1.5154509544372559,1.0594017505645752,0.8993059396743774,1.0707173347473145,1.3686963319778442,1.776262640953064,2.128690481185913,2.409679651260376,2.591608762741089,2.3683981895446777,2.20155930519104,1.9734973907470703,1.7210630178451538,2.032482385635376,1.8114581108093262,1.7492049932479858,2.080324172973633,0.8501595854759216,-0.5786978602409363,-1.142028570175171,-1.7183984518051147,-2.0552139282226562,-2.4662089347839355,-2.168680191040039,-1.8776150941848755,-2.5718493461608887,-3.36700177192688,-2.7092080116271973,-2.151285409927368,-2.197829484939575,-2.01060152053833,-2.436180830001831
1.8658077716827393,1.7438840866088867,2.012080669403076,2.15781831741333,2.0365161895751953,1.5280039310455322,0.977089524269104,0.26846158504486084,0.751956582069397,1.1402009725570679,0.7358599305152893,0.6476598978042603,0.7361083030700684,0.9217938184738159,1.1602288484573364,1.5697230100631714,1.959391713142395,2.066368818283081,2.226053476333618,2.1485095024108887,1.8121306896209717,2.007323980331421,2.272397041320801,2.530975818634033,1.2647098302841187,0.2546018660068512,1.1710835695266724,2.542708396911621,1.6804274320602417,-0.1978483349084854,-0.6603802442550659,-0.6146886348724365,-0.7752767205238342,-1.534805178642273,-2.0784096717834473,-2.1192665100097656,-2.3267300128936768,-2.8545784950256348,-2.4579672813415527,-1.983445644378662,-1.7728595733642578,-2.3014047145843506,-3.020040273666382
1.8981008529663086,1.661437749862671,1.8402913808822632,2.0221598148345947,1.4494915008544922,0.7762811779975891,0.4792206883430481,0.526785671710968,1.460575819015503,0.6945335268974304,-0.14071902632713318,0.5185372233390808,1.0733355283737183,1.1724498271942139,1.3435170650482178,1.783290147781372,2.0391297340393066,1.7754911184310913,1.8578314781188965,1.8803391456604004,1.897131085395813,2.08064866065979,2.454787492752075,2.3671045303344727,1.3420753479003906,-0.2776733636856079,-0.18324902653694153,1.7123926877975464,2.583789587020874,0.6578613519668579,-0.5116966366767883,0.10731204599142075,0.4601360559463501,0.009130215272307396,-1.3709056377410889,-2.3060524463653564,-2.5774292945861816,-2.2961957454681396,-2.0653469562530518,-1.9858152866363525,-2.024099349975586,-2.1030328273773193,-2.3464126586914062
1.9736524820327759,1.642359733581543,1.6694899797439575,1.7407448291778564,1.076499581336975,0.3204843997955322,-0.23878666758537292,0.5927131772041321,1.6459274291992188,0.4325471818447113,-0.4159684181213379,0.30988386273384094,0.8977133631706238,1.020280361175537,1.3057833909988403,1.6587245464324951,1.7682101726531982,1.5661249160766602,1.587937831878662,2.003051519393921,2.0097267627716064,2.265658378601074,2.3202123641967773,2.155961513519287,1.9344570636749268,0.6617631316184998,-0.5204083323478699,0.2440202236175537,2.3578004837036133,2.3436472415924072,0.3589887320995331,0.0714399591088295,0.5914130806922913,0.3984403610229492,-0.5012485384941101,-1.3492001295089722,-2.0215964317321777,-2.480268955230713,-2.1687748432159424,-2.2578654289245605,-2.290970802307129,-1.9825468063354492,-1.6293272972106934
1.8371833562850952,1.4979771375656128,1.585017442703247,1.670257329940796,1.477370262145996,0.7971377968788147,0.15260522067546844,0.4392841160297394,1.1265828609466553,0.8996849060058594,0.2973897159099579,0.35589900612831116,0.829897940158844,1.0382188558578491,1.289056420326233,1.5838960409164429,1.632191777229309,1.5124692916870117,1.7793511152267456,2.291836977005005,2.414621114730835,1.8550682067871094,1.9134502410888672,2.2157344818115234,2.3794031143188477,2.5978329181671143,1.5862575769424438,1.145883321762085,2.1146581172943115,2.651475429534912,2.0658562183380127,1.194705605506897,0.036271363496780396,-0.19680294394493103,0.16970567405223846,-0.3503001630306244,-0.861125111579895,-1.3834989070892334,-1.790850281715393,-2.4492156505584717,-2.3381667137145996,-1.6186141967773438,-1.3379336595535278
1.9803173542022705,1.6260734796524048,1.5890780687332153,1.54090416431427,1.7535170316696167,1.5570240020751953,1.060727596282959,0.6243540644645691,0.2065260261297226,-0.05783437192440033,0.20205211639404297,0.7113136053085327,0.9675441980361938,1.1480529308319092,1.4838666915893555,1.550392746925354,1.3759300708770752,1.6854846477508545,2.23486590385437,2.319363594055176,1.934268832206726,1.7733219861984253,2.025583028793335,2.355715036392212,2.584545612335205,2.665747880935669,2.4218668937683105,1.9311296939849854,2.1066689491271973,2.5722551345825195,2.221977472305298,1.8651103973388672,0.6518281698226929,-0.2406848669052124,0.06229996681213379,-0.2552400827407837,-0.6597836017608643,-1.3013566732406616,-1.9989314079284668,-2.58354115486145,-2.606128454208374,-1.8107085227966309,-1.6706563234329224
2.2421693801879883,2.0394787788391113,1.7536166906356812,1.6723387241363525,1.8925890922546387,1.6118717193603516,1.1595475673675537,0.9222500324249268,0.47648200392723083,0.26870399713516235,0.46471941471099854,0.7836859822273254,1.0818374156951904,1.337368130683899,1.3306615352630615,1.090820074081421,1.2544809579849243,2.0885133743286133,2.216266632080078,1.6629940271377563,1.2665196657180786,1.6145927906036377,1.9603475332260132,2.228898763656616,2.0513064861297607,1.9167201519012451,1.8920782804489136,1.2923667430877686,1.68114173412323,2.53291654586792,2.6153342723846436,1.5381247997283936,0.6787721514701843,-0.23811732232570648,-0.3448115885257721,0.3293830454349518,-0.34033963084220886,-1.3203009366989136,-1.5605034828186035,-2.0703539848327637,-2.035590887069702,-1.5912396907806396,-1.2972815036773682
2.351306676864624,2.226013422012329,1.852610468864441,1.725977897644043,1.7524597644805908,1.5424615144729614,1.308024525642395,1.3209506273269653,1.1823389530181885,1.0155564546585083,0.8810148239135742,0.83057701587677,1.008623480796814,1.2742092609405518,1.250433325767517,1.4763844013214111,2.000382423400879,2.1572601795196533,1.6499489545822144,1.1778086423873901,1.429652214050293,1.9775010347366333,2.089238405227661,2.2292680740356445,2.205258369445801,2.377164840698242,1.9834177494049072,1.298912763595581,1.1347060203552246,2.2373719215393066,3.1295738220214844,2.3064446449279785,0.4285908043384552,-0.9842930436134338,-1.121490716934204,-0.30650660395622253,-0.8509379625320435,-0.9268378615379333,-0.503480851650238,-1.4317704439163208,-2.1332192420959473,-1.3905351161956787,-0.9707729816436768
2.269810438156128,2.1966774463653564,1.797123670578003,1.488972544670105,1.412334680557251,1.3490676879882812,1.2884330749511719,1.3490912914276123,1.3115065097808838,1.2148933410644531,1.0004603862762451,0.6676643490791321,0.7610964775085449,1.0881412029266357,1.4543265104293823,2.0363471508026123,1.9086132049560547,1.3208945989608765,1.1220582723617554,1.8411095142364502,2.1892457008361816,2.018871545791626,2.0540077686309814,2.1374011039733887,2.144030809402466,1.9628835916519165,1.9347505569458008,1.535029411315918,1.1794332265853882,2.0144543647766113,3.3127331733703613,3.5109200477600098,2.0780911445617676,0.45067521929740906,0.14212149381637573,0.6985551714897156,0.6244732737541199,0.39219674468040466,0.42991456389427185,-0.6311619281768799,-1.034940481185913,-0.2627233862876892,-0.4290475845336914
2.305788040161133,2.205819845199585,1.8178514242172241,1.3471571207046509,1.0932908058166504,1.0858014822006226,1.1555095911026,1.2556596994400024,1.354772925376892,1.2903856039047241,1.1116421222686768,0.833689272403717,0.8670458793640137,1.1432199478149414,1.6486594676971436,1.8851094245910645,1.5853276252746582,1.377095103263855,1.6206483840942383,2.061882734298706,2.339547872543335,2.0477631092071533,1.6581193208694458,1.8653833866119385,2.308013916015625,2.4606523513793945,2.6243343353271484,2.676841974258423,2.1068711280822754,1.6367026567459106,2.1675353050231934,3.062530994415283,2.8717617988586426,1.7396678924560547,1.3891493082046509,1.6855295896530151,2.0452427864074707,1.8945661783218384,1.3028699159622192,0.5786905884742737,0.03410007432103157,0.5724906325340271,1.8442625999450684
