demo/sfcwind/1800-wind-surface-level-gfs-1.0.json
{"header": {"productDefinitionTemplate": 0, "surface1Type": 103, "productStatus": 0, "disciplineName": "Meteorological products", "subDivisions": 0, "winds": "true", "parameterNumberName": "U-component_of_wind", "discipline": 0, "surface2Value": 0, "significanceOfRTName": "Start of forecast", "surface2TypeName": "Missing", "surface2Type": 255, "productTypeName": "Forecast products", "dx": 0.024617210030555725, "dy": 0.01798853650689125, "numberPoints": 65160, "productStatusName": "Operational products", "gribEdition": 2, "parameterUnit": "m.s-1", "forecastTime": 0, "refTime": "2020-09-30T16:00:00.000Z", "productType": 1, "genProcessTypeName": "Forecast", "scanMode": 0, "genProcessType": 2, "gribLength": 11338.0, "significanceOfRT": 1, "productDefinitionTemplateName": "Analysis/forecast at horizontal level/layer at a point in time", "centerName": "WRF OUTPUT", "la1": 43.66691207885742, "la2": 42.426788330078125, "lo2": 13.70867919921875, "gridUnits": "degrees", "surface1Value": 10, "shapeName": "Earth spherical with radius of 6,371,229.0 m", "surface1TypeName": "Specified height level above ground", "nx": 70.0, "ny": 70.0, "lo1": 12.008544921875, "basicAngle": 0, "gridDefinitionTemplate": 0, "shape": 6, "parameterNumber": 2, "subcenter": 0, "parameterCategoryName": "Momentum", "parameterCategory": 2, "center": 0, "gridDefinitionTemplateName": "Latitude_Longitude", "resolution": 48}, "data":
[rows 38 to 56 of 70, columns 0 to 42 of 70]
0.9002106189727783,1.0221339464187622,0.9903163313865662,1.326176404953003,1.467136263847351,1.1247700452804565,1.2755039930343628,1.4527533054351807,1.3218662738800049,1.6458609104156494,1.7269182205200195,1.5811866521835327,2.08829927444458,2.5385522842407227,1.9948476552963257,0.445805162191391,0.010221205651760101,1.0672401189804077,1.7564890384674072,1.1502739191055298,0.41917669773101807,-0.3228617310523987,-0.5819532871246338,-0.17851819097995758,-0.2808782160282135,0.05483764410018921,0.4333292841911316,0.465335875749588,0.7656258344650269,1.0104269981384277,0.824101448059082,1.365004539489746,1.8687787055969238,1.9099030494689941,1.930970311164856,2.0935111045837402,2.104053020477295,1.8937046527862549,2.7944273948669434,3.6618459224700928,2.92969012260437,1.9949077367782593,0.9467024803161621
0.8674619197845459,0.9328292608261108,0.9498122334480286,1.1230016946792603,1.0177949666976929,0.9795501232147217,1.408093810081482,1.826191782951355,1.6500792503356934,1.2207138538360596,1.1045411825180054,1.278038501739502,1.906607747077942,2.2552411556243896,1.630502700805664,0.7338680624961853,0.7657187581062317,1.482202172279358,1.4007118940353394,0.09449619054794312,0.7049427032470703,1.7529668807983398,0.7236946225166321,-0.23949509859085083,-0.17879705131053925,0.5049057006835938,1.0246739387512207,1.103992223739624,0.7844640016555786,0.3759678304195404,0.7090235948562622,1.713775873184204,2.061363935470581,1.6638109683990479,1.2219319343566895,1.6889066696166992,2.031381130218506,1.9324069023132324,2.000933885574341,2.99666690826416,3.9479331970214844,3.773324489593506,2.153524398803711
0.6343594789505005,0.7051032781600952,0.8342827558517456,0.7329585552215576,0.38456350564956665,0.7187964916229248,1.4876819849014282,1.7035257816314697,1.4784457683563232,1.35648775100708,1.246065616607666,1.2873871326446533,1.61424720287323,1.7596462965011597,1.5174751281738281,1.028770923614502,1.052590250968933,1.6467360258102417,0.9092150330543518,-0.5509493947029114,-0.02025347203016281,1.7641561031341553,1.0778701305389404,-0.12055931240320206,0.3757062256336212,0.6343098282814026,0.8568595051765442,0.7633241415023804,-0.16443496942520142,-0.9764049649238586,0.06558792293071747,1.4121452569961548,2.0256950855255127,2.276684284210205,1.8892333507537842,1.259481430053711,1.6729215383529663,2.049467086791992,2.222170829772949,2.6172499656677246,3.1956653594970703,2.9973838329315186,2.4780826568603516
0.8119863867759705,0.9076824188232422,0.8197354674339294,0.699329674243927,0.785666286945343,1.1925703287124634,1.4049065113067627,1.2396787405014038,1.1077992916107178,1.5622705221176147,2.0824291706085205,1.9377069473266602,1.4247981309890747,1.5244557857513428,1.7374573945999146,1.5420811176300049,1.5135440826416016,1.648559808731079,0.9059826731681824,-0.4596174657344818,-0.19183292984962463,1.446476936340332,1.8905205726623535,1.037854552268982,0.5039029121398926,0.5552776455879211,0.48300012946128845,-0.25338053703308105,-1.4332057237625122,-1.37030827999115,0.01591448299586773,0.6359826326370239,1.077895998954773,2.385497570037842,2.7919788360595703,2.061394453048706,1.6817647218704224,2.0339181423187256,2.3860342502593994,2.1710779666900635,2.0206239223480225,1.0846529006958008,0.9026889801025391
0.7150782346725464,0.8325238227844238,0.8480496406555176,1.1660562753677368,1.349016785621643,1.4473605155944824,1.4030168056488037,1.2329461574554443,1.3686710596084595,1.6675851345062256,1.8087265491485596,1.7781658172607422,1.6850191354751587,1.659148097038269,1.9653664827346802,2.025969982147217,1.8844565153121948,1.6608476638793945,1.201320767402649,0.11850214004516602,-0.349249005317688,0.34787699580192566,1.455298662185669,1.8719558715820312,1.4686546325683594,1.436356782913208,0.8961876630783081,-0.9540480375289917,-1.9570181369781494,-1.7101082801818848,-1.1740708351135254,-0.37520408630371094,1.3036706447601318,2.701508045196533,2.896528720855713,1.8728171586990356,1.7124956846237183,2.226655960083008,1.9172885417938232,2.049225091934204,1.8084059953689575,0.25263869762420654,0.20791217684745789
0.6565104722976685,0.8034951090812683,0.947583019733429,1.4921858310699463,1.6934356689453125,1.6954824924468994,1.8185839653015137,1.722683072090149,1.4816415309906006,1.5556573867797852,1.9965956211090088,2.1002049446105957,2.000680685043335,1.979776382446289,2.0561609268188477,2.1730399131774902,1.9340814352035522,1.5593626499176025,1.36445951461792,1.227785348892212,0.4441901743412018,-0.00042855521314777434,0.49803638458251953,0.7800306081771851,1.0902376174926758,2.0653586387634277,1.7414556741714478,-0.5961586236953735,-1.9862432479858398,-2.0762224197387695,-2.025550603866577,-0.8686113953590393,1.572873592376709,3.0817108154296875,2.6032662391662598,1.0750110149383545,0.6623307466506958,-0.07848462462425232,0.1903117299079895,1.740818738937378,2.048267364501953,0.3760792911052704,0.08195400983095169
0.6225364208221436,0.7509956955909729,0.9395861029624939,1.5669549703598022,1.6973971128463745,1.6694612503051758,1.7374076843261719,1.6572779417037964,1.3818422555923462,1.5704736709594727,1.8117495775222778,1.8503540754318237,1.9864424467086792,1.8654954433441162,2.057136297225952,1.9386869668960571,1.8215669393539429,1.6830806732177734,1.5007100105285645,1.9281765222549438,1.9316428899765015,0.96501225233078,0.5545129776000977,0.7724706530570984,1.2596373558044434,1.825426697731018,1.309470295906067,-0.48377203941345215,-1.765872836112976,-2.0681049823760986,-1.9956570863723755,-0.30365148186683655,1.9593722820281982,3.2289299964904785,2.9010400772094727,1.814959168434143,0.286771684885025,-0.9569171071052551,-0.3209337592124939,1.4218614101409912,1.9952059984207153,0.7956622242927551,-0.01299767754971981
0.6152583956718445,0.7695726156234741,1.032950758934021,1.4490221738815308,1.5302480459213257,1.4433057308197021,1.5286086797714233,1.3165584802627563,1.329732894897461,1.4554412364959717,1.6846448183059692,1.7379043102264404,1.7290650606155396,1.4999576807022095,1.7829114198684692,1.9145973920822144,1.967574119567871,1.8838043212890625,1.8216229677200317,1.8466355800628662,1.8289042711257935,1.712248682975769,1.3360908031463623,1.2129981517791748,1.3810738325119019,1.7937772274017334,1.5038272142410278,-0.12692415714263916,-1.5982043743133545,-2.1260986328125,-2.0324220657348633,-0.3651672601699829,1.892746925354004,2.1212353706359863,1.6872807741165161,2.5159683227539062,2.0820629596710205,-0.43682292103767395,-0.5474647283554077,1.2033079862594604,2.161787509918213,2.1011300086975098,1.4754328727722168
0.6012334823608398,0.8257696628570557,1.0302331447601318,1.4792284965515137,1.3868672847747803,1.2315782308578491,1.397096037864685,1.3339439630508423,1.3437236547470093,1.4800376892089844,1.573354721069336,1.5309035778045654,1.3023840188980103,1.5605907440185547,2.263727903366089,2.2679803371429443,1.918074369430542,1.7985332012176514,1.8129076957702637,1.8498468399047852,1.8523666858673096,1.9966480731964111,1.7565940618515015,1.2660703659057617,0.9635478854179382,1.3549941778182983,1.4664417505264282,0.21687136590480804,-1.2845911979675293,-2.0858347415924072,-2.1476991176605225,-0.7729084491729736,0.7869633436203003,0.7002632021903992,1.2255795001983643,3.201622486114502,2.873157024383545,0.22804872691631317,-0.5900154113769531,1.1468100547790527,2.4188413619995117,2.853400707244873,2.035597085952759
0.556354820728302,0.8350711464881897,1.1122844219207764,1.472968339920044,1.313841700553894,1.1252214908599854,1.4717236757278442,1.5559006929397583,1.6752116680145264,1.8252596855163574,1.980614185333252,1.3909413814544678,1.2955856323242188,1.9414982795715332,2.184854030609131,1.7014421224594116,1.5740123987197876,1.7101006507873535,1.6910557746887207,1.6886075735092163,1.912201166152954,2.1039376258850098,2.0437746047973633,1.3855665922164917,0.5455670356750488,1.0638339519500732,1.7122327089309692,0.5151182413101196,-0.9919031858444214,-1.6965302228927612,-2.010758876800537,-1.6687147617340088,-1.1190587282180786,-0.31002864241600037,1.9078834056854248,3.1267778873443604,2.13718843460083,0.4319443106651306,-0.12558485567569733,1.3488037586212158,2.759568691253662,3.3418946266174316,2.6582045555114746
0.641109824180603,0.9524843096733093,1.1506174802780151,1.3611536026000977,1.3922539949417114,1.5570061206817627,1.711288332939148,1.7781983613967896,1.8070448637008667,1.9379838705062866,1.726503610610962,0.8983094096183777,1.0713856220245361,1.5163867473602295,1.207665205001831,1.161482810974121,1.5841948986053467,1.740886926651001,1.6737526655197144,1.7608871459960938,2.0110433101654053,1.8473128080368042,1.7182176113128662,2.0596113204956055,1.708603858947754,1.0609917640686035,1.5141156911849976,1.0790867805480957,0.1724698692560196,-0.7673310041427612,-1.8153575658798218,-2.0017266273498535,-1.1760897636413574,0.2507035434246063,1.4049656391143799,1.752021074295044,1.6929786205291748,1.187921166419983,0.9832028150558472,1.360979676246643,2.0679643154144287,2.6529226303100586,3.0363693237304688
0.6915473341941833,0.9147908091545105,1.1875001192092896,1.4935611486434937,1.7181782722473145,1.9116134643554688,1.9855420589447021,1.8468557596206665,1.7351528406143188,1.3726298809051514,0.9144381284713745,0.8577563166618347,0.9199883937835693,0.887999415397644,1.221294641494751,1.8340953588485718,1.942995309829712,1.8801474571228027,1.732407808303833,1.9396076202392578,1.9939757585525513,1.4786813259124756,1.1828374862670898,1.9419913291931152,1.9876062870025635,1.1726421117782593,1.2609381675720215,1.3704363107681274,0.9861185550689697,0.8257870674133301,0.43746325373649597,-0.516513466835022,-0.29368942975997925,0.8175365924835205,0.9643001556396484,1.0223430395126343,1.6457359790802002,2.1563172340393066,2.095830202102661,1.7316988706588745,1.666413426399231,1.8631327152252197,2.0908381938934326
0.7743863463401794,0.973261296749115,1.3873367309570312,1.5710259675979614,1.7541357278823853,1.6888870000839233,1.6396387815475464,1.4850295782089233,0.8643944263458252,0.051271066069602966,-0.13963861763477325,0.5530175566673279,1.0179548263549805,1.3754894733428955,1.6651504039764404,1.9055999517440796,2.0891945362091064,2.085230588912964,2.057267665863037,2.103395462036133,2.0186617374420166,1.0294123888015747,0.6268580555915833,1.7389836311340332,2.1003661155700684,1.3460205793380737,1.1464403867721558,1.6580824851989746,1.9724736213684082,1.6859365701675415,-0.0465879812836647,-1.4928667545318604,-1.2096329927444458,-0.19226549565792084,0.6298038959503174,0.8340060114860535,1.4797728061676025,2.656783103942871,2.5735995769500732,2.024991035461426,2.501527786254883,1.7808283567428589,1.5011749267578125
0.9474092721939087,1.1715757846832275,1.52583909034729,1.6170908212661743,1.7422113418579102,1.9681016206741333,2.1044113636016846,1.619798183441162,0.5464419722557068,-0.471794992685318,-0.27688097953796387,0.7790030241012573,1.4847463369369507,1.7531273365020752,2.0081307888031006,2.235599994659424,2.1431074142456055,2.075448751449585,2.0777218341827393,2.210648536682129,1.9200190305709839,0.6934782862663269,0.057109251618385315,0.9997746348381042,2.125985622406006,2.36899995803833,2.2144734859466553,2.299633502960205,2.590603828430176,1.9161938428878784,-0.19646377861499786,-1.8890340328216553,-2.1150476932525635,-0.9204224348068237,-0.16707482933998108,0.44671395421028137,2.4957571029663086,3.678572177886963,2.569559335708618,1.6309529542922974,1.8846417665481567,0.7066865563392639,0.6347296833992004
1.1675792932510376,1.4403635263442993,1.7220635414123535,1.9529544115066528,2.0680296421051025,1.7533750534057617,1.5437636375427246,1.8360402584075928,1.7612695693969727,0.6381274461746216,0.14464034140110016,1.0236083269119263,1.7440335750579834,2.0290310382843018,2.114548444747925,1.9442254304885864,1.7048840522766113,1.4731642007827759,1.262587547302246,1.196988821029663,1.166749358177185,0.6851226091384888,0.10027911514043808,0.5434941053390503,1.5184037685394287,2.129748821258545,2.263054370880127,2.2970714569091797,2.3737478256225586,1.290446400642395,-0.25560516119003296,-0.9835933446884155,-1.060202717781067,-0.45120465755462646,-0.6274639368057251,0.19881239533424377,3.1203079223632812,3.6461081504821777,1.4827802181243896,0.36070260405540466,0.0332922525703907,-1.1848386526107788,-0.4504121243953705
1.1445636749267578,1.3371108770370483,1.76253342628479,1.9412987232208252,1.9308243989944458,1.6087030172348022,1.5760873556137085,2.0497515201568604,2.4102420806884766,1.7015293836593628,0.8628200888633728,1.0840808153152466,1.531261920928955,1.7171297073364258,1.3752033710479736,0.9610792398452759,0.8743944764137268,1.174748420715332,1.2802311182022095,1.0894463062286377,1.4778825044631958,1.2302931547164917,0.6254772543907166,0.7852688431739807,1.2966967821121216,2.1550769805908203,1.9781643152236938,1.9366567134857178,1.8042430877685547,0.81852126121521,0.1322551667690277,-0.08225315809249878,-0.573066234588623,-0.24254292249679565,-0.367264062166214,0.23342987895011902,2.6404635906219482,3.6794309616088867,1.904544711112976,0.2906537353992462,0.8812122941017151,0.32884806394577026,-0.6325452327728271
1.3138004541397095,1.5230778455734253,1.7247296571731567,1.826594591140747,2.0314090251922607,1.970954418182373,2.043196201324463,2.061174154281616,1.8327445983886719,1.001882791519165,0.30610039830207825,0.5346208810806274,1.1710906028747559,1.5735362768173218,1.2301056385040283,0.631166398525238,0.7030279636383057,1.0835468769073486,1.1615347862243652,1.4175297021865845,1.839678406715393,1.158704161643982,0.4596271812915802,0.7778303623199463,1.430107593536377,2.1430723667144775,1.888363003730774,1.9126639366149902,1.712274432182312,0.7618235349655151,0.8282796740531921,0.7006554007530212,-0.37635692954063416,-0.7928218841552734,-0.44631850719451904,0.35566940903663635,1.9355080127716064,2.94962739944458,1.6705353260040283,-0.17801688611507416,0.7736136317253113,1.6626142263412476,1.0961742401123047
1.2855207920074463,1.356087565422058,1.5795056819915771,1.7939763069152832,1.8159050941467285,1.8097147941589355,1.982120156288147,2.024364471435547,1.721388578414917,0.4408172070980072,-0.16288617253303528,0.38614264130592346,1.3049066066741943,1.8449833393096924,1.2161622047424316,0.3966163992881775,0.47787612676620483,0.8666515350341797,1.1261255741119385,1.500678300857544,1.8346859216690063,1.0902752876281738,0.2598673403263092,0.9947385787963867,1.8629443645477295,2.0143790245056152,1.496608853340149,1.594421625137329,1.6012948751449585,0.4637790322303772,0.6756592988967896,1.1256221532821655,0.30745404958724976,-1.4335575103759766,-0.9803447723388672,1.4630502462387085,2.8201332092285156,2.207775115966797,0.5580235719680786,0.055907655507326126,1.0343395471572876,2.2313666343688965,1.9551812410354614
1.4354859590530396,1.4823353290557861,1.6124522686004639,1.8728435039520264,1.7619074583053589,1.7534551620483398,1.8488349914550781,1.9008803367614746,1.4825865030288696,0.15202833712100983,-0.16633696854114532,0.5306532979011536,1.497339129447937,1.6259729862213135,0.8240032196044922,0.13136924803256989,0.46134671568870544,0.9222269058227539,1.2532840967178345,1.5163772106170654,1.5102448463439941,0.8835282921791077,0.44356465339660645,1.3552045822143555,1.8864719867706299,1.3493515253067017,1.0216232538223267,1.7336509227752686,1.461452603340149,0.5106344819068909,0.678843080997467,1.120414137840271,0.8849704265594482,-0.9301618933677673,-1.4703682661056519,0.762958824634552,3.649965763092041,4.5338826179504395,2.135235071182251,0.14661133289337158,0.8182571530342102,2.4763195514678955,3.359745979309082
