demo/sfcwind/1800-wind-surface-level-gfs-1.0.json
{"header": {"productDefinitionTemplate": 0, "surface1Type": 103, "productStatus": 0, "disciplineName": "Meteorological products", "subDivisions": 0, "winds": "true", "parameterNumberName": "V-component_of_wind", "discipline": 0, "surface2Value": 0, "significanceOfRTName": "Start of forecast", "surface2TypeName": "Missing", "surface2Type": 255, "productTypeName": "Forecast products", "dx": 0.024617210030555725, "dy": 0.01798853650689125, "numberPoints": 65160, "productStatusName": "Operational products", "gribEdition": 2, "parameterUnit": "m.s-1", "forecastTime": 0, "refTime": "2020-09-30T16:00:00.000Z", "productType": 1, "genProcessTypeName": "Forecast", "scanMode": 0, "genProcessType": 2, "gribLength": 11338.0, "significanceOfRT": 1, "productDefinitionTemplateName": "Analysis/forecast at horizontal level/layer at a point in time", "centerName": "WRF OUTPUT", "la1": 43.66691207885742, "la2": 42.426788330078125, "lo2": 13.70867919921875, "gridUnits": "degrees", "surface1Value": 10, "shapeName": "Earth spherical with radius of 6,371,229.0 m", "surface1TypeName": "Specified height level above ground", "nx": 70.0, "ny": 70.0, "lo1": 12.008544921875, "basicAngle": 0, "gridDefinitionTemplate": 0, "shape": 6, "parameterNumber": 3, "subcenter": 0, "parameterCategoryName": "Momentum", "parameterCategory": 2, "center": 0, "gridDefinitionTemplateName": "Latitude_Longitude", "resolution": 48}, "data":
[rows 38 to 56 of 70, columns 0 to 42 of 70]
0.17779572308063507,0.05649713799357414,-0.02041323482990265,-0.06758133322000504,-0.03517832234501839,0.3774738013744354,0.5056885480880737,0.27792230248451233,-0.34644028544425964,-0.6997460722923279,-0.4598860740661621,-0.4576655328273773,-0.273551344871521,-0.056490104645490646,0.6971463561058044,1.6940476894378662,1.6479356288909912,0.9171417951583862,0.5209555625915527,1.1855465173721313,1.9944121837615967,0.8807937502861023,-0.0168120339512825,-0.3126978874206543,-0.18153782188892365,-0.42727193236351013,-1.1329525709152222,-1.788679599761963,-2.067537307739258,-1.2894625663757324,-0.9487261176109314,-0.6696270704269409,-0.8229829668998718,-0.8333086371421814,-0.614098072052002,-0.32890623807907104,-0.2689210772514343,-0.21298110485076904,-0.1731872409582138,-0.0017069652676582336,0.19646777212619781,0.2751946747303009,-0.09300433844327927
0.06469723582267761,-0.064785897731781,-0.12052225321531296,-0.13851027190685272,-0.017491981387138367,0.5262487530708313,0.3606392741203308,0.351050466299057,-0.10910062491893768,-0.6393865942955017,-0.5732646584510803,-0.817585289478302,-0.49266019463539124,0.16987557709217072,1.1191221475601196,1.6212799549102783,1.376478672027588,0.7996348142623901,0.6740860939025879,1.438101053237915,1.881807565689087,1.5012283325195312,-0.22162333130836487,-0.11669401824474335,-0.5043116211891174,-0.9887034296989441,-0.9669535160064697,-1.0900686979293823,-0.8909822106361389,-0.5217397212982178,-0.33628132939338684,-0.5652627348899841,-0.7346740961074829,-1.0166659355163574,-1.4284979104995728,-1.2623685598373413,-0.6986364126205444,-0.4695323705673218,-0.3814919590950012,-0.07912202179431915,0.15372221171855927,0.4571326971054077,0.528677225112915
0.03565247356891632,-0.05160147696733475,-0.07032148540019989,-0.009469322860240936,0.1582850217819214,0.011683711782097816,-0.1516031175851822,-0.014750306494534016,0.4563574194908142,0.8097188472747803,0.8830435872077942,0.010156050324440002,0.24730050563812256,0.981671929359436,1.3899542093276978,1.2066189050674438,0.9915419816970825,0.7693796753883362,0.7569756507873535,0.3546982407569885,0.17747817933559418,0.6301717162132263,0.17135021090507507,-0.5502839088439941,-0.7997751235961914,-0.9338194727897644,-0.71689373254776,-0.2126983404159546,0.45417115092277527,0.40923431515693665,0.3309648633003235,0.3379940390586853,0.9471755027770996,0.847078800201416,-0.22796395421028137,-0.9057549238204956,-0.4305112659931183,-0.05494847148656845,-0.06489227712154388,-0.07595323026180267,0.15201476216316223,1.0653314590454102,2.382657527923584
0.09782454371452332,0.07737037539482117,0.08786554634571075,0.15092884004116058,0.15958459675312042,-0.1302901804447174,-0.15239907801151276,0.0035270152147859335,0.9230376482009888,1.377695083618164,1.2973712682724,0.969323456287384,1.0189820528030396,1.159303903579712,0.9064618349075317,0.7226749062538147,0.8481172919273376,0.9406512379646301,1.0839817523956299,-0.47837087512016296,-0.9475219249725342,-0.8476582765579224,0.5460971593856812,-0.3339262902736664,-0.40324968099594116,0.25698989629745483,-0.3162528872489929,0.19548259675502777,0.8696731328964233,0.6029019951820374,0.32673507928848267,1.0041115283966064,1.6056458950042725,1.590869426727295,0.7756028175354004,-0.033838216215372086,-0.14465585350990295,-0.09299676865339279,-0.09900933504104614,0.04745809733867645,0.32374700903892517,1.3198508024215698,2.2644009590148926
0.32269805669784546,0.36203843355178833,0.39393115043640137,0.4118864834308624,0.338441401720047,0.48640450835227966,0.5187027454376221,0.540815532207489,1.2802722454071045,1.2327378988265991,1.0063070058822632,1.0856339931488037,0.9650145173072815,0.625613808631897,0.3072092533111572,0.4378218948841095,1.037243366241455,1.4599854946136475,1.7422116994857788,0.4217382073402405,-1.4259133338928223,-1.391109824180603,-0.36222290992736816,0.3781448006629944,1.123660922050476,1.6619532108306885,0.2732965052127838,-0.32088443636894226,0.6720485091209412,0.5438564419746399,0.8194001913070679,1.1679151058197021,0.9210677146911621,0.7131483554840088,0.10382377356290817,-0.4522075355052948,-0.9656387567520142,-0.8839339017868042,0.41378453373908997,1.0552051067352295,0.9883157014846802,1.1743911504745483,1.438279151916504
0.5630975961685181,0.622137725353241,0.7078765630722046,0.6989201307296753,0.7256212830543518,0.9337195158004761,1.074319839477539,1.0376665592193604,1.383775234222412,1.1723530292510986,1.231824517250061,1.0633212327957153,0.828441858291626,0.5751080513000488,0.36869344115257263,0.5070703625679016,1.1726881265640259,1.884697675704956,2.3776981830596924,1.9547619819641113,-0.25763893127441406,-1.0566926002502441,-0.6062656044960022,0.8072213530540466,1.6348257064819336,1.1922417879104614,0.30466005206108093,0.231411874294281,0.5782680511474609,0.5140627026557922,0.956717848777771,1.1520757675170898,0.34738969802856445,0.34973350167274475,0.19069188833236694,-0.4232454299926758,-1.1821843385696411,-0.3027113378047943,1.2823996543884277,2.2640151977539062,1.2294559478759766,0.2783970534801483,0.3202478289604187
0.7729317545890808,0.7930496335029602,0.8457251191139221,0.85445237159729,0.7925070524215698,0.9960130453109741,1.059440016746521,1.1332927942276,1.269289255142212,1.216705083847046,1.1915682554244995,0.9339842200279236,0.6527708768844604,0.5835845470428467,0.7434929609298706,0.7433460354804993,1.3132715225219727,2.2214677333831787,2.5419986248016357,2.346027135848999,1.4969290494918823,0.45413145422935486,1.0180280208587646,1.3330951929092407,0.9378291964530945,0.5922314524650574,0.3619881272315979,0.8690188527107239,0.6708765625953674,0.7374604940414429,1.0680229663848877,1.2793021202087402,0.6868071556091309,0.8560694456100464,1.3877604007720947,1.2376588582992554,0.05518990755081177,1.2699781656265259,2.1746294498443604,3.1210479736328125,1.6678720712661743,1.1634702682495117,0.004796225111931562
0.9828848838806152,0.948361873626709,1.018694519996643,0.9432000517845154,0.9996263980865479,1.0727134943008423,1.0572149753570557,0.9819450974464417,0.9665466547012329,0.8470554351806641,0.8204132914543152,0.5956132411956787,0.7855929732322693,1.1177998781204224,1.4319078922271729,1.313420057296753,1.6319189071655273,2.3119325637817383,2.4302444458007812,2.2383065223693848,2.177429437637329,1.9716461896896362,1.5778796672821045,0.6911636590957642,0.31533971428871155,0.2946392893791199,0.44668567180633545,0.9902620315551758,0.7135710716247559,0.5069536566734314,0.5816882252693176,0.7321829795837402,0.8862078189849854,1.497438907623291,1.979597568511963,2.061516284942627,1.1774848699569702,1.8354908227920532,2.0171267986297607,2.7879528999328613,2.1500422954559326,2.239922046661377,0.7587297558784485
1.1132102012634277,1.1077027320861816,1.0194753408432007,0.9750503897666931,1.1343027353286743,1.2531256675720215,1.2516305446624756,1.0715745687484741,0.840079665184021,0.436368465423584,0.1490914523601532,0.27134034037590027,1.1729816198349,1.5298423767089844,1.4035261869430542,1.258642554283142,1.5713130235671997,2.0428552627563477,2.1618285179138184,2.22107195854187,2.139639377593994,2.0307769775390625,1.7339849472045898,0.37597841024398804,-0.1601492166519165,0.1085747629404068,0.6330657601356506,1.1805171966552734,0.854245126247406,0.13780520856380463,-0.09684266149997711,-0.10439710319042206,0.9927657842636108,1.6929383277893066,1.627284288406372,1.0258821249008179,1.2102991342544556,1.2835346460342407,1.4832016229629517,1.9385417699813843,1.7231030464172363,1.5011193752288818,0.8154270052909851
1.0967367887496948,1.1199922561645508,1.0391167402267456,0.9968143701553345,1.3360141515731812,1.340975046157837,1.3113199472427368,1.1793969869613647,0.8999019861221313,0.4450035095214844,-0.024416236206889153,-0.007849549874663353,0.5685782432556152,0.22708265483379364,0.11004099994897842,0.8722906708717346,1.5450142621994019,1.8637852668762207,1.79914128780365,1.7280367612838745,1.582628607749939,1.699568748474121,1.8860759735107422,1.2159748077392578,0.2748434245586395,0.8400123715400696,1.302677035331726,1.0428887605667114,0.8157014846801758,0.11592648923397064,-0.03781050071120262,-0.04626160487532616,0.5446199178695679,0.349793016910553,-0.3293452560901642,0.39523765444755554,1.3718304634094238,1.0035152435302734,1.0777209997177124,0.9736974239349365,1.1950023174285889,1.1130516529083252,0.8968254327774048
1.18291437625885,1.1251835823059082,0.9855268597602844,0.9367077946662903,1.16535484790802,0.9061566591262817,0.6250326037406921,0.5084123015403748,0.4956282675266266,0.5848973989486694,0.7546921968460083,0.4445202946662903,0.18971405923366547,-0.1751297414302826,0.6548517942428589,1.4160468578338623,1.6184539794921875,1.6078743934631348,1.4178199768066406,1.3172459602355957,1.1611679792404175,1.389397144317627,1.562089443206787,1.925628900527954,0.8333151340484619,0.35315585136413574,0.5726922750473022,0.6658014059066772,1.3041131496429443,1.146240234375,0.41751042008399963,0.22828204929828644,0.6904365420341492,-0.26648005843162537,-0.8175445199012756,0.7952410578727722,1.4755659103393555,1.4838446378707886,0.8610695600509644,0.15225036442279816,0.16437473893165588,0.2851358652114868,0.5181903839111328
1.3487563133239746,1.1415702104568481,0.9696577191352844,0.864214301109314,0.8046642541885376,0.28736868500709534,-0.15468841791152954,-0.15234078466892242,-0.014667145907878876,0.6576523184776306,1.4541515111923218,1.5139647722244263,1.122598648071289,1.1845704317092896,1.6545530557632446,1.5161912441253662,1.2321786880493164,1.1334017515182495,0.9958816170692444,0.8750150203704834,0.6375794410705566,0.7795382738113403,1.3720264434814453,1.7122273445129395,0.8992072343826294,-0.23519140481948853,-0.30129122734069824,0.7390459179878235,2.1711113452911377,2.1954591274261475,1.214269995689392,1.1184468269348145,1.7343435287475586,1.099453091621399,1.158036708831787,0.9431315660476685,1.361100435256958,1.7499393224716187,0.9316726922988892,0.21345603466033936,-0.41921454668045044,-0.7235647439956665,-0.09259875863790512
1.407210350036621,1.1884874105453491,1.0339086055755615,0.8011960983276367,0.5559426546096802,0.42674583196640015,0.2592501640319824,0.020868249237537384,0.2414286732673645,0.9734280109405518,1.6141464710235596,1.5636652708053589,1.4401074647903442,1.5096362829208374,1.0587780475616455,0.7728320360183716,0.5941817164421082,0.5597780346870422,0.4442538321018219,0.2720384895801544,-0.029980245977640152,0.1962968409061432,1.0143193006515503,1.5740067958831787,1.7875332832336426,1.1196463108062744,0.6759321093559265,1.670714259147644,2.660997152328491,2.3095500469207764,1.6802879571914673,1.3252074718475342,1.1963969469070435,1.5973961353302002,1.4523111581802368,1.3217700719833374,1.8809878826141357,1.6247972249984741,0.6654477119445801,0.23731285333633423,-0.5285983085632324,-1.102195382118225,-0.7038969397544861
1.5054303407669067,1.3169840574264526,1.094773769378662,0.862229585647583,0.8194800615310669,0.973095715045929,0.9384627938270569,0.8316060900688171,1.4020670652389526,1.5641546249389648,1.6701290607452393,1.5327956676483154,1.152071237564087,0.772190272808075,0.6247957944869995,0.46505388617515564,0.20284318923950195,0.1367083489894867,-0.0001604496210347861,-0.1590069681406021,-0.12972556054592133,0.7066318392753601,1.1291571855545044,1.6150702238082886,2.2678635120391846,2.302215337753296,2.2399163246154785,2.4740312099456787,2.381969928741455,1.563835859298706,1.170701265335083,0.45887601375579834,0.41115468740463257,1.178232192993164,0.6905938982963562,2.203366994857788,2.3168556690216064,1.5078396797180176,0.014383477158844471,-0.28172236680984497,-0.012589335441589355,-0.8706007599830627,-1.1517908573150635
1.6303480863571167,1.4393903017044067,1.2142187356948853,1.0334264039993286,1.105165958404541,1.030927062034607,1.1307966709136963,1.6700398921966553,2.019425392150879,2.0952768325805664,1.8040305376052856,1.5100293159484863,0.7483274936676025,0.18060731887817383,-0.057916827499866486,-0.046074241399765015,0.4318915605545044,0.8949766755104065,0.7807283997535706,0.8381531834602356,1.3388111591339111,1.8513915538787842,1.8358567953109741,1.5859805345535278,1.5974173545837402,1.7939954996109009,1.9578704833984375,2.051825761795044,1.5239695310592651,0.7578693628311157,0.5786718726158142,0.050220292061567307,0.8019392490386963,1.724289894104004,1.1286653280258179,2.2204856872558594,2.7010321617126465,2.1363844871520996,0.6598694920539856,0.3997388482093811,0.9329846501350403,-0.8347579836845398,-1.4754903316497803
1.6813570261001587,1.3942614793777466,1.2878599166870117,1.1477233171463013,1.211895227432251,1.1649489402770996,1.2214616537094116,1.3298678398132324,1.1199851036071777,1.649176001548767,1.8105313777923584,1.8283082246780396,1.2369155883789062,0.750247061252594,0.30472537875175476,0.5943955779075623,1.6909281015396118,2.1541361808776855,2.193333625793457,2.455106258392334,2.5728535652160645,2.050126791000366,2.0005061626434326,2.0568690299987793,1.563279628753662,1.7061454057693481,1.5828033685684204,1.6366100311279297,1.0329275131225586,0.8348343372344971,1.0726983547210693,-0.11559456586837769,0.911757230758667,1.590203881263733,1.7171388864517212,1.275231122970581,1.6918771266937256,2.398484230041504,1.299324631690979,1.2038294076919556,1.1574699878692627,0.3121618926525116,-1.1471184492111206
1.674316167831421,1.4354079961776733,1.2633812427520752,1.0977482795715332,1.1852378845214844,1.0684993267059326,0.8270421028137207,0.7087682485580444,0.34263482689857483,1.0580320358276367,2.0443036556243896,2.4587812423706055,2.1405651569366455,1.670017123222351,1.4392614364624023,1.787747859954834,2.2371647357940674,2.4027416706085205,2.5236523151397705,2.602055788040161,2.406989812850952,1.7344509363174438,2.0264899730682373,2.3810460567474365,1.8314788341522217,1.5890830755233765,1.6400632858276367,1.7545384168624878,1.265568494796753,1.6695866584777832,2.1415481567382812,1.1858464479446411,1.1308515071868896,1.2956039905548096,2.3346450328826904,1.8878411054611206,1.3260364532470703,1.3401222229003906,0.9820587038993835,1.4877022504806519,2.44014573097229,3.0090715885162354,0.7440610527992249
1.6084758043289185,1.344842553138733,1.178445816040039,1.0588932037353516,0.8674151301383972,0.7195949554443359,0.5351778268814087,0.6194767355918884,0.2170412540435791,1.2984962463378906,2.146364688873291,2.071613311767578,1.8776063919067383,1.4630906581878662,1.3461190462112427,1.7769947052001953,2.2789177894592285,2.4352879524230957,2.4565460681915283,2.1031577587127686,2.04130482673645,2.039076089859009,2.1826171875,2.284853219985962,1.4714040756225586,1.1416337490081787,1.8887687921524048,1.8732963800430298,1.6359596252441406,2.209754467010498,2.2772395610809326,2.4818825721740723,2.1402783393859863,1.4672467708587646,2.3077757358551025,2.9184131622314453,2.769784927368164,1.6501778364181519,1.1915897130966187,2.2426750659942627,3.1090638637542725,3.9295473098754883,2.293519973754883
1.4804233312606812,1.2323055267333984,1.0602126121520996,0.9684593677520752,0.744857132434845,0.6921051740646362,0.5513858199119568,0.6831238269805908,0.7871860861778259,1.6758888959884644,1.866043210029602,1.5003842115402222,1.378244161605835,1.3848540782928467,1.5379514694213867,2.0920863151550293,2.1447641849517822,2.267946481704712,1.9794714450836182,1.7270634174346924,1.9871337413787842,2.474844455718994,2.3490850925445557,1.9608232975006104,1.3478922843933105,1.1549874544143677,1.9329657554626465,1.9162256717681885,1.9257550239562988,2.4453861713409424,2.240652561187744,2.355513572692871,2.389113426208496,1.4855910539627075,1.2380536794662476,2.3299877643585205,3.058363914489746,2.9529824256896973,1.843024730682373,2.0465099811553955,2.0998971462249756,2.8131308555603027,2.4666738510131836
