demo/sfcwind/1800-wind-surface-level-gfs-1.0.json
{"header": {"productDefinitionTemplate": 0, "surface1Type": 103, "productStatus": 0, "disciplineName": "Meteorological products", "subDivisions": 0, "winds": "true", "parameterNumberName": "V-component_of_wind", "discipline": 0, "surface2Value": 0, "significanceOfRTName": "Start of forecast", "surface2TypeName": "Missing", "surface2Type": 255, "productTypeName": "Forecast products", "dx": 0.024617210030555725, "dy": 0.01798853650689125, "numberPoints": 65160, "productStatusName": "Operational products", "gribEdition": 2, "parameterUnit": "m.s-1", "forecastTime": 0, "refTime": "2020-09-30T16:00:00.000Z", "productType": 1, "genProcessTypeName": "Forecast", "scanMode": 0, "genProcessType": 2, "gribLength": 11338.0, "significanceOfRT": 1, "productDefinitionTemplateName": "Analysis/forecast at horizontal level/layer at a point in time", "centerName": "WRF OUTPUT", "la1": 43.66691207885742, "la2": 42.426788330078125, "lo2": 13.70867919921875, "gridUnits": "degrees", "surface1Value": 10, "shapeName": "Earth spherical with radius of 6,371,229.0 m", "surface1TypeName": "Specified height level above ground", "nx": 70.0, "ny": 70.0, "lo1": 12.008544921875, "basicAngle": 0, "gridDefinitionTemplate": 0, "shape": 6, "parameterNumber": 3, "subcenter": 0, "parameterCategoryName": "Momentum", "parameterCategory": 2, "center": 0, "gridDefinitionTemplateName": "Latitude_Longitude", "resolution": 48}, "data":
[rows 19 to 37 of 70, columns 0 to 42 of 70]
1.4848768711090088,1.49888014793396,1.549731969833374,1.7085258960723877,1.944967269897461,2.316169023513794,2.285027503967285,2.557762622833252,2.5927011966705322,1.9580438137054443,2.027686595916748,2.0786032676696777,1.6595277786254883,1.050432562828064,0.6591581106185913,0.705664336681366,1.024186372756958,0.694428026676178,0.04409724101424217,-0.2243514358997345,0.011887868866324425,0.017384132370352745,-0.21147063374519348,-0.26673269271850586,-0.33185479044914246,-0.43438833951950073,-0.4428096413612366,-0.2088499814271927,-0.04632231220602989,0.39061498641967773,0.7264476418495178,1.4646837711334229,1.6790642738342285,1.5800777673721313,1.1634987592697144,1.1191890239715576,0.7734505534172058,0.23052777349948883,-0.39082086086273193,-1.164523720741272,-1.2903326749801636,-0.9586449265480042,-0.08989965915679932
1.4503980875015259,1.5667742490768433,1.6156258583068848,1.750532865524292,1.9835776090621948,2.1963376998901367,2.2006704807281494,2.4059109687805176,2.230226755142212,1.91390860080719,2.0633163452148438,2.1043124198913574,1.4963555335998535,0.509419322013855,-0.07182244956493378,-0.10048049688339233,-0.24591107666492462,-0.33451706171035767,-0.4098604619503021,-0.2206694334745407,-0.019672557711601257,0.04937724769115448,0.12963548302650452,0.07336200773715973,-0.023405646905303,-0.19566240906715393,-0.06192430108785629,0.5784921050071716,1.4198646545410156,1.6813976764678955,1.550036072731018,1.7007770538330078,1.424379825592041,1.3373616933822632,1.1952139139175415,1.1307460069656372,0.5214437246322632,-0.19657766819000244,-0.6014384031295776,-0.8041642904281616,-1.2545896768569946,-1.9353992938995361,-1.2882124185562134
1.4450956583023071,1.428675651550293,1.5593584775924683,1.711270809173584,1.797987699508667,1.9616786241531372,2.0366644859313965,2.1901514530181885,1.9268980026245117,2.0393271446228027,2.0629611015319824,1.5514230728149414,1.1479997634887695,0.39325571060180664,-0.39247265458106995,-0.5527556538581848,-0.271346777677536,0.22928442060947418,0.4449056386947632,0.45458242297172546,0.46847161650657654,0.855968177318573,1.1203080415725708,0.9466031193733215,0.5724680423736572,0.3868982791900635,0.7653960585594177,1.3723722696304321,1.7115371227264404,1.5785833597183228,1.3640336990356445,1.2492049932479858,1.0214630365371704,0.8962947130203247,0.7501194477081299,0.39778342843055725,-0.05012703686952591,-0.5502424836158752,-0.9404412508010864,-1.1921674013137817,-1.4210413694381714,-1.9716891050338745,-1.8618431091308594
1.415635347366333,1.3746211528778076,1.387938380241394,1.4772992134094238,1.5381373167037964,1.7472889423370361,1.9861228466033936,1.7273248434066772,1.4126287698745728,2.0684566497802734,1.9125251770019531,1.1745946407318115,0.8583176136016846,0.8681935667991638,0.6748898029327393,0.39201706647872925,0.5715379118919373,1.051350712776184,1.021915316581726,0.968441367149353,1.2110800743103027,1.3806395530700684,1.176283836364746,0.774345338344574,0.6464632153511047,1.0077917575836182,1.3660881519317627,1.2950527667999268,1.328530192375183,0.8423596620559692,0.46627283096313477,0.2229943424463272,0.8241555094718933,0.9950224757194519,0.6416093111038208,-0.056838348507881165,0.05440235137939453,0.19077345728874207,-0.21441707015037537,-0.9167113304138184,-1.4429442882537842,-2.1137704849243164,-2.297675848007202
1.2556960582733154,1.2097762823104858,1.2021898031234741,1.263215184211731,1.286511778831482,1.672689437866211,1.2791999578475952,0.7532400488853455,1.173733115196228,1.8112595081329346,1.2909016609191895,0.955998420715332,1.0070703029632568,1.1634835004806519,1.1428823471069336,0.8221644759178162,0.8731042742729187,1.0736634731292725,0.9618317484855652,0.9404503703117371,0.7564154863357544,0.4313148558139801,0.30922022461891174,0.25599706172943115,0.5536289811134338,0.8421794772148132,0.6211087703704834,0.4271091818809509,0.4357230067253113,0.3284582495689392,0.13914377987384796,0.4913449287414551,1.4377470016479492,1.5918939113616943,1.2466399669647217,0.6416540145874023,0.8049615025520325,0.8563393950462341,0.4417826235294342,-0.07105767726898193,-0.2899928689002991,-0.9040823578834534,-2.124222993850708
1.151223063468933,1.2060134410858154,1.2065109014511108,1.217381477355957,1.2336962223052979,1.5814059972763062,0.8457747101783752,0.7847241759300232,1.2813889980316162,1.2525161504745483,0.752627968788147,0.6978101134300232,0.5874845385551453,0.3928467929363251,0.23317688703536987,-0.277744323015213,-0.5032631754875183,-0.3199680745601654,-0.1910533905029297,-0.17656002938747406,-0.27942436933517456,-0.26804250478744507,-0.15778608620166779,-0.19400303065776825,-0.19658929109573364,-0.011938399635255337,0.07313919812440872,0.4244854748249054,0.9302387833595276,1.0517199039459229,1.052379846572876,1.0908557176589966,1.356971263885498,1.1894875764846802,0.962925136089325,0.5509739518165588,0.5790676474571228,0.39055678248405457,0.6775895357131958,0.33649110794067383,-0.4624336361885071,-0.48041242361068726,-1.3018324375152588
1.1165318489074707,1.1606298685073853,1.185509443283081,1.2576289176940918,1.453617811203003,1.366316556930542,1.1574498414993286,1.6039485931396484,0.9990041255950928,0.30851680040359497,0.12034039199352264,0.19705018401145935,0.06096770986914635,0.05895699933171272,0.14675787091255188,-0.5442407131195068,-1.4218896627426147,-1.5244742631912231,-1.347866177558899,-1.1564607620239258,-0.9904666543006897,-0.8813410997390747,-0.7643416523933411,-0.8969939947128296,-0.3394724130630493,0.6893957257270813,1.4395873546600342,1.6800874471664429,1.781951665878296,1.4837599992752075,1.09152352809906,0.33264607191085815,-0.09976831823587418,-0.14675255119800568,0.016011685132980347,0.24593308568000793,0.5864418745040894,0.8182077407836914,1.655791163444519,1.5023791790008545,-0.014497903175652027,-0.6015213131904602,-0.34278398752212524
1.1125924587249756,1.1322094202041626,1.2236742973327637,1.2567225694656372,1.5581704378128052,1.510778784751892,1.587873101234436,1.6006639003753662,0.43006354570388794,-0.4390409290790558,-0.5051785707473755,-0.34730181097984314,-0.2820448577404022,0.12486059218645096,0.2642424404621124,0.08155729621648788,-0.7039105892181396,-0.9430118799209595,-1.1633126735687256,-1.3390562534332275,-1.5278940200805664,-1.2897834777832031,-1.1917333602905273,-0.452886700630188,0.949884295463562,2.0415806770324707,2.083569049835205,1.8308532238006592,1.3734679222106934,0.875985860824585,0.3995394706726074,0.09976428002119064,-0.7915928959846497,-0.805565357208252,-0.06123921275138855,0.7391533851623535,1.103929042816162,1.1406521797180176,0.928126335144043,0.9940856099128723,0.7337822914123535,0.40750372409820557,0.44030165672302246
1.1527007818222046,1.168930172920227,1.2673569917678833,1.3725543022155762,1.5577919483184814,1.459663987159729,1.333482265472412,1.1577963829040527,0.6426196694374084,0.39301303029060364,0.23780103027820587,0.13823914527893066,-0.07632806897163391,-0.14129638671875,0.040899161249399185,0.3938852548599243,-0.43049323558807373,-1.1439248323440552,-0.988012433052063,-1.0496554374694824,-1.0926415920257568,-1.133499264717102,-0.638780415058136,0.9154932498931885,1.8548938035964966,1.9857009649276733,1.77694833278656,1.3230602741241455,0.8416558504104614,0.31714150309562683,0.09330175071954727,0.10651251673698425,-0.5543645620346069,-0.5924009680747986,0.08993684500455856,0.7318441271781921,1.2704130411148071,0.9622130990028381,-0.16014604270458221,-0.8860144019126892,-0.3116336762905121,-0.14909237623214722,-0.07397827506065369
1.172465205192566,1.2073782682418823,1.3433245420455933,1.40673828125,1.417302131652832,1.2167428731918335,1.0955532789230347,0.642479658126831,0.5709205865859985,0.9903604388237,1.120452642440796,0.9542279839515686,0.5780940651893616,-0.42135217785835266,-0.6051995158195496,-0.4915686845779419,-0.35051441192626953,-1.8573006391525269,-1.872058391571045,-1.3960119485855103,-1.2098292112350464,-1.078858494758606,0.5601187944412231,1.8945372104644775,1.8061844110488892,1.3101694583892822,0.9497206807136536,0.5615327954292297,0.1609266698360443,-0.08496079593896866,-0.24905230104923248,-0.08755017071962357,0.12772180140018463,0.3910198211669922,0.5606855154037476,0.9389219880104065,1.6931140422821045,1.4213799238204956,0.3225897550582886,-0.7167015075683594,-0.6767959594726562,-0.984971284866333,-1.344544529914856
1.1509158611297607,1.1966408491134644,1.3005399703979492,1.3574857711791992,1.1911242008209229,0.8945621848106384,0.4851014316082001,0.14592698216438293,0.040111370384693146,0.10289910435676575,0.14116103947162628,0.35794246196746826,0.10906894505023956,-0.6145385503768921,-1.1962567567825317,-1.3585046529769897,-0.5182383060455322,-1.3249168395996094,-2.0321919918060303,-2.018543243408203,-1.464482069015503,0.06333070993423462,1.7530101537704468,2.177675724029541,1.422315239906311,0.4748167395591736,-0.32761189341545105,-0.33688852190971375,0.4993872344493866,0.8310366868972778,0.5464725494384766,0.7275747656822205,1.1366262435913086,1.279477596282959,1.2065500020980835,1.635454535484314,1.6433640718460083,1.4438154697418213,0.9135944843292236,0.44047853350639343,0.08762694895267487,-0.25212278962135315,-0.9993094801902771
1.1409053802490234,1.2480969429016113,1.2832345962524414,1.2945564985275269,0.9648899435997009,0.3748941421508789,-0.08508588373661041,-0.15246319770812988,-0.23784606158733368,-0.5678027868270874,-0.6784919500350952,-0.6326339244842529,-0.424446702003479,-0.4751052260398865,-0.6996793746948242,-0.608352780342102,-0.509979248046875,-0.36796292662620544,-0.43447527289390564,-0.7654761672019958,0.33498135209083557,1.7438974380493164,1.9903944730758667,1.9357922077178955,0.9479101896286011,0.3305467665195465,-0.34611183404922485,0.6500939130783081,1.8675053119659424,1.5620085000991821,1.2069056034088135,1.228734016418457,1.1640485525131226,1.1078447103500366,1.256016731262207,1.6024891138076782,0.9404618144035339,0.40422093868255615,0.26039305329322815,0.2238583117723465,-0.4278774559497833,-0.7707265615463257,-0.920508086681366
1.1500449180603027,1.2719812393188477,1.3417826890945435,1.2078107595443726,0.951991617679596,0.17375312745571136,-0.4405367076396942,-0.47015225887298584,-0.5151294469833374,-0.737439751625061,-0.969158947467804,-1.2633812427520752,-0.7957539558410645,-0.26278549432754517,0.2895773947238922,0.5739719867706299,0.9503958821296692,0.9709693789482117,1.4011731147766113,1.069374680519104,1.7053812742233276,1.7272511720657349,1.3403054475784302,0.7477035522460938,0.809090256690979,1.3474172353744507,1.3093293905258179,1.8952831029891968,1.6833598613739014,1.0061168670654297,0.7942125797271729,0.7493099570274353,0.665199339389801,0.6019991636276245,0.7970845699310303,0.8476035594940186,0.567462146282196,0.12671063840389252,-0.2121167629957199,-0.15143507719039917,-0.356390118598938,-0.7630994915962219,-0.8762102127075195
1.114046335220337,1.1946367025375366,1.1976358890533447,1.0880295038223267,0.9109459519386292,0.37342581152915955,-0.5787447690963745,-0.7387467622756958,-0.6767707467079163,-0.8126943111419678,-1.0091043710708618,-1.4235131740570068,-1.4132012128829956,-0.6375761032104492,-0.003455451689660549,0.7169058918952942,1.2553002834320068,1.392425775527954,1.6699708700180054,1.1937167644500732,1.0630131959915161,0.7318879961967468,0.33248206973075867,0.015592129901051521,1.2573060989379883,1.9657655954360962,1.5003447532653809,0.49922236800193787,-0.5021732449531555,-0.7129202485084534,-0.2005038559436798,0.7661484479904175,1.1517746448516846,0.6969864964485168,0.6742900609970093,0.6184916496276855,0.8856015205383301,1.1633977890014648,0.9359434247016907,0.9138233065605164,1.1019084453582764,1.1399338245391846,0.7269265651702881
1.1055420637130737,1.1072537899017334,1.052304983139038,0.953010618686676,0.7514997124671936,0.6356886029243469,-0.02772146463394165,-0.8189233541488647,-1.2395893335342407,-1.1819911003112793,-0.9424991011619568,-1.3066984415054321,-1.9882807731628418,-1.684266209602356,-1.4362893104553223,-0.7488029599189758,-0.3052692413330078,0.2513531446456909,0.33840686082839966,0.19616159796714783,0.22232753038406372,0.41818130016326904,0.7448295950889587,0.9539893865585327,1.4028642177581787,1.7028948068618774,1.112856149673462,0.37966492772102356,-1.1310391426086426,-1.6733036041259766,-0.32937073707580566,1.2699331045150757,1.710218071937561,1.4037666320800781,1.1216593980789185,0.6780956387519836,0.7483086585998535,1.2411911487579346,1.4726766347885132,1.4236966371536255,1.2472063302993774,1.0802315473556519,0.8732957243919373
1.0650862455368042,0.9933801889419556,0.9232842922210693,0.8063538074493408,0.6232730746269226,0.46374645829200745,0.3195424973964691,-0.3122560977935791,-1.0734885931015015,-1.4260531663894653,-1.132248044013977,-0.9735101461410522,-1.7855143547058105,-1.78462815284729,-1.154982328414917,-0.6234381794929504,-0.35671335458755493,-0.36936190724372864,-0.19787149131298065,0.3411566913127899,0.6637731194496155,0.988743245601654,1.2122457027435303,1.0343990325927734,0.7090229988098145,0.9637229442596436,1.347445011138916,1.6777191162109375,0.9947742223739624,0.10291577875614166,0.6800581812858582,1.6020281314849854,1.714287281036377,1.6674946546554565,1.1605868339538574,0.4985736608505249,0.31274691224098206,0.48455438017845154,0.8875194787979126,1.011997103691101,0.5971451997756958,0.37793076038360596,0.43088504672050476
0.9376879334449768,0.8259080052375793,0.7306444644927979,0.5779134631156921,0.3166733980178833,0.05015410855412483,0.05928829312324524,0.06672640889883041,-0.19250428676605225,-0.619092583656311,-0.7609392404556274,-0.4506070017814636,-0.7626168131828308,-0.986007809638977,-0.557245135307312,-0.195292130112648,-0.10159482061862946,0.24005019664764404,0.7595859169960022,0.974949061870575,0.7572477459907532,0.580463171005249,0.503572404384613,0.5884487628936768,0.031016722321510315,-0.17404642701148987,0.1896311640739441,0.8644900918006897,1.7237639427185059,1.8404161930084229,1.9946972131729126,1.6663539409637451,1.1418697834014893,0.9972424507141113,0.8152212500572205,0.5019280910491943,0.3485114872455597,0.314657598733902,0.3500465154647827,0.5671384334564209,0.30773526430130005,0.10096438974142075,0.25559312105178833
0.7896400690078735,0.6496018767356873,0.5346233248710632,0.3932304084300995,0.16698427498340607,-0.11220362037420273,-0.15808042883872986,-0.23833569884300232,-0.27271583676338196,-0.1940915733575821,0.06523535400629044,0.2065737098455429,0.134435772895813,-0.05484780669212341,-0.15521270036697388,-0.33439382910728455,0.17441365122795105,1.0734997987747192,1.0945991277694702,0.4181128740310669,0.02110370248556137,-0.19620658457279205,-0.0024528098292648792,0.38210731744766235,-0.2564915716648102,-1.0865414142608643,-1.4435955286026,-1.5123381614685059,0.29117023944854736,1.511365294456482,1.9409534931182861,1.292144775390625,0.4733317196369171,0.11772127449512482,0.12320314347743988,-0.0008389673312194645,-0.07051259279251099,-0.06391073018312454,-0.28855273127555847,-0.24441196024417877,-0.38070955872535706,-0.4491609036922455,-0.04966593161225319
0.46609950065612793,0.3210570812225342,0.23171478509902954,0.17168696224689484,0.09938092529773712,-0.04140820726752281,-0.03990463539958,-0.32627934217453003,-0.4972468316555023,-0.21520894765853882,0.13897386193275452,0.16668184101581573,0.18863175809383392,0.24808742105960846,0.5194366574287415,0.8428964614868164,1.3721117973327637,1.2689564228057861,0.7683971524238586,0.2382635474205017,0.46025073528289795,0.018569856882095337,0.11219362169504166,-0.13575972616672516,-0.21147771179676056,-0.9251293540000916,-1.8505147695541382,-2.5984668731689453,-1.5135554075241089,-0.059371042996644974,0.5216710567474365,0.4820100665092468,0.04975024238228798,-0.2056596279144287,-0.172547847032547,-0.25088584423065186,-0.3277016878128052,-0.21103525161743164,-0.24182796478271484,-0.3223899006843567,-0.27508261799812317,-0.08107906579971313,0.2123047411441803
