demo/sfcwind/1830-wind-surface-level-gfs-1.0.json
{"header": {"productDefinitionTemplate": 0, "surface1Type": 103, "productStatus": 0, "disciplineName": "Meteorological products", "subDivisions": 0, "winds": "true", "parameterNumberName": "V-component_of_wind", "discipline": 0, "surface2Value": 0, "significanceOfRTName": "Start of forecast", "surface2TypeName": "Missing", "surface2Type": 255, "productTypeName": "Forecast products", "dx": 0.024617210030555725, "dy": 0.01798853650689125, "numberPoints": 65160, "productStatusName": "Operational products", "gribEdition": 2, "parameterUnit": "m.s-1", "forecastTime": 0, "refTime": "2020-09-30T16:30:00.000Z", "productType": 1, "genProcessTypeName": "Forecast", "scanMode": 0, "genProcessType": 2, "gribLength": 11338.0, "significanceOfRT": 1, "productDefinitionTemplateName": "Analysis/forecast at horizontal level/layer at a point in time", "centerName": "WRF OUTPUT", "la1": 43.66691207885742, "la2": 42.426788330078125, "lo2": 13.70867919921875, "gridUnits": "degrees", "surface1Value": 10, "shapeName": "Earth spherical with radius of 6,371,229.0 m", "surface1TypeName": "Specified height level above ground", "nx": 70.0, "ny": 70.0, "lo1": 12.008544921875, "basicAngle": 0, "gridDefinitionTemplate": 0, "shape": 6, "parameterNumber": 3, "subcenter": 0, "parameterCategoryName": "Momentum", "parameterCategory": 2, "center": 0, "gridDefinitionTemplateName": "Latitude_Longitude", "resolution": 48}, "data":
[rows 38 to 56 of 70, columns 0 to 42 of 70]
0.22604916989803314,0.1281685084104538,0.07959580421447754,0.031671132892370224,-0.1312539279460907,0.2593191862106323,0.8175032734870911,0.887588620185852,0.9928953051567078,0.8012924194335938,0.5721157193183899,0.48023149371147156,0.5394816398620605,0.2857639491558075,-0.22075116634368896,0.559342086315155,1.7738137245178223,1.5182445049285889,1.2388010025024414,1.8208894729614258,2.3414409160614014,2.1414124965667725,0.7878363728523254,0.12987059354782104,-0.6047200560569763,-1.4493848085403442,-2.6451919078826904,-3.472707509994507,-3.411799907684326,-1.383836030960083,-0.581784725189209,-0.4393075704574585,-0.8470284938812256,-1.1498887538909912,-1.0196093320846558,-0.5522713661193848,-0.18841464817523956,-0.17456579208374023,-0.2557300329208374,-0.2965059280395508,0.09722311049699783,0.8780609965324402,1.1457271575927734
0.1706932932138443,0.054402317851781845,0.020657964050769806,0.039482131600379944,0.10566829890012741,0.7388906478881836,0.8275789618492126,0.8265581727027893,1.032838225364685,0.7375228404998779,0.5487614870071411,0.45775216817855835,0.6447423100471497,0.6502507328987122,0.6376768946647644,1.2924137115478516,1.6017282009124756,1.2402452230453491,0.987981915473938,1.143420934677124,1.4993950128555298,1.6895737648010254,1.0957142114639282,-0.008171792142093182,-0.1863689422607422,-0.7511405944824219,-1.7296485900878906,-1.93743097782135,-1.2083821296691895,-0.4438899755477905,-0.22094567120075226,-0.46648430824279785,-0.3008294999599457,0.3592209815979004,0.21773432195186615,-0.9668651223182678,-0.9489647150039673,-0.901124894618988,-0.979548454284668,-0.515687882900238,0.25761502981185913,0.8028346300125122,1.6468440294265747
0.2170225828886032,0.11725227534770966,0.09182797372341156,0.12823157012462616,0.3273959159851074,0.5622979402542114,0.2909901440143585,0.12966012954711914,0.338779091835022,0.6876314282417297,1.064013957977295,0.7684303522109985,0.6915724277496338,0.8073226809501648,1.16224205493927,1.3747200965881348,1.1748765707015991,0.9579527378082275,1.0861117839813232,0.4092755913734436,0.5490736961364746,0.6452236771583557,0.7416414618492126,-0.023375900462269783,-0.43726253509521484,-0.635664701461792,-0.5200079083442688,0.3803551197052002,0.9137646555900574,0.848618745803833,0.7134228944778442,0.6492863893508911,1.8831313848495483,2.4972004890441895,2.082841157913208,-0.6215399503707886,-1.5227863788604736,-0.9817075133323669,-0.8405935168266296,-0.5743588805198669,-0.32694247364997864,0.49404966831207275,2.189457654953003
0.3711000978946686,0.3267950415611267,0.30197641253471375,0.32188528776168823,0.2604004740715027,0.23203352093696594,0.2824368178844452,0.09538601338863373,0.4985964000225067,1.215232253074646,1.5516655445098877,1.2891043424606323,1.1420122385025024,0.951289713382721,0.9185144305229187,1.0287549495697021,1.1569782495498657,1.3899948596954346,2.0897042751312256,0.9661028981208801,-0.1543365716934204,-0.6020110249519348,0.02065974473953247,0.31115227937698364,-0.1980135589838028,0.0800216794013977,0.3593253195285797,1.3586856126785278,1.2133532762527466,0.888368546962738,0.7062922120094299,1.2904949188232422,2.1620190143585205,2.130491018295288,1.6072008609771729,-0.4142948389053345,-1.7496193647384644,-1.3195092678070068,-0.4789155423641205,-0.060030270367860794,-0.2208997905254364,0.5173628330230713,1.6624667644500732
0.7224275469779968,0.7411162257194519,0.7714241147041321,0.7854158878326416,0.554234504699707,0.5774756669998169,0.9196451306343079,0.7310035228729248,1.228476881980896,1.7631664276123047,1.8899739980697632,1.4012372493743896,1.3355796337127686,0.940081775188446,0.6217942833900452,0.8284629583358765,1.3752421140670776,1.908996343612671,2.8777577877044678,2.3088767528533936,0.08478260040283203,-0.9036188125610352,-0.1814047247171402,0.8103834390640259,1.050819754600525,1.7323026657104492,0.8526368737220764,0.7168856263160706,0.8766818046569824,0.5740044116973877,0.9853250980377197,1.4364135265350342,1.3322044610977173,0.9259814023971558,0.6144511103630066,-0.1264209896326065,-1.4981110095977783,-0.8708499670028687,0.9152296185493469,1.3939905166625977,0.3629142642021179,0.08092000335454941,1.1182535886764526
1.125288486480713,1.171330213546753,1.2275229692459106,1.291221261024475,1.212610125541687,1.3142739534378052,1.5377742052078247,1.5072431564331055,1.9827080965042114,1.853961706161499,1.977055311203003,1.347861409187317,1.1924502849578857,0.9744421243667603,0.7577751874923706,0.8559501767158508,1.3639538288116455,1.7922285795211792,2.345614433288574,2.354900360107422,1.632888913154602,0.07023744285106659,0.21264468133449554,1.458780288696289,1.9566296339035034,2.1454544067382812,1.0507268905639648,0.48599937558174133,0.673926830291748,0.9593474864959717,1.7872434854507446,2.03444504737854,1.3679070472717285,1.0858309268951416,1.1702402830123901,0.9061384797096252,-0.7893586158752441,0.42145460844039917,2.7135040760040283,2.9643514156341553,0.7062921524047852,-1.2378056049346924,0.06446933001279831
1.3601105213165283,1.442440390586853,1.4922047853469849,1.5537872314453125,1.5912973880767822,1.6510674953460693,1.7813957929611206,2.0264344215393066,2.352757692337036,2.1318094730377197,2.0633416175842285,1.6159332990646362,1.4352539777755737,1.1639680862426758,1.4508095979690552,1.3990217447280884,1.3673166036605835,1.5325422286987305,1.6590204238891602,1.77852201461792,2.3842642307281494,1.5497965812683105,1.5390369892120361,1.8188295364379883,1.7974990606307983,1.3999496698379517,1.0335479974746704,0.9887673258781433,1.1563786268234253,1.5080821514129639,1.849539041519165,2.03737473487854,1.7577192783355713,1.810528039932251,2.09001088142395,2.176501989364624,-0.011962414719164371,0.9229578971862793,3.2133615016937256,3.4666805267333984,1.2687567472457886,-0.5145899057388306,-0.677718460559845
1.5731136798858643,1.6232975721359253,1.5785671472549438,1.6375281810760498,1.6467931270599365,1.5540199279785156,1.6770387887954712,2.003919839859009,2.1252880096435547,1.7607953548431396,1.665839433670044,1.2030798196792603,1.1891669034957886,1.4232522249221802,2.019740343093872,1.872533917427063,1.5547025203704834,1.4976452589035034,1.3925856351852417,1.407212257385254,1.9545433521270752,2.5203707218170166,2.399162530899048,1.8737603425979614,1.2527376413345337,0.634638786315918,0.6125358939170837,1.1674234867095947,1.4530335664749146,1.4273695945739746,1.2099337577819824,1.3068222999572754,1.7080930471420288,1.9611865282058716,2.649034023284912,2.206017255783081,0.9613407254219055,1.1940147876739502,2.472177505493164,3.292755603790283,2.3848211765289307,1.8058221340179443,0.4851498603820801
1.7218244075775146,1.6686056852340698,1.5673822164535522,1.5568158626556396,1.381294846534729,1.195723533630371,1.1844459772109985,1.3557275533676147,1.2291139364242554,1.0028018951416016,0.8551387786865234,0.38248011469841003,0.6490851044654846,1.2921791076660156,1.3660125732421875,1.2554079294204712,1.3935291767120361,1.5998384952545166,1.6245880126953125,1.7717481851577759,1.884178638458252,2.0699713230133057,1.9445593357086182,1.8233274221420288,1.2294058799743652,0.4722572863101959,0.8420255780220032,1.311974048614502,1.0063238143920898,1.3578417301177979,1.2260395288467407,0.7853355407714844,1.0416178703308105,1.3841581344604492,1.672273874282837,1.2249938249588013,1.1969704627990723,0.9433239698410034,1.7587217092514038,2.6840457916259766,2.5344438552856445,2.252896785736084,1.429976463317871
1.7617950439453125,1.6501010656356812,1.5244324207305908,1.37629234790802,1.0416259765625,0.7895869016647339,0.5602814555168152,0.4878230690956116,0.2716713845729828,0.2275390475988388,0.43042537569999695,0.5451127290725708,0.8536273837089539,0.8017520308494568,0.39982691407203674,0.8320286870002747,1.3738595247268677,1.4850577116012573,1.5620193481445312,1.7818639278411865,1.7135417461395264,1.7601592540740967,1.7896862030029297,1.9000842571258545,1.5604405403137207,1.0052677392959595,1.3228415250778198,1.2393499612808228,0.6734381914138794,1.2894532680511475,1.3151649236679077,0.7102027535438538,0.22204066812992096,0.1023765504360199,-0.3369337022304535,-0.010997980833053589,0.766662061214447,0.9267743825912476,1.3301199674606323,1.0769402980804443,1.286143183708191,1.34982168674469,1.2316858768463135
1.735365390777588,1.593941569328308,1.4381699562072754,1.2577913999557495,1.0318065881729126,0.7465774416923523,0.3109140396118164,-0.0014653990510851145,-0.2521149516105652,-0.09475751966238022,0.8135043382644653,1.5307878255844116,1.6765011548995972,0.9459312558174133,0.8563299775123596,1.4970813989639282,1.7271087169647217,1.5259324312210083,1.3230841159820557,1.3987066745758057,1.3152480125427246,1.45100998878479,1.8760391473770142,2.2332966327667236,1.8927191495895386,1.440631628036499,1.1265126466751099,0.8942135572433472,1.2618563175201416,1.9900636672973633,1.4345370531082153,1.1776070594787598,1.0769388675689697,0.5591604709625244,-0.6576076745986938,-0.29343223571777344,0.705462634563446,2.1941030025482178,1.5172945261001587,-0.1304062306880951,-0.9386630654335022,-0.7294192314147949,-0.31603479385375977
1.7755401134490967,1.6265640258789062,1.4733796119689941,1.2427953481674194,1.2582695484161377,0.755355954170227,0.2912883460521698,-0.1440759003162384,-0.3232589066028595,0.4285075068473816,1.6201348304748535,2.286158561706543,2.0149476528167725,1.485004186630249,1.5289942026138306,1.6231698989868164,1.6374905109405518,1.475357174873352,1.2192816734313965,1.0123116970062256,0.7781832218170166,0.660036027431488,1.1933794021606445,2.0976967811584473,1.9114515781402588,2.012324571609497,1.7116543054580688,1.4373482465744019,1.9151934385299683,2.6554617881774902,2.13568377494812,1.5732237100601196,2.0793230533599854,2.210355758666992,1.3971079587936401,0.44136518239974976,1.786394476890564,2.815124034881592,1.7402825355529785,0.8613121509552002,-0.6025081276893616,-2.0291025638580322,-1.5674381256103516
1.7706865072250366,1.666244387626648,1.482240080833435,1.1692767143249512,1.0983413457870483,0.818015992641449,0.941119372844696,0.5115904808044434,0.5453850626945496,1.3025833368301392,1.7614457607269287,1.8261401653289795,1.5403578281402588,1.2513611316680908,1.1328901052474976,1.4549336433410645,1.4269510507583618,1.1255826950073242,1.040693759918213,0.8251141905784607,0.4313143789768219,0.05967433750629425,0.5015900135040283,1.8779330253601074,2.3918304443359375,2.6360549926757812,2.509827136993408,2.365652322769165,2.2424535751342773,2.4807486534118652,2.1722328662872314,1.5272369384765625,1.4981359243392944,1.8486418724060059,1.2460224628448486,1.426803708076477,3.2106313705444336,2.538395404815674,1.5774434804916382,1.3814502954483032,0.5501707792282104,-0.6257725954055786,-0.49525272846221924
1.8262736797332764,1.683687448501587,1.5187214612960815,1.1173397302627563,1.1799869537353516,1.1837513446807861,1.1466200351715088,1.1675512790679932,1.3035832643508911,1.4209743738174438,1.434381127357483,1.5691111087799072,1.6995408535003662,1.552535891532898,1.6694976091384888,1.750920295715332,1.3609917163848877,1.016101360321045,1.08554208278656,1.0777531862258911,0.8669041395187378,0.4297925531864166,0.8101217746734619,1.6562343835830688,2.438621997833252,2.598078727722168,2.4233651161193848,2.402420997619629,2.4612221717834473,2.2338457107543945,2.0362658500671387,1.5743653774261475,1.50753915309906,0.9624598026275635,0.36522412300109863,3.2072978019714355,3.5720934867858887,2.575352907180786,1.317986011505127,0.23139365017414093,0.2995228171348572,0.276086688041687,0.07886341214179993
1.8384455442428589,1.7190470695495605,1.5971837043762207,1.3116509914398193,1.3196130990982056,1.0579683780670166,1.0395067930221558,1.3503673076629639,1.0970302820205688,0.8574645519256592,1.3614660501480103,2.0052411556243896,2.940443515777588,3.0807313919067383,2.5735223293304443,1.6829395294189453,1.6865956783294678,2.0473546981811523,2.2551684379577637,2.181497812271118,2.1912195682525635,1.8110250234603882,2.0202715396881104,2.1274750232696533,2.2448856830596924,2.0586538314819336,1.9823580980300903,2.712473154067993,2.746628999710083,2.476597785949707,2.7627294063568115,2.11017107963562,1.9310626983642578,2.00907564163208,1.8289811611175537,3.5981504917144775,3.472731113433838,3.1168036460876465,1.6389350891113281,0.249959334731102,0.3874204754829407,-0.4247235059738159,-0.9914662837982178
1.8489491939544678,1.7394824028015137,1.6131558418273926,1.5136760473251343,1.2423944473266602,1.0694812536239624,1.1808522939682007,1.025699257850647,0.40217652916908264,0.5582498908042908,1.5573114156723022,2.5751943588256836,3.159454822540283,3.4959828853607178,2.665579080581665,1.9095451831817627,2.6054348945617676,3.160460948944092,3.154310941696167,2.738619089126587,2.50191330909729,2.4990789890289307,2.949908494949341,3.164796829223633,2.552957534790039,2.1508047580718994,2.4619438648223877,3.366337299346924,2.92051362991333,3.195291519165039,3.5490615367889404,2.404839515686035,1.9366459846496582,2.3229146003723145,3.109003782272339,2.435434579849243,2.00699520111084,2.8216240406036377,1.8291819095611572,1.5692412853240967,1.3073034286499023,1.4122490882873535,-0.8335208892822266
1.8319401741027832,1.7076514959335327,1.6154295206069946,1.5546692609786987,1.368941307067871,1.1871312856674194,1.0257914066314697,0.9151869416236877,0.6858502626419067,1.03683340549469,2.282602071762085,2.5492465496063232,2.4743006229400635,2.3928890228271484,2.088162660598755,1.849146842956543,2.756946325302124,3.093440055847168,2.855351448059082,2.6167891025543213,2.1579816341400146,2.707758665084839,3.054873466491699,3.0790934562683105,2.732306480407715,2.2592835426330566,2.96482253074646,3.564481735229492,2.891979694366455,3.3854780197143555,3.6079001426696777,2.9627981185913086,2.3341073989868164,1.9756747484207153,3.4696812629699707,3.453312873840332,2.76383376121521,1.611371636390686,1.440212607383728,2.8242979049682617,3.4942355155944824,4.550309658050537,1.4407204389572144
1.85978102684021,1.7200249433517456,1.6051054000854492,1.5253673791885376,1.3655476570129395,1.253341555595398,1.1926907300949097,1.3174479007720947,1.199401617050171,1.5036437511444092,2.510014533996582,2.286726474761963,1.8685274124145508,2.003113031387329,1.9088505506515503,1.6807377338409424,2.4071619510650635,2.5167574882507324,2.5337579250335693,2.59975266456604,2.5752923488616943,3.0421862602233887,2.9398326873779297,2.9611330032348633,2.5804286003112793,2.1995089054107666,2.598968029022217,2.972057580947876,2.8332138061523438,3.047611951828003,2.9903013706207275,2.9105143547058105,2.9124090671539307,1.9661145210266113,2.971419095993042,4.056010723114014,4.2306437492370605,2.4282069206237793,1.5218226909637451,2.9980125427246094,3.8191773891448975,4.753902912139893,3.0655205249786377
1.872802734375,1.6759696006774902,1.528989553451538,1.4276472330093384,1.2011202573776245,1.1361818313598633,1.1781864166259766,1.2961223125457764,1.3287712335586548,1.9302947521209717,2.410872220993042,2.0320241451263428,1.847049593925476,2.0577995777130127,2.59143328666687,2.6713955402374268,2.444413185119629,2.3262898921966553,2.247284412384033,2.5118765830993652,2.669018268585205,2.7450952529907227,2.813727378845215,2.8718833923339844,2.5976133346557617,2.52245831489563,2.3397469520568848,2.4004311561584473,2.383852005004883,2.7109715938568115,2.0910050868988037,1.8064144849777222,2.0071051120758057,1.9802302122116089,2.5438718795776367,3.5598340034484863,4.060307502746582,3.928581714630127,2.143871545791626,2.476290464401245,3.1169848442077637,3.2730185985565186,2.9610776901245117
