demo/sfcwind/1830-wind-surface-level-gfs-1.0.json
{"header": {"productDefinitionTemplate": 0, "surface1Type": 103, "productStatus": 0, "disciplineName": "Meteorological products", "subDivisions": 0, "winds": "true", "parameterNumberName": "V-component_of_wind", "discipline": 0, "surface2Value": 0, "significanceOfRTName": "Start of forecast", "surface2TypeName": "Missing", "surface2Type": 255, "productTypeName": "Forecast products", "dx": 0.024617210030555725, "dy": 0.01798853650689125, "numberPoints": 65160, "productStatusName": "Operational products", "gribEdition": 2, "parameterUnit": "m.s-1", "forecastTime": 0, "refTime": "2020-09-30T16:30:00.000Z", "productType": 1, "genProcessTypeName": "Forecast", "scanMode": 0, "genProcessType": 2, "gribLength": 11338.0, "significanceOfRT": 1, "productDefinitionTemplateName": "Analysis/forecast at horizontal level/layer at a point in time", "centerName": "WRF OUTPUT", "la1": 43.66691207885742, "la2": 42.426788330078125, "lo2": 13.70867919921875, "gridUnits": "degrees", "surface1Value": 10, "shapeName": "Earth spherical with radius of 6,371,229.0 m", "surface1TypeName": "Specified height level above ground", "nx": 70.0, "ny": 70.0, "lo1": 12.008544921875, "basicAngle": 0, "gridDefinitionTemplate": 0, "shape": 6, "parameterNumber": 3, "subcenter": 0, "parameterCategoryName": "Momentum", "parameterCategory": 2, "center": 0, "gridDefinitionTemplateName": "Latitude_Longitude", "resolution": 48}, "data":
[rows 0 to 18 of 70, columns 0 to 42 of 70]
1.5434365272521973,1.6090610027313232,1.982574224472046,1.7669209241867065,1.686274528503418,1.4306515455245972,1.8688632249832153,2.7594523429870605,3.4128308296203613,3.9782283306121826,2.4474129676818848,1.5543622970581055,1.0081830024719238,0.10080723464488983,-0.5974257588386536,-0.7914889454841614,-1.0638350248336792,-1.5958130359649658,-1.6463797092437744,-1.6294986009597778,-1.3628313541412354,-1.1995288133621216,-1.1226096153259277,-0.9220567345619202,-0.719260036945343,-0.5555113554000854,-0.5113827586174011,-0.43648862838745117,-0.38608434796333313,-0.28436949849128723,-0.18162856996059418,-0.02877548150718212,-0.012876205146312714,0.03838512673974037,0.0913226380944252,-0.06129041686654091,-0.11530140042304993,-0.3116855025291443,-0.34139055013656616,-0.3290822207927704,-0.344655305147171,-0.23832833766937256,-0.2411040961742401
1.531117558479309,1.5896574258804321,1.90096914768219,1.6661442518234253,1.4917789697647095,1.1301424503326416,1.5588195323944092,2.4739861488342285,3.041832685470581,3.5420620441436768,2.3678078651428223,1.6718870401382446,1.2769649028778076,0.421185165643692,-0.2965647578239441,-0.47449827194213867,-0.7735575437545776,-1.4436019659042358,-1.4848451614379883,-1.417488694190979,-1.2024084329605103,-1.065026044845581,-0.94422847032547,-0.8078252077102661,-0.6093476414680481,-0.5281605124473572,-0.48822522163391113,-0.35780084133148193,-0.2982093095779419,-0.184173122048378,-0.06237580627202988,0.10448312014341354,0.13136409223079681,0.21035021543502808,0.2924588620662689,0.15264812111854553,0.10633799433708191,-0.11052514612674713,-0.15886487066745758,-0.16187109053134918,-0.2414623200893402,-0.15873242914676666,-0.19747062027454376
1.5318275690078735,1.5465617179870605,1.5325891971588135,1.493557095527649,1.3910462856292725,1.35281503200531,1.2496213912963867,1.2155691385269165,0.8958020806312561,0.5913165211677551,0.5437124967575073,0.5850063562393188,0.514872670173645,0.3798117935657501,0.19495262205600739,0.0730096697807312,-0.15178178250789642,-0.3511171042919159,-0.4200180470943451,-0.49517419934272766,-0.5694878101348877,-0.5959888696670532,-0.6945465207099915,-0.728769838809967,-0.7350140810012817,-0.6872676610946655,-0.535076379776001,-0.35826945304870605,-0.20819619297981262,-0.12211737781763077,-0.0028253926429897547,0.08388181030750275,0.15713894367218018,0.20332269370555878,0.23150485754013062,0.1786523461341858,0.14043201506137848,0.0824318379163742,0.03681517392396927,-0.03287530317902565,-0.11983288079500198,-0.18516814708709717,-0.23917697370052338
1.5515106916427612,1.540305733680725,1.4426946640014648,1.3391427993774414,1.1804993152618408,0.982310950756073,0.5775360465049744,0.21234025061130524,-0.030582979321479797,-0.17183290421962738,-0.22641927003860474,-0.10513796657323837,0.1022360697388649,0.3427264392375946,0.5264466404914856,0.574971616268158,0.5167760848999023,0.3269992470741272,0.2859826982021332,0.07929093390703201,-0.30253592133522034,-0.31236350536346436,-0.5473672747612,-1.0361946821212769,-1.3476847410202026,-1.1406669616699219,-1.0095568895339966,-0.6611804366111755,-0.19768188893795013,-0.03301473334431648,0.16136141121387482,0.30133873224258423,0.4220801591873169,0.4795564115047455,0.5211644768714905,0.47629281878471375,0.3730122148990631,0.2744118273258209,0.19451549649238586,0.08720077574253082,-0.0004870798729825765,-0.09593567252159119,-0.13957227766513824
1.5111169815063477,1.4336334466934204,1.2174272537231445,1.149550199508667,0.9632357954978943,0.8189555406570435,0.7987156510353088,0.6887863278388977,0.5737797021865845,0.3780188262462616,0.20727558434009552,0.12373428791761398,0.1619226038455963,0.3262552320957184,0.5070602297782898,0.757867157459259,1.171136498451233,1.1486228704452515,1.1375811100006104,0.542928159236908,-0.04498106613755226,-0.03549551963806152,-0.37371736764907837,-0.8858350515365601,-1.5031331777572632,-1.2757154703140259,-1.0986580848693848,-0.7751823663711548,-0.18032187223434448,0.158254936337471,0.34291377663612366,0.5443845987319946,0.6592882871627808,0.7120223045349121,0.7157628536224365,0.6448740363121033,0.4891694188117981,0.3379194438457489,0.23435726761817932,0.08216657489538193,-0.007187272887676954,-0.11668229103088379,-0.16004861891269684
1.3594170808792114,1.1814631223678589,1.0028531551361084,0.8537697792053223,0.6999601721763611,0.6927816271781921,0.7936466336250305,0.7463259696960449,0.9315497279167175,0.7121974229812622,0.31338629126548767,0.01775604858994484,0.09669598191976547,0.37647271156311035,0.8009446263313293,1.2662838697433472,1.735119104385376,1.8417414426803589,1.9288004636764526,1.816550374031067,1.9576040506362915,1.8324121236801147,1.2761644124984741,0.40529030561447144,-0.7219234108924866,-0.7812483906745911,-0.0914355143904686,0.3510392904281616,0.5381885170936584,0.544258713722229,0.5434703230857849,0.6818163394927979,0.7458125352859497,0.6300832629203796,0.4769204556941986,0.49627137184143066,0.5218350887298584,0.42344388365745544,0.27934086322784424,0.09239770472049713,-0.01829289272427559,-0.13687339425086975,-0.27251455187797546
1.089805006980896,0.8786519765853882,0.7414354085922241,0.6193922758102417,0.3582583963871002,0.19743561744689941,-0.18777580559253693,-0.7764376997947693,-0.37062954902648926,-0.037659626454114914,0.05728864297270775,0.10507939010858536,0.3170229494571686,0.6649341583251953,1.5883498191833496,2.1168317794799805,2.389254093170166,2.3551523685455322,2.6894898414611816,3.237445831298828,3.4289257526397705,2.657383918762207,2.4268455505371094,2.2485930919647217,0.910995602607727,0.3409495949745178,0.31714117527008057,0.9204955697059631,1.2465118169784546,1.0666958093643188,0.669875979423523,0.5156257152557373,0.4985392391681671,0.3216151297092438,0.09626670926809311,0.25801587104797363,0.46652525663375854,0.4907176196575165,0.3965916633605957,0.15425042808055878,-0.05696432292461395,-0.2612960636615753,-0.41309118270874023
0.602461576461792,0.4184599816799164,0.33492380380630493,0.27595144510269165,-0.02042117528617382,-0.32401493191719055,-0.48905208706855774,-1.0486394166946411,-0.7060865759849548,0.08577790856361389,0.6214577555656433,0.8512236475944519,0.7539171576499939,1.0762841701507568,2.2429215908050537,2.807684898376465,2.904188394546509,2.961300849914551,2.98160982131958,2.811751127243042,2.1638619899749756,1.0687382221221924,0.8804424405097961,1.3460702896118164,1.9085537195205688,1.9816503524780273,1.4770959615707397,1.5824378728866577,1.3313337564468384,1.4891796112060547,0.6628878712654114,0.5211014151573181,0.5491200089454651,0.5779057145118713,0.35831645131111145,0.12202322483062744,0.18691881000995636,0.5480169057846069,0.651764988899231,0.3170976936817169,-0.15742991864681244,-0.5172668695449829,-0.5366120934486389
0.14558348059654236,0.02451101318001747,-0.004558015149086714,-0.029360365122556686,-0.36289018392562866,-0.6127758622169495,-0.6536874771118164,-0.5178219079971313,0.030898571014404297,0.5752877593040466,1.0188757181167603,1.176334261894226,1.3826581239700317,2.0548417568206787,2.2710607051849365,2.4445080757141113,2.5106639862060547,2.6069061756134033,2.4169886112213135,1.8428500890731812,0.951391875743866,0.13859854638576508,-0.22855044901371002,-0.24620994925498962,1.2694278955459595,1.983233094215393,2.910278081893921,3.155454158782959,2.0615596771240234,1.587575912475586,1.018162488937378,0.8958478569984436,0.7280672192573547,0.8264406323432922,0.7246130704879761,0.19987933337688446,0.10159420967102051,0.7893007397651672,0.9100430607795715,0.51585453748703,-0.13706126809120178,-0.5699129104614258,-0.5277351140975952
-0.07414861023426056,-0.14296434819698334,-0.1543062925338745,-0.20803402364253998,-0.547908365726471,-0.6722685098648071,-0.4754728674888611,0.4362209141254425,1.3285009860992432,1.0333547592163086,1.0697609186172485,1.4560084342956543,2.0375726222991943,2.2441773414611816,1.8396265506744385,1.7442986965179443,1.7561509609222412,1.507533311843872,1.4624426364898682,1.3952009677886963,0.8972954750061035,0.9976211786270142,1.4541642665863037,1.191938042640686,0.45577704906463623,0.8293957114219666,3.0295848846435547,3.081042766571045,2.3629443645477295,1.4097403287887573,1.1906964778900146,0.9685436487197876,0.2679591476917267,0.22127892076969147,0.31672877073287964,0.13373643159866333,0.07376333326101303,0.4147653579711914,0.4605002999305725,0.38690122961997986,0.022389648482203484,-0.30398574471473694,-0.5138683319091797
-0.15727494657039642,-0.2381795048713684,-0.21634896099567413,-0.22394506633281708,-0.4624801278114319,-0.3990216851234436,0.28854966163635254,1.3227390050888062,1.9114471673965454,0.6904060244560242,1.070495843887329,1.9240535497665405,2.3343496322631836,2.182952404022217,1.9743281602859497,2.0177559852600098,1.8020342588424683,0.9493101835250854,0.8452963829040527,1.7103835344314575,1.8763047456741333,2.3326375484466553,2.500117778778076,2.3696892261505127,0.7152552604675293,-0.0596676841378212,1.6066747903823853,2.0366837978363037,2.0687789916992188,1.0203020572662354,0.8327834010124207,0.7524482607841492,0.3253573477268219,-0.18507741391658783,-0.5886552333831787,-0.2882552742958069,-0.1153315082192421,-0.42856016755104065,-0.41318023204803467,0.08105464279651642,0.24332134425640106,0.055749718099832535,-0.6763876080513
-0.1449757218360901,-0.2341408133506775,-0.19106413424015045,-0.1317235827445984,-0.17380042374134064,0.04056982696056366,0.591214120388031,1.1811208724975586,1.1839498281478882,0.4113538861274719,1.6575438976287842,2.8159117698669434,2.8827381134033203,2.6426260471343994,2.4674692153930664,2.340924024581909,2.1378250122070312,1.3774728775024414,1.2860939502716064,1.982203483581543,2.521601438522339,2.4987831115722656,1.7604937553405762,1.4206020832061768,1.8317599296569824,0.4587801396846771,-0.194113627076149,1.1068443059921265,1.771662950515747,1.1757314205169678,0.3259865939617157,0.40434587001800537,0.13213381171226501,-0.18778367340564728,-0.9812763929367065,-0.7732743620872498,-0.5202603340148926,-0.6734763979911804,-0.7812149524688721,-0.09417480230331421,0.4200359880924225,0.15952879190444946,-1.0720170736312866
0.03926801308989525,-0.03528997674584389,-0.010707414709031582,0.047808241099119186,0.1820438951253891,0.23196744918823242,0.15685158967971802,0.11123842746019363,-0.43440961837768555,0.4897475838661194,2.324673652648926,3.2185492515563965,3.347383975982666,3.134269952774048,2.51005482673645,1.8563017845153809,1.6231640577316284,1.9694055318832397,1.9090499877929688,1.6970036029815674,1.380850911140442,1.6247305870056152,1.5160096883773804,1.3136382102966309,1.614853858947754,1.551788568496704,-0.49124425649642944,-0.7492074370384216,-0.18484920263290405,0.5823444128036499,0.22116321325302124,0.18157565593719482,-0.684914231300354,-0.7367569804191589,-0.8367555737495422,-0.885225772857666,-0.9962828159332275,-1.213840126991272,-1.0043399333953857,-0.521554172039032,-0.05774563550949097,-0.23620817065238953,-0.978998064994812
0.32173463702201843,0.2638011574745178,0.24781663715839386,0.26568418741226196,0.35812869668006897,0.39961498975753784,0.19040237367153168,-0.1729011833667755,-0.2624794542789459,1.35249924659729,2.8669183254241943,3.0711328983306885,2.768686056137085,2.548198699951172,2.160078525543213,1.4589781761169434,1.2662136554718018,1.9535199403762817,1.833904504776001,0.9515188336372375,0.6384158134460449,1.2647981643676758,1.9369621276855469,1.5984512567520142,0.9109441637992859,1.2645585536956787,0.33872637152671814,-1.601277470588684,-2.2318716049194336,-1.5218427181243896,-0.8772211074829102,-0.7050877809524536,-1.0890346765518188,-1.5955668687820435,-1.3455475568771362,-0.6124899983406067,-0.45232802629470825,-1.5773670673370361,-1.5381240844726562,-1.4934147596359253,-1.5228116512298584,-1.3777605295181274,-0.8283999562263489
0.5505800247192383,0.5174951553344727,0.4814413785934448,0.48586201667785645,0.5611597895622253,0.6229039430618286,0.7194035649299622,0.6849855780601501,1.2912752628326416,2.026674747467041,2.3577446937561035,2.0177459716796875,1.8881289958953857,1.8160271644592285,1.7655746936798096,1.386520266532898,1.283477544784546,1.597273349761963,1.3909690380096436,0.6587713360786438,0.6826722025871277,1.673485517501831,2.0218517780303955,1.2962448596954346,0.7176730036735535,0.7496236562728882,0.5069290399551392,-1.1673521995544434,-1.4488385915756226,-0.1923498511314392,-0.22546957433223724,-1.346137523651123,-1.6063117980957031,-1.9681153297424316,-1.6926506757736206,-0.8173615336418152,-0.10688959807157516,-0.5879874229431152,-1.104242205619812,-1.5814898014068604,-2.4376490116119385,-1.6978682279586792,-0.5925391912460327
0.8050646185874939,0.8023360967636108,0.7541425824165344,0.7934761643409729,0.9951984286308289,1.0269255638122559,1.1083163022994995,1.3712382316589355,1.9285776615142822,2.0888283252716064,1.9719318151474,1.581065058708191,1.7166178226470947,1.842147946357727,1.8907582759857178,1.9189751148223877,1.7878209352493286,1.4107052087783813,0.9323939085006714,0.7353841066360474,0.6336535215377808,1.167297124862671,1.1199007034301758,0.890155553817749,1.0913946628570557,1.1085090637207031,0.6153651475906372,-0.4218820631504059,0.4956551492214203,2.218353271484375,2.159996271133423,0.6252577304840088,-0.7546207904815674,-1.666771411895752,-1.7562981843948364,-1.5666778087615967,-0.8221652507781982,-0.9832650423049927,-1.0740214586257935,-1.2441037893295288,-1.8188332319259644,-1.4458363056182861,-0.6732485294342041
1.0459728240966797,1.0679361820220947,1.02721107006073,1.1374179124832153,1.4590530395507812,1.8389734029769897,1.7955236434936523,1.8668383359909058,2.2903356552124023,2.274470567703247,2.155632257461548,1.672213077545166,1.842822790145874,2.028543710708618,2.1647775173187256,2.3020803928375244,2.071187734603882,1.1927860975265503,0.6785803437232971,1.4248321056365967,0.9953910112380981,0.0027976760175079107,-0.051462650299072266,0.6421467065811157,0.9792898893356323,1.1190086603164673,1.0313103199005127,0.4779989421367645,0.32045045495033264,1.5919430255889893,1.9450740814208984,1.9470237493515015,0.4767531752586365,-1.2520474195480347,-2.0209407806396484,-1.9916174411773682,-1.2254102230072021,-2.206857204437256,-1.9146599769592285,-2.182366371154785,-2.1944873332977295,-1.8466904163360596,-1.347383975982666
1.3260928392410278,1.3248844146728516,1.3206255435943604,1.4353723526000977,1.841143012046814,2.361480712890625,2.3355274200439453,2.5178382396698,2.743144989013672,2.591928482055664,2.9665074348449707,2.4844372272491455,2.12860107421875,1.9591777324676514,1.920811653137207,1.7665555477142334,1.1872390508651733,0.8078474998474121,1.1149468421936035,2.1115612983703613,1.7871513366699219,0.028500773012638092,-1.2058017253875732,-0.27375733852386475,0.3000766336917877,0.8571733236312866,1.4218058586120605,1.389049768447876,-0.32669663429260254,-0.5089907646179199,0.6412466764450073,1.3885338306427002,1.0734723806381226,-1.1856900453567505,-2.1210715770721436,-1.9327929019927979,-1.1537818908691406,-1.819987177848816,-2.1746315956115723,-3.3443305492401123,-2.1215338706970215,-1.6960649490356445,-1.571749210357666
1.499923825263977,1.5473467111587524,1.5646191835403442,1.7283711433410645,2.18428373336792,2.6861486434936523,2.619354724884033,2.8680758476257324,3.3402180671691895,3.249359607696533,3.462082862854004,2.8691043853759766,2.339961051940918,1.6602977514266968,1.2586745023727417,0.9369804859161377,0.7316950559616089,1.0374257564544678,1.5127277374267578,1.3548798561096191,1.0498467683792114,0.7043305039405823,-0.7823593020439148,-1.1199002265930176,-0.6508426666259766,0.11345306038856506,0.4282587170600891,0.7051292061805725,-0.28622111678123474,-1.9652408361434937,-1.217627763748169,0.491416335105896,1.2945880889892578,0.11056312918663025,-1.0587958097457886,-0.7408162355422974,0.06744293123483658,-0.48596811294555664,-1.6104689836502075,-2.5225653648376465,-1.18215012550354,-0.6134182810783386,-0.1913539171218872
