demo/sfcwind/1830-wind-surface-level-gfs-1.0.json
{"header": {"productDefinitionTemplate": 0, "surface1Type": 103, "productStatus": 0, "disciplineName": "Meteorological products", "subDivisions": 0, "winds": "true", "parameterNumberName": "U-component_of_wind", "discipline": 0, "surface2Value": 0, "significanceOfRTName": "Start of forecast", "surface2TypeName": "Missing", "surface2Type": 255, "productTypeName": "Forecast products", "dx": 0.024617210030555725, "dy": 0.01798853650689125, "numberPoints": 65160, "productStatusName": "Operational products", "gribEdition": 2, "parameterUnit": "m.s-1", "forecastTime": 0, "refTime": "2020-09-30T16:30:00.000Z", "productType": 1, "genProcessTypeName": "Forecast", "scanMode": 0, "genProcessType": 2, "gribLength": 11338.0, "significanceOfRT": 1, "productDefinitionTemplateName": "Analysis/forecast at horizontal level/layer at a point in time", "centerName": "WRF OUTPUT", "la1": 43.66691207885742, "la2": 42.426788330078125, "lo2": 13.70867919921875, "gridUnits": "degrees", "surface1Value": 10, "shapeName": "Earth spherical with radius of 6,371,229.0 m", "surface1TypeName": "Specified height level above ground", "nx": 70.0, "ny": 70.0, "lo1": 12.008544921875, "basicAngle": 0, "gridDefinitionTemplate": 0, "shape": 6, "parameterNumber": 2, "subcenter": 0, "parameterCategoryName": "Momentum", "parameterCategory": 2, "center": 0, "gridDefinitionTemplateName": "Latitude_Longitude", "resolution": 48}, "data":
[rows 38 to 56 of 70, columns 0 to 42 of 70]
0.8001852035522461,0.9221557378768921,1.1679025888442993,1.4747920036315918,1.7970949411392212,1.438843011856079,1.1935486793518066,1.3961340188980103,1.4478225708007812,1.8783478736877441,2.2766530513763428,2.312243700027466,2.016753911972046,2.093860149383545,2.3761870861053467,1.8783996105194092,1.0306406021118164,0.8780947327613831,1.0465863943099976,0.9749194383621216,1.17704176902771,1.4119083881378174,0.6509203910827637,0.28268900513648987,-0.11652518808841705,-0.8745754361152649,-1.0365567207336426,-0.4403582513332367,0.7278633117675781,0.7787991762161255,0.16056481003761292,0.9424150586128235,1.9500701427459717,2.2246432304382324,1.662062406539917,1.622779369354248,2.0507283210754395,2.013166666030884,2.402853488922119,3.2851805686950684,3.608140707015991,3.056227922439575,2.3989689350128174
0.864063560962677,0.957242488861084,1.0710772275924683,1.3102431297302246,1.375085711479187,0.9856458306312561,1.0408564805984497,1.612070083618164,1.9133129119873047,1.7616605758666992,1.8026418685913086,1.6082837581634521,1.769273281097412,2.4379758834838867,2.5107510089874268,1.970953345298767,1.4484899044036865,1.2800216674804688,0.7897590398788452,0.30550041794776917,0.5340554714202881,1.7463301420211792,2.2689661979675293,1.0601264238357544,0.601852297782898,0.4039522707462311,0.08311721682548523,-0.1132424995303154,0.03611869737505913,0.06098292022943497,0.42150232195854187,1.343480110168457,2.0160179138183594,2.1159660816192627,1.3419967889785767,1.1843241453170776,1.7371056079864502,2.1413466930389404,2.138579845428467,2.579603672027588,3.6950650215148926,4.522856712341309,3.9291720390319824
0.7973663210868835,0.8222985863685608,0.8619617223739624,0.898252546787262,0.6730931401252747,0.5553928017616272,0.9542986750602722,1.3929524421691895,1.5503484010696411,2.129378080368042,2.4837112426757812,1.8434327840805054,1.8840888738632202,2.295841693878174,2.477490186691284,2.348949432373047,1.992867350578308,1.467083215713501,0.449227899312973,-0.26600947976112366,0.09831560403108597,1.6086865663528442,2.3255727291107178,1.310210108757019,0.6328495144844055,0.9231780171394348,0.6551141738891602,-0.2030567079782486,-1.3392068147659302,-1.8002887964248657,-0.19526109099388123,1.1057400703430176,1.456528663635254,2.1753363609313965,2.709362506866455,1.6662465333938599,1.3086298704147339,1.814626932144165,2.0293309688568115,2.0722496509552,2.825462818145752,3.191070556640625,3.0449728965759277
0.9638429284095764,0.9995586276054382,0.8355723023414612,0.8645987510681152,0.7831595540046692,0.8543611764907837,1.1796698570251465,1.2392244338989258,1.3464117050170898,1.9474750757217407,2.660278558731079,2.8344509601593018,2.538422107696533,2.322115659713745,2.531442165374756,2.6285390853881836,2.3829123973846436,1.6466894149780273,0.5518015027046204,-0.309905081987381,0.07156282663345337,1.453626275062561,2.4843697547912598,2.3209922313690186,1.5609335899353027,1.139346718788147,-0.08473391830921173,-1.3050531148910522,-1.6179823875427246,-1.707216739654541,-0.7210984230041504,0.06443517655134201,0.7827202081680298,2.398318290710449,3.7274601459503174,2.985414505004883,1.204513430595398,1.4935822486877441,1.8973720073699951,1.5411571264266968,1.71828293800354,0.9574044346809387,0.7199398279190063
0.8096595406532288,0.8506911396980286,0.8802555799484253,1.203213095664978,1.3575019836425781,1.2397263050079346,1.4476139545440674,1.4252747297286987,1.3346902132034302,1.8612481355667114,2.871283531188965,2.8816025257110596,2.635568141937256,2.657986640930176,2.522822618484497,2.2833518981933594,2.075484275817871,1.6427326202392578,1.3823004961013794,0.8865172863006592,0.5489464402198792,0.9320569038391113,1.4393328428268433,1.9305851459503174,2.4643449783325195,2.233877658843994,0.2950020730495453,-1.2977911233901978,-1.4191125631332397,-2.0391669273376465,-1.9582902193069458,-0.6530280709266663,1.1835359334945679,2.7331490516662598,3.9710967540740967,2.7451171875,1.237072467803955,0.8357284069061279,0.6909799575805664,1.392212986946106,1.7473304271697998,0.09668504446744919,-0.44986793398857117
0.7897141575813293,0.8652002811431885,0.9342873096466064,1.4509128332138062,1.6095900535583496,1.3649367094039917,1.488818645477295,1.5597412586212158,1.2804583311080933,1.7523019313812256,2.8756024837493896,2.481837272644043,2.1077446937561035,2.4226393699645996,2.220168113708496,1.7582683563232422,1.4674983024597168,1.3471559286117554,1.6389211416244507,2.131183385848999,1.7425695657730103,0.7786452770233154,0.8627089858055115,1.6381030082702637,1.9239352941513062,2.4047305583953857,1.1156460046768188,-0.8239545822143555,-1.2636823654174805,-2.371478796005249,-2.9797940254211426,-1.3808788061141968,1.221671223640442,2.906561851501465,3.6055667400360107,2.048736810684204,-0.11056721955537796,-0.9390828609466553,-0.3876694142818451,1.4628900289535522,2.228423595428467,-0.4388270080089569,-1.397510051727295
0.6765183210372925,0.7680105566978455,0.9654693603515625,1.4981096982955933,1.4733617305755615,1.1240630149841309,1.3291248083114624,1.3411445617675781,1.1668747663497925,1.9138224124908447,2.936736822128296,2.8610239028930664,2.584106922149658,2.199458122253418,2.118905782699585,1.5641025304794312,1.1004890203475952,1.2412694692611694,1.6152178049087524,2.188047170639038,2.4387919902801514,1.9394892454147339,1.7055647373199463,1.8931901454925537,2.320265054702759,2.6066181659698486,1.6692872047424316,0.09421584755182266,-0.9470931887626648,-2.3035175800323486,-2.835103750228882,-0.9254428744316101,1.4653308391571045,2.8551626205444336,3.1402177810668945,2.7525317668914795,0.6879701018333435,-1.1664700508117676,-0.7931309938430786,1.3873361349105835,1.6086342334747314,-0.6060803532600403,-1.1786813735961914
0.5790960192680359,0.7232244610786438,1.0415786504745483,1.5874176025390625,1.5586060285568237,1.1098542213439941,1.0438071489334106,0.9235785603523254,1.0403956174850464,1.8499994277954102,2.862326145172119,2.9203972816467285,2.7561709880828857,2.245455026626587,2.4210801124572754,2.2964956760406494,1.5990151166915894,1.2904884815216064,1.5935782194137573,1.6428818702697754,1.7448532581329346,2.1662356853485107,2.203305721282959,2.073277235031128,2.03523850440979,2.3265879154205322,1.923551082611084,0.322356253862381,-1.2740570306777954,-2.523366689682007,-3.0419461727142334,-1.6323989629745483,0.41794997453689575,1.2640507221221924,1.9305717945098877,2.9421348571777344,2.420475482940674,-0.6871086359024048,-1.2270039319992065,1.0473403930664062,2.0927090644836426,1.289502501487732,-0.19343571364879608
0.5730471014976501,0.7613640427589417,1.151633620262146,1.6593948602676392,1.6919575929641724,1.2569687366485596,0.961013913154602,0.8862290978431702,1.2092293500900269,1.9482380151748657,2.688018560409546,2.314910411834717,1.9792735576629639,2.0821874141693115,2.384554386138916,2.4527130126953125,1.7744189500808716,1.5022526979446411,1.6957796812057495,1.4507324695587158,1.1568506956100464,1.3314461708068848,1.8497353792190552,2.251011371612549,2.024416208267212,1.5354233980178833,1.4715371131896973,0.8809084892272949,-0.8355584740638733,-2.256112813949585,-3.1824605464935303,-2.780905246734619,-1.1297621726989746,-0.09023945033550262,1.4462230205535889,3.5613045692443848,3.622832775115967,0.6087989211082458,-1.0272825956344604,0.8837698698043823,2.5382184982299805,3.202756404876709,2.1332998275756836
0.5918481349945068,0.8439108729362488,1.302596926689148,1.8118103742599487,1.973157525062561,1.6393766403198242,1.2480806112289429,1.1409077644348145,1.4598402976989746,1.9314205646514893,2.4363458156585693,2.087434768676758,1.7405564785003662,1.8382898569107056,1.9662189483642578,1.7876306772232056,1.533820629119873,1.5177030563354492,1.6304694414138794,1.322580337524414,0.9780334830284119,1.0291846990585327,1.6996506452560425,2.252405881881714,2.371994733810425,2.006424903869629,2.2405788898468018,2.043004274368286,0.00033386252471245825,-1.974526286125183,-2.853502035140991,-3.050333023071289,-1.9452636241912842,-0.4968697726726532,1.6183571815490723,3.294854164123535,3.3737974166870117,1.084892988204956,-0.6748915910720825,0.748502790927887,2.366093635559082,3.359760284423828,3.3374693393707275
0.6717875599861145,0.9476625323295593,1.421316385269165,1.988692045211792,2.135653257369995,1.918017029762268,1.4995015859603882,1.1903105974197388,1.327296257019043,1.507312297821045,1.6356068849563599,1.4308245182037354,1.289494514465332,1.4376153945922852,1.4569799900054932,1.7537469863891602,1.9606006145477295,1.8182486295700073,1.582125186920166,1.2675532102584839,0.7987508177757263,0.5400198698043823,1.258294701576233,2.2693376541137695,3.3366191387176514,3.5680177211761475,2.7469778060913086,1.8759019374847412,1.929013967514038,0.6943700313568115,-1.3204201459884644,-2.0166923999786377,-1.7107380628585815,-0.5953373312950134,1.0519092082977295,2.460099458694458,3.2415215969085693,1.8103688955307007,0.5061089992523193,1.0431668758392334,2.1830060482025146,2.7541604042053223,3.525134325027466
0.8169062733650208,1.1186007261276245,1.5758682489395142,1.9448988437652588,2.1162405014038086,2.039257049560547,1.7729333639144897,1.435028314590454,1.166648030281067,0.7828096747398376,0.5693254470825195,0.8589580655097961,1.2388018369674683,1.582487940788269,2.1599373817443848,2.5123605728149414,2.354914426803589,2.1655895709991455,1.8405946493148804,1.3617621660232544,0.6645844578742981,-0.13296473026275635,0.2184155285358429,1.6994212865829468,2.8117079734802246,3.283597469329834,2.5194923877716064,1.6062440872192383,2.017514944076538,2.466953754425049,0.7936561107635498,-0.9164766669273376,-0.972630500793457,-0.058412909507751465,1.084643840789795,1.9725593328475952,2.1203079223632812,2.2553160190582275,2.3190484046936035,1.9279758930206299,1.7294362783432007,1.9034267663955688,2.203486442565918
1.25608229637146,1.6287918090820312,1.7485913038253784,1.8339011669158936,1.9331477880477905,1.712100863456726,1.4394713640213013,1.3368685245513916,0.8944319486618042,0.46227312088012695,0.375906378030777,0.8507863283157349,1.7443187236785889,2.6737782955169678,2.7477097511291504,2.3578739166259766,2.2231876850128174,2.1664116382598877,1.824319839477539,1.4472427368164062,0.6820774674415588,-0.7231509685516357,-0.7107676863670349,1.0451195240020752,2.3086891174316406,2.7976393699645996,2.5311086177825928,2.2919609546661377,2.266085386276245,1.7779932022094727,-0.40973660349845886,-2.2556424140930176,-1.926857590675354,-0.5807734727859497,1.0756791830062866,1.2147314548492432,1.2591196298599243,2.7887046337127686,3.149153470993042,2.1169488430023193,2.541818141937256,1.5707331895828247,0.9380916357040405
1.4174141883850098,1.7471776008605957,1.8260811567306519,1.6733872890472412,1.8067082166671753,1.9582080841064453,1.8613760471343994,1.5943360328674316,1.6124725341796875,1.8662030696868896,1.3968305587768555,1.1961220502853394,1.9597777128219604,2.584240436553955,2.3044373989105225,2.2607715129852295,2.239720582962036,1.7239336967468262,1.440139889717102,1.4635074138641357,0.7402515411376953,-0.8942193984985352,-1.405588984489441,0.05935284495353699,1.8239178657531738,2.9332122802734375,2.9658267498016357,2.3788833618164062,2.115098476409912,1.4252734184265137,-0.23920628428459167,-1.500411033630371,-1.622603178024292,-0.5317628383636475,-0.09315024316310883,-0.045325301587581635,1.7900663614273071,3.639429807662964,2.76475191116333,1.2495869398117065,1.339147925376892,-0.07208118587732315,0.08003424108028412
1.4187135696411133,1.7451567649841309,1.9649708271026611,2.1069726943969727,2.216951370239258,1.8535124063491821,1.4803786277770996,1.5274863243103027,2.1347832679748535,2.5525283813476562,1.863004207611084,1.058310627937317,1.3181074857711792,1.7091050148010254,1.5966523885726929,1.4764827489852905,1.358651876449585,1.2589874267578125,1.3390048742294312,1.342433214187622,1.225130558013916,0.0004376609867904335,-1.273453950881958,-0.5171988606452942,1.3212831020355225,2.7970833778381348,3.008033514022827,1.8949909210205078,1.5389275550842285,1.1208620071411133,0.24437224864959717,-0.17170889675617218,-0.2194850891828537,0.3429792821407318,-0.7217839360237122,-0.7565521597862244,2.2798829078674316,3.9759573936462402,2.039128065109253,0.14650125801563263,0.4263681173324585,-0.6357319951057434,-1.020999550819397
1.3321691751480103,1.5947176218032837,1.907474160194397,2.174471378326416,1.9646941423416138,1.711256742477417,1.8407853841781616,2.2459497451782227,2.56109619140625,2.0170738697052,0.8667862415313721,0.1607854813337326,0.5362319350242615,1.6015546321868896,1.6264712810516357,0.9664885997772217,1.1820473670959473,1.5554630756378174,1.6027024984359741,1.5654064416885376,1.4912091493606567,0.35482072830200195,-0.7848271727561951,-0.24790625274181366,1.3071147203445435,2.926602840423584,2.3259506225585938,1.171991229057312,1.4645081758499146,1.1805192232131958,0.09951187670230865,0.22884981334209442,0.4366912841796875,0.04241907596588135,-1.1587824821472168,-0.7544306516647339,2.0328292846679688,4.311488628387451,3.0891215801239014,0.41893085837364197,0.7894258499145508,0.5646889805793762,-1.2403236627578735
1.5271040201187134,1.74171781539917,1.8678719997406006,2.1016042232513428,2.1306097507476807,2.100546360015869,2.1343326568603516,2.12467885017395,1.8913947343826294,0.7103748321533203,-0.5616832971572876,-0.6526365280151367,0.3949407935142517,1.7971431016921997,2.3972387313842773,1.4067927598953247,0.9421756267547607,1.0880242586135864,1.3376471996307373,1.4839422702789307,1.1327903270721436,0.03278379514813423,-0.7386413216590881,0.07837504148483276,1.6834948062896729,2.926776647567749,1.890917181968689,1.1363816261291504,1.83095383644104,1.3510105609893799,0.24782921373844147,1.0259134769439697,1.3036463260650635,-0.7951108813285828,-1.476731538772583,-0.01269692275673151,2.076458215713501,3.4948387145996094,2.902461051940918,0.1940464824438095,0.5440860390663147,2.0849788188934326,0.9307553172111511
1.6602195501327515,1.8393524885177612,1.808264970779419,2.082977771759033,2.385873317718506,2.3803799152374268,2.283170461654663,2.3210816383361816,2.1903979778289795,1.2915183305740356,0.11691692471504211,-0.17462019622325897,0.515720546245575,1.6717536449432373,2.56923770904541,1.6618921756744385,0.7698643207550049,0.8865131139755249,1.2231558561325073,1.279143214225769,1.049546241760254,0.3990030884742737,-0.237137570977211,0.36009958386421204,1.9316012859344482,2.766253709793091,1.377793788909912,1.066174030303955,2.233278274536133,1.515801191329956,0.4199082851409912,1.3866331577301025,1.7064071893692017,-1.4983590841293335,-2.1888649463653564,0.9752445816993713,2.9376766681671143,2.9033522605895996,0.9974712133407593,-0.38749057054519653,0.38176095485687256,2.284762382507324,2.524372100830078
1.7738969326019287,1.8468732833862305,1.7636702060699463,1.9650225639343262,2.1267549991607666,2.1512937545776367,2.286656618118286,2.3395824432373047,2.0457684993743896,1.3870493173599243,0.48516708612442017,0.18248789012432098,0.5824558138847351,1.3783787488937378,2.4393906593322754,1.982197642326355,0.9204570651054382,0.8051468133926392,0.9230034947395325,0.9377336502075195,0.9279141426086426,0.5973546504974365,0.12726888060569763,0.7327746748924255,1.860493540763855,2.2660868167877197,1.0910896062850952,1.1754642724990845,2.134392738342285,1.923248052597046,1.01028573513031,1.1562244892120361,1.2213122844696045,-1.1746127605438232,-2.6148312091827393,-0.2132686972618103,3.038750171661377,5.079416275024414,2.943769693374634,-0.6286264657974243,-0.07051112502813339,2.376546621322632,3.9442920684814453
