demo/sfcwind/1830-wind-surface-level-gfs-1.0.json
{"header": {"productDefinitionTemplate": 0, "surface1Type": 103, "productStatus": 0, "disciplineName": "Meteorological products", "subDivisions": 0, "winds": "true", "parameterNumberName": "U-component_of_wind", "discipline": 0, "surface2Value": 0, "significanceOfRTName": "Start of forecast", "surface2TypeName": "Missing", "surface2Type": 255, "productTypeName": "Forecast products", "dx": 0.024617210030555725, "dy": 0.01798853650689125, "numberPoints": 65160, "productStatusName": "Operational products", "gribEdition": 2, "parameterUnit": "m.s-1", "forecastTime": 0, "refTime": "2020-09-30T16:30:00.000Z", "productType": 1, "genProcessTypeName": "Forecast", "scanMode": 0, "genProcessType": 2, "gribLength": 11338.0, "significanceOfRT": 1, "productDefinitionTemplateName": "Analysis/forecast at horizontal level/layer at a point in time", "centerName": "WRF OUTPUT", "la1": 43.66691207885742, "la2": 42.426788330078125, "lo2": 13.70867919921875, "gridUnits": "degrees", "surface1Value": 10, "shapeName": "Earth spherical with radius of 6,371,229.0 m", "surface1TypeName": "Specified height level above ground", "nx": 70.0, "ny": 70.0, "lo1": 12.008544921875, "basicAngle": 0, "gridDefinitionTemplate": 0, "shape": 6, "parameterNumber": 2, "subcenter": 0, "parameterCategoryName": "Momentum", "parameterCategory": 2, "center": 0, "gridDefinitionTemplateName": "Latitude_Longitude", "resolution": 48}, "data":
[rows 19 to 37 of 70, columns 0 to 42 of 70]
1.9545090198516846,1.9636434316635132,2.0018796920776367,1.7900413274765015,1.6913267374038696,1.7371078729629517,1.4470702409744263,1.2184603214263916,1.4524478912353516,1.9533320665359497,2.1722705364227295,2.33467435836792,2.5338969230651855,2.1209731101989746,1.8340998888015747,2.065490484237671,2.280609369277954,2.197327136993408,2.088432788848877,2.1777186393737793,2.659342050552368,3.3575148582458496,3.086888313293457,2.3829855918884277,1.9858514070510864,2.139103412628174,2.4966373443603516,3.29793119430542,3.3570854663848877,1.1830694675445557,0.3581930100917816,1.6032098531723022,3.271533966064453,4.4890265464782715,3.6537673473358154,2.3778960704803467,2.6617238521575928,3.033191680908203,2.5558414459228516,0.5738053917884827,-1.8602715730667114,-1.4620281457901,1.5801606178283691
1.95963454246521,2.00331449508667,2.015033006668091,1.8097821474075317,1.4897750616073608,1.3004416227340698,1.4412449598312378,1.5882569551467896,1.7644988298416138,2.1722657680511475,2.0460968017578125,2.096480369567871,2.7779617309570312,2.644925117492676,2.098416328430176,1.8257319927215576,1.8041003942489624,1.745782732963562,1.7738608121871948,1.6029126644134521,2.109199047088623,2.7919442653656006,3.364779472351074,2.9751529693603516,2.39613938331604,1.994181513786316,2.1289966106414795,2.4270997047424316,3.0393154621124268,2.427506685256958,0.9913762211799622,1.0689643621444702,2.6169300079345703,4.109450340270996,3.5318474769592285,2.7474474906921387,3.083690643310547,3.574201822280884,3.4489550590515137,1.6676311492919922,-1.0970171689987183,-1.273972988128662,1.1523911952972412
1.9479588270187378,1.9279595613479614,1.9706857204437256,1.820190191268921,1.3711720705032349,1.1781889200210571,1.3391094207763672,1.4979153871536255,1.469465732574463,1.476995825767517,1.5582759380340576,2.059813976287842,2.8830149173736572,3.206068754196167,2.789649724960327,1.6157201528549194,1.0043085813522339,1.093313455581665,1.379430890083313,1.6698886156082153,2.163484811782837,2.9841551780700684,3.1664321422576904,2.9794507026672363,3.095427989959717,2.964998722076416,2.3541505336761475,2.0541915893554688,2.164168119430542,2.414362668991089,1.4678523540496826,1.3760149478912354,2.623459577560425,4.12546968460083,3.7280917167663574,2.9395430088043213,2.9797568321228027,4.011740207672119,3.8768482208251953,2.794276714324951,-0.03601544350385666,-1.3450151681900024,0.06632082909345627
2.0440526008605957,2.1456832885742188,2.0771522521972656,1.8584692478179932,1.5118794441223145,1.450742483139038,1.5040313005447388,1.294419765472412,0.8195158243179321,0.7108536958694458,1.7137402296066284,2.7609505653381348,2.996903896331787,3.08939790725708,3.424560070037842,2.549006462097168,1.297507882118225,0.9557080268859863,1.4419875144958496,1.94156813621521,2.2917325496673584,2.4862797260284424,2.787055015563965,2.72381591796875,2.9656178951263428,3.4663262367248535,3.1389658451080322,2.469017505645752,2.0676918029785156,2.330230474472046,1.7125598192214966,1.1056255102157593,2.091632843017578,3.353450298309326,3.7928714752197266,3.0282363891601562,2.918973207473755,3.728487968444824,3.870845317840576,3.3105521202087402,1.1416001319885254,-0.939269483089447,-1.1186110973358154
2.0624728202819824,2.2460107803344727,2.1661794185638428,2.026996612548828,1.7331206798553467,1.7460352182388306,1.838958501815796,1.3068857192993164,0.2867088317871094,0.1668170839548111,1.5640149116516113,3.0643808841705322,3.438325881958008,3.104046106338501,3.179290294647217,3.5990042686462402,2.7155160903930664,1.6384048461914062,1.5763170719146729,1.8528435230255127,1.999665379524231,2.227332592010498,2.6129720211029053,3.25555419921875,3.5391345024108887,3.3698294162750244,2.9194648265838623,2.200279951095581,1.546585202217102,1.9311044216156006,1.9277989864349365,0.31162574887275696,0.6387059688568115,2.403662919998169,3.8783178329467773,3.8046107292175293,2.998459815979004,3.478978395462036,3.9639225006103516,3.749408483505249,2.392279863357544,-0.11421012133359909,-2.0385422706604004
2.0328376293182373,2.211792469024658,2.229201078414917,2.248889207839966,2.073355197906494,2.0061628818511963,2.033088207244873,1.3485232591629028,0.3039783239364624,0.2665468752384186,1.7599098682403564,3.486734390258789,3.372736930847168,2.6936275959014893,2.9043006896972656,3.62886905670166,3.3438549041748047,2.3191606998443604,1.6701171398162842,1.611249327659607,1.7398149967193604,1.979344129562378,2.614708423614502,3.4238502979278564,3.403062105178833,2.703260660171509,2.14599347114563,1.53805410861969,0.9662898778915405,1.6863369941711426,1.4876753091812134,-1.15024733543396,-0.951102077960968,2.189537525177002,4.693757057189941,4.702541351318359,3.2255096435546875,3.037271738052368,3.851710081100464,3.5120270252227783,3.1920840740203857,1.1800100803375244,-1.8610477447509766
2.174804449081421,2.5607290267944336,2.3930721282958984,2.53263258934021,2.520012855529785,2.351515531539917,1.6062439680099487,1.1295936107635498,0.9069412350654602,0.8497357368469238,1.798498511314392,3.1877593994140625,3.1679322719573975,2.508600950241089,2.4232797622680664,3.6531901359558105,3.7138419151306152,2.6528987884521484,1.8845925331115723,1.6972713470458984,1.6628327369689941,1.7317289113998413,2.1722307205200195,3.413846731185913,2.4654178619384766,1.2183284759521484,1.697174310684204,1.876030445098877,1.2438746690750122,1.640401005744934,2.0782575607299805,-0.0662798136472702,-0.6368749141693115,2.2629733085632324,4.82045316696167,4.550112247467041,2.385749578475952,2.507101058959961,3.0281624794006348,3.096529006958008,3.983004093170166,1.7364232540130615,-1.7700244188308716
2.0745651721954346,2.5745325088500977,2.4536118507385254,2.4731523990631104,2.612471342086792,2.5482654571533203,1.7852033376693726,1.5471152067184448,1.6677796840667725,1.5881950855255127,1.86350679397583,2.6098666191101074,2.840726613998413,1.9178106784820557,2.111384868621826,3.301227569580078,3.7837064266204834,2.302212715148926,1.3866227865219116,1.3719525337219238,1.3670735359191895,1.450434684753418,2.1990675926208496,2.799257278442383,1.6016674041748047,0.7743325233459473,1.1464486122131348,1.7347221374511719,1.6771280765533447,1.830271601676941,2.1845574378967285,0.5922551155090332,-0.4101041555404663,2.10830020904541,4.325714588165283,4.137327194213867,2.4807493686676025,2.6355669498443604,2.255265474319458,2.8090319633483887,4.2172627449035645,3.2707929611206055,-0.6398677825927734
1.9902119636535645,2.3185312747955322,2.251732110977173,2.405687093734741,2.4743857383728027,2.335662364959717,1.8061271905899048,1.5441203117370605,1.4040675163269043,1.1009652614593506,1.545240044593811,2.284825325012207,2.1686835289001465,1.3660489320755005,1.6362073421478271,2.747224807739258,3.6895649433135986,2.9844069480895996,1.980538249015808,1.6165434122085571,1.4545263051986694,1.4093464612960815,1.7186359167099,2.0169119834899902,1.634445071220398,0.6725380420684814,0.5588061809539795,1.4104160070419312,2.3200018405914307,2.5825488567352295,2.6350650787353516,1.6312270164489746,0.14728698134422302,1.4911401271820068,3.9886791706085205,3.587841033935547,1.8668556213378906,2.2688159942626953,2.2123050689697266,2.2990171909332275,3.4174962043762207,4.45534086227417,1.811805009841919
1.7767428159713745,2.113877058029175,2.073582887649536,2.2164552211761475,2.3309876918792725,2.0996816158294678,1.5013296604156494,1.2759143114089966,1.2417168617248535,1.3650931119918823,1.9210164546966553,2.577721357345581,2.3149352073669434,1.621049404144287,1.7127954959869385,2.3572254180908203,2.426508665084839,2.0973334312438965,1.6611641645431519,1.6725291013717651,1.777010440826416,1.6240538358688354,1.2088059186935425,1.5372602939605713,1.756036400794983,0.907517671585083,0.6506461501121521,1.3936047554016113,2.238034248352051,2.7495663166046143,2.7316396236419678,1.650594711303711,0.5450626611709595,1.469133734703064,3.6224992275238037,2.848991870880127,1.373507022857666,2.433833360671997,3.6036601066589355,3.0894556045532227,3.595447301864624,4.458212852478027,3.563616991043091
1.4840317964553833,1.8769543170928955,1.7708568572998047,1.989214301109314,2.1326000690460205,1.9262531995773315,1.5679545402526855,1.4326014518737793,1.226574420928955,1.3339803218841553,1.8643982410430908,1.951324701309204,1.8086862564086914,1.7224420309066772,1.615105152130127,1.869888186454773,2.4878158569335938,2.2620437145233154,1.1804442405700684,1.1842724084854126,1.641290307044983,1.3796824216842651,0.940763533115387,1.2541143894195557,1.7736773490905762,1.5262805223464966,1.0922082662582397,1.1708650588989258,1.2764248847961426,1.8906118869781494,2.8294591903686523,1.976764440536499,0.8000728487968445,1.44020414352417,2.7910516262054443,2.4196629524230957,1.3060826063156128,2.6432175636291504,4.028517246246338,3.42433500289917,3.36405086517334,4.467769622802734,3.6146628856658936
1.01315438747406,1.177427053451538,1.3516846895217896,1.645531177520752,1.9004520177841187,1.8422623872756958,1.5380611419677734,1.4213935136795044,1.3747872114181519,1.316878318786621,1.4426101446151733,1.648255705833435,1.7540745735168457,1.9746837615966797,1.9588063955307007,1.8072923421859741,1.784882664680481,1.1229722499847412,0.3504571318626404,0.5102725625038147,1.1083961725234985,1.4450390338897705,1.0671075582504272,1.1266555786132812,1.646043300628662,1.8670592308044434,1.3079383373260498,0.4577566981315613,0.3852829039096832,1.4519262313842773,2.761552333831787,2.4940783977508545,0.9286952614784241,1.1016420125961304,1.9930620193481445,1.9828059673309326,1.7984037399291992,2.9529051780700684,4.111447811126709,3.599184513092041,3.6491241455078125,4.698451519012451,4.20988655090332
0.8929246664047241,1.024332046508789,1.2637324333190918,1.518337368965149,1.6863757371902466,1.7329484224319458,1.5309120416641235,1.3714958429336548,1.4973859786987305,1.5844720602035522,1.6448010206222534,1.5704182386398315,1.9853421449661255,2.04339599609375,1.961011290550232,1.8641911745071411,1.7072721719741821,0.9940478205680847,0.6256909370422363,0.9298452734947205,1.1686698198318481,1.2352944612503052,0.9581778049468994,1.0315630435943604,0.8334604501724243,0.6278895139694214,0.941382646560669,0.8504955172538757,0.6583213210105896,1.5323784351348877,3.1097054481506348,2.3141472339630127,0.5747433304786682,0.4584745764732361,0.5864264965057373,0.9628084301948547,2.169245481491089,3.8358418941497803,3.691037654876709,3.0287647247314453,3.8081722259521484,4.564992904663086,3.7443854808807373
0.8123534321784973,0.9128050208091736,1.12775456905365,1.4196443557739258,1.441238522529602,1.6896108388900757,1.6028077602386475,1.2280887365341187,1.2802544832229614,1.7134411334991455,1.855618953704834,1.578283667564392,1.8514368534088135,2.283853769302368,2.233471632003784,2.1044580936431885,2.2186782360076904,1.831091284751892,1.344050645828247,1.2658820152282715,1.2908192873001099,1.3240042924880981,1.1108790636062622,-0.33739805221557617,-1.9235608577728271,-1.1499228477478027,0.8785017132759094,1.9059059619903564,1.6574201583862305,2.2021710872650146,2.809035539627075,1.3232568502426147,0.8253197073936462,1.2306169271469116,0.5715065598487854,0.5923013091087341,2.388375759124756,4.097927093505859,4.034167289733887,3.2026870250701904,3.6536993980407715,4.644285678863525,4.199270248413086
0.7088742852210999,0.7887352108955383,1.0785763263702393,1.373043179512024,1.57158362865448,1.5279673337936401,1.2092729806900024,0.8768247961997986,1.031308889389038,1.809096097946167,2.152362108230591,1.7563689947128296,1.4915367364883423,1.75076425075531,2.3944036960601807,2.8577027320861816,2.988921642303467,2.496784210205078,2.0537877082824707,1.9194294214248657,1.7655261754989624,1.2873435020446777,0.6764515042304993,-1.0816031694412231,-2.852621078491211,-1.8037652969360352,0.6667520403862,2.3227791786193848,2.6243820190429688,2.0707638263702393,0.4679965078830719,-0.44834691286087036,0.6417425870895386,1.8764963150024414,1.6822582483291626,1.1885265111923218,2.240518093109131,3.517817974090576,4.036478042602539,3.5410878658294678,3.7695720195770264,4.392913818359375,4.5614800453186035
0.5441000461578369,0.6157419085502625,1.0898059606552124,1.5688529014587402,1.9013679027557373,1.7260972261428833,1.4143136739730835,1.3655738830566406,1.568772792816162,1.6991111040115356,1.8097347021102905,1.8311432600021362,1.43024480342865,1.5095096826553345,2.1410024166107178,2.635383367538452,2.3810055255889893,1.569366455078125,1.3196172714233398,1.5859203338623047,1.7519636154174805,1.4126873016357422,0.6657446622848511,-1.150146722793579,-2.860926866531372,-2.4605512619018555,-0.2629092335700989,1.7481216192245483,2.3350400924682617,1.7717151641845703,0.40293529629707336,-0.5253937244415283,0.0930429995059967,1.7182081937789917,2.710787773132324,2.303173065185547,2.3892226219177246,2.982142210006714,2.9252583980560303,3.4188578128814697,3.926909923553467,4.307438373565674,4.168812274932861
0.802876889705658,0.9491474032402039,1.2482167482376099,1.5953621864318848,1.8204383850097656,1.7799651622772217,1.620798945426941,1.8027037382125854,1.9987971782684326,1.702561616897583,1.5049715042114258,1.7759590148925781,1.7915195226669312,1.7797139883041382,1.9627107381820679,1.8562575578689575,1.183295726776123,0.8734133243560791,1.1353694200515747,1.536165475845337,1.4639098644256592,1.2302815914154053,0.2643955945968628,-1.5548393726348877,-2.800145387649536,-2.806946277618408,-1.4974071979522705,0.9472466707229614,2.5638701915740967,2.9061901569366455,1.463943362236023,-0.2424958050251007,-0.23201309144496918,1.245334506034851,2.5304431915283203,2.8788745403289795,2.7840828895568848,2.2740471363067627,1.7446857690811157,2.6841087341308594,4.261449813842773,4.850902080535889,3.7268106937408447
0.7661135196685791,0.9107707142829895,1.2255045175552368,1.5013718605041504,1.7961467504501343,1.9383807182312012,1.9238544702529907,2.0786333084106445,2.0052859783172607,1.82891845703125,1.5202748775482178,1.5789127349853516,1.7319066524505615,1.9078330993652344,2.2689952850341797,1.6683951616287231,0.6448358297348022,0.6747620105743408,1.3947477340698242,1.7432156801223755,1.1029895544052124,0.37388381361961365,-0.26256462931632996,-1.3397008180618286,-2.3308961391448975,-2.6949267387390137,-2.2434327602386475,0.05623483657836914,2.130312442779541,2.505983829498291,1.4450277090072632,0.46725454926490784,0.40640389919281006,1.3500568866729736,2.3341383934020996,2.83160662651062,2.4689865112304688,2.2956418991088867,2.0888242721557617,3.0681960582733154,4.371094703674316,4.963003635406494,2.879542589187622
0.9044325351715088,1.0524061918258667,1.2087986469268799,1.4826183319091797,1.9281642436981201,1.945675253868103,1.6637877225875854,1.5378919839859009,1.480440616607666,1.7621432542800903,1.8929404020309448,2.0199058055877686,1.9356380701065063,2.012045383453369,2.379059076309204,1.921020269393921,0.6929438710212708,0.7130106687545776,1.3843189477920532,1.251323938369751,0.9911512732505798,0.23841217160224915,-0.2862437069416046,-0.5811673998832703,-1.5630913972854614,-2.0824882984161377,-1.666407823562622,-0.21204312145709991,1.8494254350662231,1.90541410446167,0.7138819694519043,0.89577716588974,1.5223848819732666,1.9069076776504517,2.1415212154388428,2.1464450359344482,1.8488997220993042,1.7590830326080322,2.165499210357666,3.250283718109131,4.389642715454102,4.023200511932373,1.7302173376083374
